dsa24	0.05882353,0.05555556,0.02614379,0.00000000,0.04575163,0.02614379,0.04248366,0.01960784,0.00980392,0.00653595,0.04901961,0.04248366,0.01633987,0.00326797,0.04901961,0.02287582,0.00326797,0.01633987,0.00326797,0.00980392,0.00326797,0.00653595,0.01307190,0.04248366,0.00326797,0.03267974,0.00653595,0.00000000,0.00326797,0.05228758,0.00653595,0.03921569,0.01960784,0.01307190,0.03267974,0.01307190,0.01307190,0.00000000,0.07189542,0.02287582,0.00000000,0.01960784,0.00653595,0.00326797,0.00653595,0.00653595,0.00980392,0.00326797,0.02614379,0.01633987
saa128	0.03773585,0.07547170,0.07547170,0.00000000,0.11320755,0.01886792,0.00000000,0.00000000,0.00000000,0.00000000,0.05660377,0.05660377,0.01886792,0.00000000,0.07547170,0.05660377,0.01886792,0.00000000,0.00000000,0.00000000,0.00000000,0.00000000,0.00000000,0.15094340,0.05660377,0.00000000,0.03773585,0.01886792,0.00000000,0.05660377,0.00000000,0.00000000,0.00000000,0.00000000,0.00000000,0.00000000,0.00000000,0.00000000,0.00000000,0.00000000,0.00000000,0.00000000,0.05660377,0.01886792,0.00000000,0.00000000,0.00000000,0.00000000,0.00000000,0.00000000
jhb32	0.02105263,0.02947368,0.01263158,0.01473684,0.02947368,0.00421053,0.05052632,0.01263158,0.01473684,0.01894737,0.01263158,0.04210526,0.01052632,0.01684211,0.05473684,0.01052632,0.01894737,0.01263158,0.01052632,0.02736842,0.00421053,0.00631579,0.02105263,0.03789474,0.00631579,0.01473684,0.05052632,0.02105263,0.00842105,0.03368421,0.00842105,0.01263158,0.02526316,0.00842105,0.02947368,0.00842105,0.00631579,0.01052632,0.04421053,0.01263158,0.00631579,0.02526316,0.03157895,0.01052632,0.02947368,0.01894737,0.01052632,0.03157895,0.02947368,0.01052632
snb39	0.01690617,0.02366864,0.00591716,0.01098901,0.00422654,0.00084531,0.07438715,0.00591716,0.06001691,0.01183432,0.01183432,0.06170752,0.01183432,0.03803888,0.04311074,0.00845309,0.00760778,0.01098901,0.01521555,0.03212172,0.00591716,0.02282333,0.03296703,0.01267963,0.00338123,0.00845309,0.01183432,0.00084531,0.00253593,0.01944210,0.00084531,0.01352494,0.02704987,0.00760778,0.01437025,0.00507185,0.00084531,0.00760778,0.11918850,0.04733728,0.03043111,0.03296703,0.00929839,0.00338123,0.00591716,0.01352494,0.02874049,0.00845309,0.02451395,0.02282333
nrg14	0.01550388,0.02713178,0.01550388,0.00775194,0.05426357,0.01162791,0.01550388,0.00775194,0.00387597,0.00387597,0.00000000,0.00387597,0.00000000,0.00000000,0.05813953,0.00775194,0.00387597,0.02713178,0.01937984,0.03875969,0.01550388,0.00000000,0.01550388,0.02325581,0.00000000,0.00000000,0.01550388,0.00000000,0.00387597,0.09302326,0.03100775,0.00775194,0.07364341,0.02713178,0.06589147,0.02325581,0.02325581,0.01162791,0.01937984,0.00000000,0.00000000,0.01937984,0.06589147,0.02713178,0.00775194,0.00387597,0.04263566,0.01162791,0.04263566,0.00775194
pmp27	0.03102190,0.00547445,0.00000000,0.00547445,0.01094891,0.00547445,0.07116788,0.00729927,0.05109489,0.00912409,0.02919708,0.04379562,0.00000000,0.03467153,0.06204380,0.01459854,0.01459854,0.01824818,0.00912409,0.02372263,0.00182482,0.01642336,0.02554745,0.02372263,0.00182482,0.01642336,0.02554745,0.00547445,0.00912409,0.03284672,0.00182482,0.02554745,0.01824818,0.00729927,0.01277372,0.00364964,0.00000000,0.00729927,0.11313869,0.03102190,0.02554745,0.03467153,0.01277372,0.00364964,0.01459854,0.00729927,0.02007299,0.01094891,0.02554745,0.01824818
rdp23	0.03291139,0.05063291,0.02784810,0.01518987,0.03037975,0.01518987,0.02531646,0.01012658,0.00759494,0.01012658,0.00253165,0.03291139,0.01518987,0.00759494,0.06329114,0.00253165,0.01772152,0.02531646,0.01518987,0.04050633,0.00759494,0.01012658,0.01772152,0.01772152,0.01012658,0.00506329,0.02784810,0.01012658,0.01012658,0.06835443,0.01518987,0.01772152,0.03291139,0.01265823,0.03797468,0.01265823,0.00759494,0.01012658,0.03797468,0.01012658,0.00253165,0.01518987,0.04050633,0.01772152,0.01772152,0.01772152,0.02278481,0.00759494,0.02784810,0.00253165
mjm248	0.01543210,0.03086420,0.01543210,0.00308642,0.02777778,0.00617284,0.00617284,0.00000000,0.00000000,0.01234568,0.00308642,0.01851852,0.00617284,0.00308642,0.04320988,0.00000000,0.01234568,0.01851852,0.01234568,0.07098765,0.00617284,0.02160494,0.04320988,0.01851852,0.00925926,0.00000000,0.03703704,0.01234568,0.01234568,0.06172840,0.01543210,0.01543210,0.03395062,0.00925926,0.03086420,0.00925926,0.01234568,0.00308642,0.04629630,0.00308642,0.00000000,0.01234568,0.04012346,0.02777778,0.05555556,0.00925926,0.06790123,0.02777778,0.04320988,0.00925926
ams396	0.03553299,0.04568528,0.03045685,0.01015228,0.05076142,0.01015228,0.02030457,0.01522843,0.00000000,0.00000000,0.01015228,0.02538071,0.01015228,0.00507614,0.07614213,0.01522843,0.01522843,0.02030457,0.01522843,0.03045685,0.01015228,0.00000000,0.02030457,0.04060914,0.00507614,0.00507614,0.03553299,0.01015228,0.00507614,0.06091371,0.02538071,0.02538071,0.02538071,0.01015228,0.05583756,0.02538071,0.01015228,0.01015228,0.03045685,0.01522843,0.00000000,0.01015228,0.03045685,0.01522843,0.01522843,0.00507614,0.01522843,0.01015228,0.02538071,0.00507614
jmk195	0.00303030,0.00303030,0.00000000,0.00303030,0.00151515,0.00151515,0.06060606,0.00151515,0.05151515,0.00151515,0.00151515,0.04696970,0.00303030,0.04090909,0.06969697,0.00303030,0.01212121,0.04090909,0.01212121,0.01818182,0.00000000,0.01666667,0.04242424,0.00454545,0.00000000,0.00454545,0.01515152,0.00606061,0.00303030,0.04545455,0.00000000,0.03636364,0.01666667,0.00606061,0.00151515,0.00000000,0.00000000,0.00151515,0.14242424,0.03787879,0.03181818,0.06363636,0.00454545,0.00151515,0.02272727,0.01060606,0.02121212,0.00303030,0.04696970,0.03787879
atg23	0.01086957,0.04347826,0.01086957,0.01086957,0.02173913,0.00000000,0.06521739,0.03260870,0.01086957,0.02173913,0.00000000,0.04347826,0.00000000,0.02173913,0.03260870,0.00000000,0.01086957,0.01086957,0.01086957,0.01086957,0.00000000,0.01086957,0.04347826,0.04347826,0.01086957,0.00000000,0.03260870,0.00000000,0.00000000,0.04347826,0.02173913,0.00000000,0.01086957,0.00000000,0.05434783,0.01086957,0.00000000,0.03260870,0.05434783,0.04347826,0.02173913,0.00000000,0.03260870,0.02173913,0.02173913,0.00000000,0.03260870,0.01086957,0.04347826,0.03260870
jaw154	0.02564103,0.10256410,0.03846154,0.06410256,0.00000000,0.00000000,0.00000000,0.00000000,0.00000000,0.00000000,0.01282051,0.06410256,0.03846154,0.00000000,0.05128205,0.00000000,0.01282051,0.02564103,0.01282051,0.06410256,0.02564103,0.02564103,0.00000000,0.00000000,0.00000000,0.00000000,0.01282051,0.01282051,0.00000000,0.06410256,0.01282051,0.02564103,0.02564103,0.01282051,0.03846154,0.03846154,0.00000000,0.00000000,0.05128205,0.03846154,0.00000000,0.00000000,0.02564103,0.02564103,0.01282051,0.01282051,0.01282051,0.00000000,0.01282051,0.00000000
tjg49	0.00000000,0.01086957,0.00000000,0.01086957,0.00000000,0.00000000,0.10326087,0.00543478,0.09239130,0.01086957,0.00000000,0.08695652,0.00543478,0.07065217,0.04347826,0.01086957,0.00543478,0.01086957,0.01630435,0.01086957,0.00000000,0.01086957,0.03260870,0.01086957,0.00543478,0.00543478,0.00543478,0.00000000,0.00000000,0.01630435,0.00000000,0.01630435,0.01630435,0.01086957,0.00543478,0.00000000,0.00000000,0.00543478,0.13043478,0.06521739,0.05434783,0.03804348,0.00000000,0.00000000,0.00543478,0.01086957,0.02717391,0.00543478,0.01630435,0.01086957
mac276	0.03225806,0.08387097,0.03870968,0.00645161,0.07096774,0.02580645,0.00645161,0.00000000,0.00000000,0.01935484,0.07741935,0.03225806,0.01290323,0.00000000,0.06451613,0.01290323,0.01935484,0.00645161,0.01290323,0.01290323,0.00645161,0.00000000,0.00645161,0.04516129,0.00645161,0.00000000,0.05161290,0.00645161,0.00645161,0.03870968,0.01935484,0.00645161,0.05161290,0.01290323,0.03225806,0.01290323,0.01290323,0.00000000,0.01290323,0.00000000,0.00000000,0.00645161,0.02580645,0.00000000,0.01935484,0.03225806,0.00645161,0.00645161,0.03225806,0.00645161
hwf2	0.05072464,0.05072464,0.01449275,0.02173913,0.02898551,0.01449275,0.04347826,0.02898551,0.00724638,0.00724638,0.02173913,0.02173913,0.00724638,0.00724638,0.02173913,0.00724638,0.00000000,0.00724638,0.00000000,0.07971014,0.02173913,0.00724638,0.02898551,0.00724638,0.00000000,0.00724638,0.02173913,0.00000000,0.01449275,0.04347826,0.02173913,0.00724638,0.02898551,0.00724638,0.07971014,0.02173913,0.01449275,0.02898551,0.02898551,0.00724638,0.00000000,0.00000000,0.04347826,0.01449275,0.01449275,0.00724638,0.04347826,0.00724638,0.02173913,0.00724638
wah7	0.04545455,0.04545455,0.00000000,0.04545455,0.00000000,0.00000000,0.13636364,0.00000000,0.09090909,0.00000000,0.00000000,0.09090909,0.04545455,0.04545455,0.00000000,0.00000000,0.00000000,0.00000000,0.00000000,0.04545455,0.00000000,0.04545455,0.00000000,0.04545455,0.00000000,0.04545455,0.00000000,0.00000000,0.00000000,0.00000000,0.00000000,0.00000000,0.00000000,0.00000000,0.00000000,0.00000000,0.00000000,0.00000000,0.13636364,0.04545455,0.04545455,0.00000000,0.04545455,0.00000000,0.00000000,0.00000000,0.00000000,0.00000000,0.00000000,0.00000000
mhr19	0.03672316,0.04802260,0.01694915,0.01977401,0.03672316,0.01977401,0.05084746,0.02259887,0.01412429,0.00282486,0.00564972,0.03672316,0.01129944,0.01129944,0.04237288,0.00564972,0.00847458,0.01977401,0.00847458,0.03389831,0.01412429,0.00847458,0.00564972,0.02542373,0.00847458,0.00282486,0.02824859,0.00847458,0.00847458,0.06779661,0.02542373,0.01412429,0.01977401,0.00000000,0.06497175,0.02542373,0.01694915,0.01977401,0.03954802,0.02259887,0.00847458,0.01412429,0.03672316,0.01129944,0.01129944,0.00282486,0.00847458,0.01694915,0.00847458,0.00282486
rwm27	0.00000000,0.10625000,0.07500000,0.01875000,0.01875000,0.01875000,0.03750000,0.01250000,0.00625000,0.00625000,0.00000000,0.02500000,0.00625000,0.01250000,0.07500000,0.04375000,0.01250000,0.00625000,0.01250000,0.03125000,0.01250000,0.00000000,0.00625000,0.05625000,0.03750000,0.01250000,0.02500000,0.01875000,0.00625000,0.02500000,0.02500000,0.00000000,0.02500000,0.01250000,0.06250000,0.03750000,0.01250000,0.00625000,0.00625000,0.00625000,0.00000000,0.00000000,0.04375000,0.00000000,0.00000000,0.01250000,0.00625000,0.00000000,0.01875000,0.00000000
mlk93	0.02109705,0.06751055,0.03797468,0.01687764,0.06329114,0.00421941,0.02953586,0.02531646,0.00421941,0.00843882,0.01265823,0.05485232,0.02109705,0.01265823,0.05907173,0.02531646,0.01265823,0.01265823,0.00843882,0.02531646,0.01265823,0.00843882,0.00843882,0.06329114,0.02531646,0.00843882,0.02953586,0.02109705,0.00000000,0.02109705,0.00421941,0.00843882,0.02531646,0.01265823,0.04219409,0.02109705,0.01265823,0.00421941,0.03797468,0.02531646,0.00000000,0.01265823,0.01265823,0.00000000,0.00000000,0.00843882,0.00843882,0.00843882,0.01687764,0.01687764
kko4	0.07017544,0.07017544,0.02631579,0.01315789,0.07017544,0.00877193,0.00877193,0.00438596,0.00000000,0.00877193,0.02192982,0.05263158,0.01754386,0.00438596,0.06140351,0.01754386,0.02631579,0.01315789,0.00438596,0.03947368,0.01315789,0.00877193,0.01315789,0.06578947,0.00877193,0.00438596,0.05263158,0.03070175,0.02192982,0.03070175,0.00877193,0.00000000,0.02192982,0.01315789,0.03070175,0.01315789,0.01315789,0.00000000,0.01315789,0.00438596,0.00000000,0.00000000,0.03070175,0.00877193,0.00438596,0.00877193,0.01754386,0.00438596,0.01315789,0.00438596
afd10	0.02317881,0.03476821,0.02152318,0.00993377,0.02814570,0.00827815,0.04966887,0.01324503,0.01821192,0.00662252,0.01490066,0.03973510,0.00496689,0.02152318,0.05463576,0.00662252,0.01324503,0.01324503,0.01986755,0.02152318,0.00662252,0.00827815,0.02152318,0.01490066,0.00496689,0.00331126,0.03145695,0.00827815,0.00165563,0.03973510,0.01655629,0.01324503,0.04304636,0.01655629,0.04139073,0.02152318,0.01158940,0.00827815,0.05629139,0.01986755,0.01324503,0.01986755,0.02317881,0.01490066,0.01655629,0.01655629,0.02317881,0.01490066,0.02814570,0.01655629
mjd78	0.02336449,0.01168224,0.00000000,0.00700935,0.01401869,0.00467290,0.10280374,0.03738318,0.03738318,0.01401869,0.01401869,0.06074766,0.00700935,0.04906542,0.02803738,0.00700935,0.00700935,0.00934579,0.00467290,0.02336449,0.00233645,0.01635514,0.01869159,0.01635514,0.00000000,0.00934579,0.02102804,0.00467290,0.01401869,0.02570093,0.00467290,0.01869159,0.01168224,0.00233645,0.05140187,0.00233645,0.00467290,0.03271028,0.08644860,0.04439252,0.04205607,0.01635514,0.02336449,0.00700935,0.00233645,0.01401869,0.00467290,0.00700935,0.02102804,0.01168224
sws19	0.01149425,0.13793103,0.08045977,0.02298851,0.06896552,0.01149425,0.00000000,0.00000000,0.00000000,0.00000000,0.01149425,0.04597701,0.01149425,0.00000000,0.08045977,0.05747126,0.00000000,0.00000000,0.00000000,0.02298851,0.01149425,0.00000000,0.01149425,0.09195402,0.05747126,0.00000000,0.06896552,0.03448276,0.00000000,0.02298851,0.01149425,0.00000000,0.02298851,0.00000000,0.02298851,0.01149425,0.01149425,0.00000000,0.00000000,0.00000000,0.00000000,0.00000000,0.01149425,0.00000000,0.00000000,0.01149425,0.00000000,0.03448276,0.00000000,0.00000000
rkh9	0.01515152,0.02272727,0.01515152,0.00000000,0.02272727,0.00757576,0.03787879,0.00000000,0.02272727,0.02272727,0.00000000,0.02272727,0.00757576,0.00000000,0.06818182,0.00000000,0.00757576,0.05303030,0.00757576,0.00000000,0.00000000,0.00000000,0.03030303,0.00000000,0.00000000,0.00000000,0.01515152,0.00000000,0.00000000,0.07575758,0.03787879,0.03787879,0.03787879,0.03030303,0.05303030,0.00757576,0.01515152,0.01515152,0.07575758,0.02272727,0.00000000,0.03787879,0.02272727,0.01515152,0.01515152,0.02272727,0.00757576,0.02272727,0.05303030,0.01515152
skm37	0.01459854,0.05109489,0.00729927,0.03649635,0.03649635,0.00729927,0.06569343,0.01459854,0.02189781,0.00729927,0.00000000,0.03649635,0.01459854,0.01459854,0.01459854,0.00000000,0.00000000,0.01459854,0.00000000,0.05109489,0.02919708,0.01459854,0.02189781,0.02189781,0.00000000,0.00729927,0.02189781,0.00729927,0.00729927,0.04379562,0.02189781,0.00729927,0.01459854,0.00729927,0.08029197,0.02189781,0.02189781,0.03649635,0.04379562,0.02919708,0.00729927,0.00729927,0.03649635,0.01459854,0.01459854,0.02189781,0.00729927,0.00729927,0.01459854,0.00000000
ril13	0.00259067,0.05958549,0.03626943,0.01295337,0.04663212,0.02331606,0.02072539,0.00777202,0.00518135,0.00518135,0.00000000,0.03626943,0.01554404,0.00259067,0.05181347,0.00518135,0.01813472,0.02331606,0.00518135,0.03108808,0.01554404,0.00518135,0.02331606,0.02590674,0.01295337,0.00259067,0.06217617,0.02849741,0.01295337,0.07512953,0.03108808,0.00259067,0.02590674,0.00259067,0.05699482,0.01813472,0.01295337,0.01295337,0.01295337,0.00518135,0.00000000,0.00518135,0.06476684,0.01295337,0.00259067,0.00777202,0.01813472,0.01813472,0.01554404,0.00000000
skw17	0.00000000,0.06578947,0.00000000,0.03947368,0.06578947,0.02631579,0.03947368,0.01315789,0.01315789,0.00000000,0.00000000,0.00000000,0.00000000,0.00000000,0.02631579,0.00000000,0.01315789,0.01315789,0.00000000,0.06578947,0.03947368,0.01315789,0.01315789,0.03947368,0.00000000,0.00000000,0.01315789,0.00000000,0.01315789,0.06578947,0.03947368,0.00000000,0.02631579,0.00000000,0.09210526,0.05263158,0.02631579,0.01315789,0.02631579,0.00000000,0.00000000,0.02631579,0.05263158,0.02631579,0.00000000,0.02631579,0.01315789,0.00000000,0.00000000,0.00000000
kan63	0.03703704,0.11111111,0.03703704,0.03703704,0.03703704,0.01851852,0.03703704,0.01851852,0.01851852,0.00000000,0.00000000,0.05555556,0.01851852,0.01851852,0.05555556,0.01851852,0.00000000,0.01851852,0.00000000,0.03703704,0.01851852,0.00000000,0.01851852,0.03703704,0.01851852,0.01851852,0.00000000,0.00000000,0.00000000,0.03703704,0.01851852,0.01851852,0.00000000,0.00000000,0.05555556,0.03703704,0.01851852,0.00000000,0.03703704,0.03703704,0.01851852,0.00000000,0.01851852,0.00000000,0.00000000,0.01851852,0.00000000,0.00000000,0.00000000,0.00000000
sjt27	0.00000000,0.06666667,0.03333333,0.01666667,0.01666667,0.00000000,0.01666667,0.00000000,0.00000000,0.00000000,0.00000000,0.03333333,0.03333333,0.00000000,0.05000000,0.00000000,0.00000000,0.00000000,0.05000000,0.03333333,0.00000000,0.01666667,0.00000000,0.01666667,0.00000000,0.01666667,0.01666667,0.00000000,0.01666667,0.06666667,0.01666667,0.01666667,0.08333333,0.05000000,0.01666667,0.00000000,0.01666667,0.00000000,0.03333333,0.01666667,0.00000000,0.01666667,0.10000000,0.05000000,0.00000000,0.01666667,0.01666667,0.00000000,0.05000000,0.00000000
jrw98	0.00000000,0.04011461,0.02005731,0.01432665,0.01432665,0.00573066,0.08309456,0.02578797,0.04584527,0.01146132,0.00000000,0.05157593,0.01146132,0.03151862,0.03151862,0.00286533,0.01146132,0.01146132,0.00286533,0.02292264,0.01432665,0.00573066,0.03724928,0.01719198,0.00286533,0.00573066,0.02005731,0.00859599,0.00286533,0.03438395,0.00859599,0.01432665,0.00859599,0.00000000,0.05444126,0.02005731,0.00573066,0.02578797,0.08022923,0.04297994,0.03151862,0.01146132,0.01719198,0.00859599,0.00573066,0.02005731,0.00573066,0.01719198,0.02005731,0.01432665
jme42	0.01562500,0.07812500,0.04166667,0.01041667,0.04687500,0.01562500,0.05208333,0.02604167,0.00520833,0.00520833,0.01562500,0.04687500,0.02083333,0.01041667,0.05729167,0.02604167,0.01562500,0.01562500,0.00000000,0.02083333,0.00520833,0.01041667,0.00520833,0.05729167,0.01041667,0.03125000,0.02604167,0.01041667,0.00520833,0.04166667,0.01562500,0.02083333,0.00000000,0.00000000,0.04687500,0.02083333,0.01041667,0.00520833,0.04166667,0.02604167,0.01041667,0.00520833,0.02083333,0.01041667,0.01041667,0.01041667,0.00520833,0.00000000,0.00520833,0.00520833
teh26	0.08333333,0.16666667,0.00000000,0.00000000,0.00000000,0.00000000,0.08333333,0.08333333,0.00000000,0.00000000,0.00000000,0.00000000,0.00000000,0.00000000,0.08333333,0.00000000,0.00000000,0.08333333,0.00000000,0.00000000,0.00000000,0.00000000,0.00000000,0.00000000,0.00000000,0.00000000,0.00000000,0.00000000,0.00000000,0.08333333,0.00000000,0.08333333,0.00000000,0.00000000,0.08333333,0.08333333,0.00000000,0.00000000,0.08333333,0.00000000,0.00000000,0.00000000,0.00000000,0.00000000,0.00000000,0.00000000,0.00000000,0.00000000,0.00000000,0.00000000
bpc20	0.00273973,0.04383562,0.00273973,0.03835616,0.02739726,0.00821918,0.08219178,0.02739726,0.04109589,0.00821918,0.00000000,0.07123288,0.02191781,0.03287671,0.01369863,0.00273973,0.00547945,0.00547945,0.00000000,0.05479452,0.01917808,0.02465753,0.01095890,0.01917808,0.00547945,0.01369863,0.02191781,0.00547945,0.01095890,0.01917808,0.00547945,0.01095890,0.00000000,0.00000000,0.05753425,0.01369863,0.01095890,0.02739726,0.07945205,0.06027397,0.02465753,0.01095890,0.01643836,0.00273973,0.00821918,0.00547945,0.01095890,0.00000000,0.01095890,0.00273973
jdh99	0.00000000,0.03985507,0.01811594,0.00362319,0.06521739,0.01086957,0.04710145,0.01449275,0.01086957,0.01086957,0.00000000,0.04710145,0.02173913,0.01086957,0.04347826,0.00000000,0.01449275,0.01086957,0.01811594,0.02536232,0.01086957,0.01449275,0.03985507,0.03985507,0.00724638,0.00724638,0.05797101,0.03260870,0.01086957,0.02536232,0.01449275,0.00362319,0.03260870,0.00724638,0.03985507,0.00362319,0.01449275,0.02173913,0.03985507,0.01086957,0.00000000,0.01811594,0.03260870,0.00000000,0.00724638,0.03623188,0.02173913,0.01086957,0.01811594,0.00724638
wli1	0.00000000,0.06896552,0.04022989,0.02298851,0.01724138,0.00574713,0.01724138,0.00574713,0.00574713,0.01149425,0.00000000,0.03448276,0.02298851,0.00574713,0.06321839,0.00574713,0.01724138,0.02873563,0.01149425,0.04597701,0.01149425,0.02298851,0.01149425,0.01724138,0.00574713,0.00000000,0.03448276,0.00000000,0.01149425,0.05747126,0.02873563,0.01724138,0.02873563,0.01149425,0.04597701,0.02873563,0.01149425,0.00000000,0.05172414,0.02298851,0.00574713,0.02298851,0.02873563,0.01149425,0.01149425,0.00574713,0.02298851,0.01149425,0.02298851,0.00574713
jum48	0.01904762,0.05714286,0.04761905,0.00952381,0.03809524,0.00952381,0.02857143,0.00000000,0.01904762,0.00952381,0.00952381,0.03809524,0.02857143,0.00000000,0.06666667,0.01904762,0.02857143,0.00952381,0.00952381,0.01904762,0.00000000,0.01904762,0.01904762,0.03809524,0.00952381,0.01904762,0.04761905,0.01904762,0.00000000,0.04761905,0.01904762,0.00000000,0.01904762,0.00952381,0.03809524,0.00952381,0.02857143,0.00000000,0.03809524,0.01904762,0.00000000,0.01904762,0.02857143,0.01904762,0.00952381,0.00952381,0.00952381,0.01904762,0.01904762,0.00000000
doc23	0.00000000,0.09876543,0.04938272,0.04938272,0.04938272,0.02469136,0.02469136,0.02469136,0.00000000,0.00000000,0.00000000,0.02469136,0.01234568,0.00000000,0.04938272,0.01234568,0.03703704,0.00000000,0.00000000,0.04938272,0.03703704,0.00000000,0.02469136,0.06172840,0.02469136,0.00000000,0.04938272,0.01234568,0.00000000,0.03703704,0.01234568,0.01234568,0.01234568,0.00000000,0.07407407,0.02469136,0.01234568,0.01234568,0.01234568,0.01234568,0.00000000,0.00000000,0.02469136,0.00000000,0.00000000,0.02469136,0.00000000,0.01234568,0.00000000,0.00000000
aag45	0.00000000,0.02908277,0.00894855,0.01342282,0.02908277,0.00671141,0.06935123,0.01342282,0.03131991,0.00671141,0.00000000,0.05816555,0.01342282,0.02908277,0.03579418,0.01342282,0.00894855,0.00671141,0.00447427,0.02684564,0.01118568,0.00447427,0.01789709,0.03131991,0.00223714,0.01789709,0.04250559,0.02237136,0.00894855,0.03579418,0.00894855,0.01565996,0.02237136,0.00671141,0.04026846,0.01118568,0.00894855,0.01565996,0.06263982,0.03355705,0.02013423,0.02237136,0.04697987,0.01789709,0.00671141,0.00671141,0.01118568,0.01118568,0.02237136,0.00894855
wag7	0.00000000,0.05978261,0.05434783,0.00000000,0.05978261,0.01086957,0.01086957,0.00000000,0.00543478,0.01086957,0.00000000,0.01630435,0.00543478,0.00000000,0.06521739,0.02173913,0.00543478,0.02173913,0.01630435,0.02717391,0.01630435,0.00000000,0.02173913,0.05978261,0.03260870,0.00000000,0.04891304,0.01086957,0.02717391,0.04891304,0.01086957,0.00543478,0.03804348,0.01086957,0.04347826,0.00543478,0.02717391,0.01086957,0.02173913,0.00543478,0.00000000,0.01086957,0.04891304,0.01086957,0.01086957,0.02173913,0.00000000,0.02173913,0.03260870,0.00543478
rde8	0.00671141,0.05369128,0.01342282,0.02684564,0.02013423,0.00671141,0.04026846,0.00000000,0.02684564,0.02013423,0.00671141,0.04026846,0.00000000,0.02013423,0.02013423,0.00671141,0.00000000,0.00000000,0.01342282,0.04697987,0.02684564,0.00671141,0.01342282,0.02013423,0.00671141,0.00671141,0.00000000,0.00000000,0.00000000,0.04697987,0.00671141,0.01342282,0.02013423,0.01342282,0.05369128,0.04026846,0.00000000,0.01342282,0.07382550,0.04026846,0.02013423,0.00671141,0.03355705,0.03355705,0.02684564,0.00000000,0.02013423,0.01342282,0.05369128,0.02013423
kbs29	0.01257862,0.06918239,0.00943396,0.04088050,0.00943396,0.00314465,0.09748428,0.05345912,0.02515723,0.00628931,0.01257862,0.05974843,0.02515723,0.02515723,0.02830189,0.00943396,0.00314465,0.00943396,0.00628931,0.04402516,0.02201258,0.00943396,0.00000000,0.02515723,0.00314465,0.01886792,0.00628931,0.00628931,0.00000000,0.01886792,0.00000000,0.01572327,0.00943396,0.00314465,0.07861635,0.02515723,0.00000000,0.04402516,0.05345912,0.04088050,0.01886792,0.01257862,0.01572327,0.00628931,0.00000000,0.00314465,0.00314465,0.00000000,0.00628931,0.00314465
dkd15	0.00000000,0.13513514,0.10810811,0.00000000,0.02702703,0.00000000,0.00000000,0.00000000,0.00000000,0.00000000,0.05405405,0.00000000,0.00000000,0.00000000,0.13513514,0.02702703,0.02702703,0.05405405,0.02702703,0.00000000,0.00000000,0.00000000,0.02702703,0.02702703,0.00000000,0.00000000,0.02702703,0.00000000,0.00000000,0.05405405,0.05405405,0.00000000,0.05405405,0.00000000,0.05405405,0.02702703,0.00000000,0.00000000,0.00000000,0.00000000,0.00000000,0.00000000,0.00000000,0.00000000,0.00000000,0.05405405,0.02702703,0.00000000,0.00000000,0.00000000
ecu4	0.00770713,0.03468208,0.01156069,0.01734104,0.02119461,0.00770713,0.09826590,0.02697495,0.05587669,0.00963391,0.00770713,0.05973025,0.01156069,0.04046243,0.02697495,0.00963391,0.00963391,0.00770713,0.00000000,0.02119461,0.00963391,0.00770713,0.01541426,0.03468208,0.00770713,0.01541426,0.01541426,0.00770713,0.00385356,0.02504817,0.00770713,0.01541426,0.00192678,0.00000000,0.05009634,0.00963391,0.00578035,0.03082852,0.08863198,0.05202312,0.03660886,0.01156069,0.01541426,0.00578035,0.00192678,0.01156069,0.00000000,0.00192678,0.01541426,0.00963391
mjg82	0.00523560,0.01047120,0.00523560,0.00523560,0.00785340,0.00000000,0.07329843,0.02094241,0.02356021,0.01308901,0.00000000,0.04450262,0.00523560,0.03141361,0.03926702,0.00523560,0.00261780,0.01570681,0.01047120,0.03664921,0.00785340,0.00785340,0.01832461,0.01832461,0.00000000,0.01308901,0.00785340,0.00000000,0.00261780,0.04188482,0.00000000,0.03403141,0.03403141,0.01308901,0.03403141,0.00261780,0.00523560,0.02356021,0.08376963,0.03926702,0.02879581,0.02617801,0.04188482,0.02094241,0.02879581,0.00523560,0.03664921,0.01308901,0.03664921,0.01832461
tar57	0.01734104,0.09826590,0.05202312,0.04046243,0.00578035,0.00578035,0.03468208,0.01734104,0.00000000,0.00000000,0.01156069,0.02312139,0.01156069,0.00578035,0.07514451,0.03468208,0.00578035,0.02312139,0.00578035,0.04624277,0.01734104,0.01734104,0.00578035,0.04046243,0.02890173,0.01156069,0.01734104,0.00578035,0.00578035,0.03468208,0.01734104,0.01156069,0.00578035,0.00578035,0.05780347,0.04046243,0.00578035,0.01156069,0.04046243,0.01156069,0.00000000,0.01156069,0.02890173,0.00578035,0.01156069,0.00000000,0.00578035,0.00000000,0.01734104,0.01156069
koj1	0.05882353,0.23529412,0.00000000,0.11764706,0.00000000,0.00000000,0.00000000,0.00000000,0.00000000,0.00000000,0.05882353,0.00000000,0.00000000,0.00000000,0.05882353,0.05882353,0.00000000,0.00000000,0.00000000,0.11764706,0.05882353,0.00000000,0.00000000,0.05882353,0.05882353,0.00000000,0.00000000,0.00000000,0.00000000,0.00000000,0.00000000,0.00000000,0.00000000,0.00000000,0.05882353,0.05882353,0.00000000,0.00000000,0.00000000,0.00000000,0.00000000,0.00000000,0.00000000,0.00000000,0.00000000,0.00000000,0.00000000,0.00000000,0.00000000,0.00000000
clk93	0.00970874,0.04692557,0.01456311,0.01779935,0.03883495,0.01132686,0.06796117,0.03074434,0.02427184,0.00970874,0.01456311,0.06796117,0.01618123,0.03398058,0.02588997,0.00485437,0.00809061,0.00485437,0.00647249,0.02750809,0.00970874,0.01132686,0.01456311,0.02588997,0.00647249,0.00647249,0.02912621,0.01618123,0.00647249,0.02912621,0.00485437,0.01941748,0.01294498,0.00323625,0.04692557,0.01618123,0.01132686,0.01456311,0.06472492,0.04854369,0.02427184,0.01132686,0.01941748,0.00485437,0.00485437,0.01618123,0.00323625,0.01132686,0.01456311,0.00970874
mjf68	0.03125000,0.04017857,0.01785714,0.00892857,0.08035714,0.02232143,0.00892857,0.00446429,0.00000000,0.01339286,0.02232143,0.02232143,0.01339286,0.00000000,0.03571429,0.01339286,0.00000000,0.01785714,0.00446429,0.03571429,0.01339286,0.00446429,0.03571429,0.04464286,0.00446429,0.00446429,0.04910714,0.01339286,0.01785714,0.05803571,0.02232143,0.00446429,0.03125000,0.01339286,0.06250000,0.01785714,0.03571429,0.00446429,0.01785714,0.00446429,0.00000000,0.00000000,0.04017857,0.01339286,0.00446429,0.01785714,0.01339286,0.01339286,0.03571429,0.00892857
res106	0.01432665,0.01432665,0.00143266,0.01002865,0.01002865,0.00286533,0.08882521,0.01575931,0.05014327,0.01002865,0.01719198,0.05300860,0.00429799,0.04011461,0.03008596,0.00573066,0.00143266,0.01146132,0.01146132,0.02865330,0.00286533,0.01862464,0.03581662,0.01289398,0.00000000,0.00859599,0.00573066,0.00143266,0.00000000,0.02148997,0.00143266,0.01862464,0.02722063,0.00716332,0.02435530,0.00286533,0.00000000,0.01719198,0.11891117,0.04441261,0.03581662,0.02435530,0.01719198,0.00143266,0.01289398,0.01575931,0.02292264,0.00573066,0.04154728,0.03151862
wsh5	0.02040816,0.04081633,0.00000000,0.00000000,0.04081633,0.02040816,0.06122449,0.02040816,0.02040816,0.00000000,0.00000000,0.08163265,0.02040816,0.02040816,0.04081633,0.00000000,0.00000000,0.00000000,0.02040816,0.00000000,0.00000000,0.00000000,0.02040816,0.04081633,0.00000000,0.04081633,0.02040816,0.02040816,0.00000000,0.06122449,0.00000000,0.04081633,0.04081633,0.00000000,0.04081633,0.02040816,0.02040816,0.00000000,0.06122449,0.04081633,0.00000000,0.02040816,0.04081633,0.00000000,0.00000000,0.00000000,0.02040816,0.04081633,0.00000000,0.00000000
jah208	0.00000000,0.08357349,0.05763689,0.02017291,0.01440922,0.00288184,0.05475504,0.01729107,0.02017291,0.00576369,0.00000000,0.04034582,0.01152738,0.01440922,0.08069164,0.03170029,0.02593660,0.01440922,0.00576369,0.03170029,0.00864553,0.01152738,0.00864553,0.05187320,0.03170029,0.01152738,0.03458213,0.01729107,0.01152738,0.02017291,0.00576369,0.00576369,0.00864553,0.00000000,0.03746398,0.02593660,0.00000000,0.01152738,0.04322767,0.02305476,0.01152738,0.01729107,0.02017291,0.00288184,0.00864553,0.01440922,0.00576369,0.00288184,0.00864553,0.00576369
mad205	0.00641026,0.05384615,0.01923077,0.02820513,0.02307692,0.00641026,0.05512821,0.01410256,0.02564103,0.01153846,0.00384615,0.04358974,0.01666667,0.01666667,0.04615385,0.01666667,0.01666667,0.00897436,0.00256410,0.04615385,0.01282051,0.01666667,0.01025641,0.04358974,0.01410256,0.01666667,0.03461538,0.01410256,0.01666667,0.02564103,0.00897436,0.00512821,0.00769231,0.00384615,0.03974359,0.01538462,0.00641026,0.01410256,0.05897436,0.02820513,0.01025641,0.02179487,0.03205128,0.01025641,0.01410256,0.01282051,0.00384615,0.00769231,0.02179487,0.01025641
rhl10	0.00000000,0.04324324,0.01621622,0.02702703,0.01621622,0.00540541,0.07567568,0.02162162,0.03243243,0.00540541,0.00000000,0.03243243,0.00540541,0.02702703,0.05405405,0.00000000,0.00540541,0.02702703,0.02162162,0.03243243,0.01081081,0.00000000,0.00000000,0.03243243,0.01081081,0.00540541,0.01081081,0.00000000,0.00540541,0.03783784,0.00540541,0.02702703,0.02702703,0.01621622,0.05405405,0.02702703,0.01081081,0.01621622,0.07027027,0.03243243,0.02702703,0.03783784,0.02162162,0.00540541,0.01081081,0.00000000,0.00000000,0.01081081,0.02702703,0.01081081
kmm137	0.00000000,0.09523810,0.00000000,0.04761905,0.09523810,0.04761905,0.00000000,0.00000000,0.00000000,0.00000000,0.04761905,0.00000000,0.00000000,0.00000000,0.00000000,0.00000000,0.00000000,0.00000000,0.00000000,0.04761905,0.00000000,0.00000000,0.00000000,0.00000000,0.00000000,0.00000000,0.00000000,0.00000000,0.00000000,0.09523810,0.09523810,0.00000000,0.04761905,0.04761905,0.14285714,0.09523810,0.04761905,0.00000000,0.00000000,0.00000000,0.00000000,0.00000000,0.00000000,0.00000000,0.00000000,0.00000000,0.00000000,0.00000000,0.04761905,0.00000000
kdd28	0.00800000,0.14400000,0.09600000,0.02400000,0.00000000,0.00000000,0.03200000,0.02400000,0.00000000,0.00000000,0.00800000,0.02400000,0.01600000,0.00800000,0.10400000,0.06400000,0.01600000,0.01600000,0.00000000,0.02400000,0.00800000,0.00800000,0.00800000,0.08000000,0.06400000,0.00800000,0.01600000,0.00800000,0.00000000,0.01600000,0.00800000,0.00800000,0.00000000,0.00000000,0.04000000,0.03200000,0.00000000,0.00800000,0.02400000,0.01600000,0.00800000,0.00800000,0.01600000,0.00000000,0.00000000,0.00800000,0.00000000,0.00000000,0.00000000,0.00000000
ams404	0.01246106,0.06230530,0.02803738,0.01246106,0.05919003,0.01246106,0.01557632,0.01246106,0.00000000,0.00311526,0.00934579,0.02803738,0.00934579,0.00000000,0.05295950,0.01246106,0.00934579,0.01869159,0.01246106,0.04361371,0.01246106,0.01246106,0.02492212,0.03738318,0.01557632,0.00311526,0.04049844,0.01557632,0.01557632,0.04361371,0.02180685,0.00311526,0.03426791,0.01246106,0.06230530,0.02492212,0.02803738,0.00623053,0.01557632,0.00311526,0.00000000,0.01246106,0.03738318,0.01246106,0.01246106,0.01557632,0.02803738,0.00623053,0.02803738,0.00000000
jlc201	0.00000000,0.01094391,0.00000000,0.01094391,0.00410397,0.00000000,0.12722298,0.04924761,0.05608755,0.00136799,0.00000000,0.06019152,0.00547196,0.05198358,0.03146375,0.00410397,0.00136799,0.00000000,0.02599179,0.01641587,0.00273598,0.01094391,0.00683995,0.00683995,0.00000000,0.00683995,0.00273598,0.00136799,0.00000000,0.00410397,0.00136799,0.00136799,0.04787962,0.01915185,0.05471956,0.00410397,0.00273598,0.04787962,0.08755130,0.05061560,0.04514364,0.03009576,0.02051984,0.00410397,0.00547196,0.01915185,0.01641587,0.00547196,0.01915185,0.01778386
qim8	0.00000000,0.08719346,0.04904632,0.02452316,0.03269755,0.00272480,0.05177112,0.02997275,0.00544959,0.00817439,0.00272480,0.02997275,0.00544959,0.00544959,0.05177112,0.01907357,0.00272480,0.02724796,0.00272480,0.03814714,0.01907357,0.00544959,0.00544959,0.06267030,0.02997275,0.01634877,0.02724796,0.01634877,0.00817439,0.03269755,0.02179837,0.00544959,0.00817439,0.00544959,0.07629428,0.04087193,0.00544959,0.02724796,0.01907357,0.01362398,0.00272480,0.00272480,0.02724796,0.00000000,0.01089918,0.00544959,0.00544959,0.01089918,0.01089918,0.00000000
cac189	0.00000000,0.08571429,0.04285714,0.00000000,0.14285714,0.01428571,0.00000000,0.00000000,0.00000000,0.00000000,0.00000000,0.01428571,0.00000000,0.00000000,0.04285714,0.01428571,0.01428571,0.01428571,0.00000000,0.02857143,0.02857143,0.00000000,0.01428571,0.11428571,0.02857143,0.00000000,0.04285714,0.01428571,0.02857143,0.05714286,0.04285714,0.00000000,0.01428571,0.00000000,0.07142857,0.02857143,0.04285714,0.00000000,0.00000000,0.00000000,0.00000000,0.00000000,0.01428571,0.01428571,0.00000000,0.02857143,0.00000000,0.00000000,0.00000000,0.00000000
alh130	0.18750000,0.18750000,0.00000000,0.12500000,0.00000000,0.00000000,0.00000000,0.00000000,0.00000000,0.00000000,0.06250000,0.06250000,0.06250000,0.00000000,0.00000000,0.00000000,0.00000000,0.00000000,0.00000000,0.12500000,0.06250000,0.00000000,0.00000000,0.00000000,0.00000000,0.00000000,0.00000000,0.00000000,0.00000000,0.00000000,0.00000000,0.00000000,0.00000000,0.00000000,0.06250000,0.06250000,0.00000000,0.00000000,0.00000000,0.00000000,0.00000000,0.00000000,0.00000000,0.00000000,0.00000000,0.00000000,0.00000000,0.00000000,0.00000000,0.00000000
brs112	0.00256410,0.04615385,0.00256410,0.03846154,0.00256410,0.00256410,0.09743590,0.04102564,0.05128205,0.01025641,0.00256410,0.05897436,0.02051282,0.02820513,0.02564103,0.01538462,0.00000000,0.01025641,0.00000000,0.04102564,0.01282051,0.02051282,0.00512821,0.02307692,0.00256410,0.02051282,0.00512821,0.00000000,0.00256410,0.02051282,0.00512821,0.01538462,0.00512821,0.00000000,0.06410256,0.01538462,0.00000000,0.04615385,0.08717949,0.05897436,0.02820513,0.02051282,0.01538462,0.00769231,0.00000000,0.00256410,0.00000000,0.01025641,0.00769231,0.00000000
alh133	0.00000000,0.04427083,0.01302083,0.02343750,0.02213542,0.00781250,0.05989583,0.02343750,0.01432292,0.01953125,0.00000000,0.04036458,0.01041667,0.02473958,0.02864583,0.00651042,0.01041667,0.00520833,0.00520833,0.04166667,0.01432292,0.02083333,0.02734375,0.02213542,0.00781250,0.00651042,0.03906250,0.01302083,0.01302083,0.03385417,0.00911458,0.01041667,0.02083333,0.00651042,0.05468750,0.01953125,0.01302083,0.01692708,0.05468750,0.02604167,0.01822917,0.01041667,0.03645833,0.00911458,0.00651042,0.01822917,0.01302083,0.01953125,0.02864583,0.00911458
anv35	0.03491272,0.07730673,0.04239401,0.01745636,0.03491272,0.00748130,0.01995012,0.00748130,0.00498753,0.00000000,0.01745636,0.02493766,0.00997506,0.00000000,0.07730673,0.02743142,0.02743142,0.00748130,0.01246883,0.03491272,0.01246883,0.00997506,0.01995012,0.05735661,0.02992519,0.00748130,0.03740648,0.00748130,0.01745636,0.03241895,0.01246883,0.00748130,0.01995012,0.01246883,0.04239401,0.02244389,0.00997506,0.00748130,0.02992519,0.00249377,0.00000000,0.01745636,0.02743142,0.01246883,0.00498753,0.00748130,0.00498753,0.00249377,0.02992519,0.00748130
inf4	0.04232804,0.04497354,0.02645503,0.01058201,0.04761905,0.01851852,0.01322751,0.00793651,0.00264550,0.00793651,0.00793651,0.02380952,0.00793651,0.00529101,0.06084656,0.00793651,0.01587302,0.02645503,0.00793651,0.03968254,0.00264550,0.00793651,0.02116402,0.03174603,0.01587302,0.00000000,0.02910053,0.00529101,0.00793651,0.06084656,0.02910053,0.00264550,0.05291005,0.02910053,0.05026455,0.01058201,0.01851852,0.00529101,0.01851852,0.00793651,0.00264550,0.00529101,0.04232804,0.00793651,0.01058201,0.00793651,0.02910053,0.01058201,0.04497354,0.00529101
jey16	0.02675585,0.00668896,0.00334448,0.00334448,0.00668896,0.00000000,0.09698997,0.00334448,0.08695652,0.00334448,0.00334448,0.06354515,0.00000000,0.06020067,0.04347826,0.01672241,0.00334448,0.00668896,0.01003344,0.01003344,0.00334448,0.00334448,0.02675585,0.02675585,0.00668896,0.01337793,0.01003344,0.00000000,0.00668896,0.01337793,0.00334448,0.00668896,0.01003344,0.00334448,0.01003344,0.00000000,0.00334448,0.00668896,0.13712375,0.06020067,0.05685619,0.03344482,0.00334448,0.00000000,0.01003344,0.00334448,0.00000000,0.00668896,0.04013378,0.04013378
jdh98	0.02268431,0.03024575,0.00378072,0.01512287,0.00945180,0.00000000,0.09829868,0.01890359,0.06994329,0.01701323,0.01323251,0.06616257,0.00756144,0.04158790,0.04158790,0.02079395,0.01134216,0.00756144,0.00189036,0.02646503,0.00378072,0.01512287,0.01701323,0.03213611,0.00756144,0.01890359,0.01890359,0.00756144,0.00567108,0.01134216,0.00378072,0.00756144,0.00378072,0.00000000,0.02835539,0.00756144,0.00000000,0.01701323,0.10018904,0.04914934,0.03213611,0.02835539,0.00000000,0.00000000,0.00945180,0.01890359,0.00756144,0.00756144,0.00945180,0.00756144
atr16	0.03814714,0.02997275,0.01089918,0.01362398,0.04087193,0.02179837,0.00817439,0.00000000,0.00817439,0.00817439,0.00817439,0.03269755,0.01089918,0.00272480,0.03814714,0.00817439,0.00272480,0.02179837,0.00544959,0.05994550,0.01634877,0.00272480,0.02452316,0.01634877,0.00817439,0.00272480,0.02724796,0.00272480,0.01089918,0.08446866,0.02452316,0.01634877,0.04904632,0.01907357,0.04359673,0.00817439,0.01634877,0.00272480,0.02997275,0.01089918,0.00272480,0.00272480,0.06811989,0.02452316,0.01362398,0.00544959,0.04087193,0.01362398,0.03814714,0.00272480
pjs52	0.00731707,0.01219512,0.00243902,0.00731707,0.00487805,0.00243902,0.11219512,0.02195122,0.07804878,0.00731707,0.00000000,0.07317073,0.01219512,0.05365854,0.04390244,0.01219512,0.00975610,0.01463415,0.00487805,0.01707317,0.00731707,0.00731707,0.00731707,0.01951220,0.00000000,0.01707317,0.01707317,0.00975610,0.00487805,0.02195122,0.00487805,0.01463415,0.00975610,0.00243902,0.03414634,0.00000000,0.00000000,0.02926829,0.10487805,0.06097561,0.04390244,0.03902439,0.00975610,0.00243902,0.00243902,0.00975610,0.00487805,0.00731707,0.00487805,0.00487805
cev9	0.05511811,0.07874016,0.03149606,0.02362205,0.03149606,0.01574803,0.03937008,0.01574803,0.00000000,0.00787402,0.00000000,0.01574803,0.00000000,0.00787402,0.03937008,0.00000000,0.00787402,0.01574803,0.00787402,0.03937008,0.00787402,0.00000000,0.03149606,0.04724409,0.00787402,0.01574803,0.03149606,0.00787402,0.00787402,0.05511811,0.02362205,0.00000000,0.01574803,0.00787402,0.07874016,0.05511811,0.00787402,0.00787402,0.00000000,0.00000000,0.00000000,0.00000000,0.07086614,0.00787402,0.00787402,0.00000000,0.00787402,0.01574803,0.04724409,0.00000000
egm18	0.05909091,0.02272727,0.00909091,0.00454545,0.01818182,0.00454545,0.01818182,0.00000000,0.00454545,0.00000000,0.00909091,0.02727273,0.01363636,0.00000000,0.04545455,0.00454545,0.00454545,0.02727273,0.00909091,0.05454545,0.00454545,0.01818182,0.02272727,0.02272727,0.00909091,0.00909091,0.02727273,0.00000000,0.01818182,0.06818182,0.01818182,0.00909091,0.05909091,0.02272727,0.02727273,0.00000000,0.00909091,0.00454545,0.04545455,0.01818182,0.00000000,0.01818182,0.08181818,0.02727273,0.01818182,0.00000000,0.02272727,0.01818182,0.05454545,0.00909091
jhg10	0.06930693,0.07425743,0.02970297,0.00990099,0.01485149,0.00000000,0.03960396,0.02970297,0.00000000,0.00000000,0.01485149,0.02970297,0.01485149,0.00990099,0.04950495,0.00495050,0.00000000,0.03465347,0.00495050,0.03465347,0.01980198,0.00495050,0.01980198,0.02475248,0.00495050,0.00990099,0.00495050,0.00000000,0.00000000,0.05445545,0.01485149,0.00990099,0.03960396,0.02970297,0.06435644,0.03960396,0.00495050,0.00990099,0.01980198,0.00990099,0.00495050,0.00000000,0.04455446,0.01485149,0.00990099,0.00000000,0.01980198,0.00495050,0.04455446,0.00495050
jdh73	0.06306306,0.08108108,0.02702703,0.01801802,0.02702703,0.00900901,0.04054054,0.01351351,0.01351351,0.01351351,0.04954955,0.07207207,0.03153153,0.02252252,0.04954955,0.02252252,0.00900901,0.01351351,0.00450450,0.03153153,0.00900901,0.00900901,0.01801802,0.04954955,0.02252252,0.00450450,0.02702703,0.00900901,0.00900901,0.02252252,0.00000000,0.01351351,0.00450450,0.00450450,0.02702703,0.01351351,0.00000000,0.00900901,0.04504505,0.02252252,0.00450450,0.00000000,0.02252252,0.00000000,0.00000000,0.00900901,0.00900901,0.00000000,0.01351351,0.00900901
leg33	0.00854701,0.03418803,0.01424501,0.01424501,0.01709402,0.00854701,0.05982906,0.01139601,0.02849003,0.00569801,0.00569801,0.05413105,0.01709402,0.02849003,0.05128205,0.01424501,0.01139601,0.02564103,0.00000000,0.03988604,0.01709402,0.01424501,0.00854701,0.01709402,0.00284900,0.00569801,0.04273504,0.01424501,0.02279202,0.04843305,0.00854701,0.02849003,0.00284900,0.00000000,0.03703704,0.00854701,0.00854701,0.01994302,0.07407407,0.03988604,0.02279202,0.03418803,0.03418803,0.01139601,0.00569801,0.00854701,0.00000000,0.00569801,0.00284900,0.00284900
kav33	0.01260504,0.02521008,0.00000000,0.02100840,0.00000000,0.00000000,0.11764706,0.03781513,0.07142857,0.00000000,0.01680672,0.05882353,0.01260504,0.04621849,0.03781513,0.02100840,0.00000000,0.00000000,0.01680672,0.02521008,0.00840336,0.01680672,0.00840336,0.02100840,0.00000000,0.02100840,0.00000000,0.00000000,0.00000000,0.00420168,0.00000000,0.00420168,0.02100840,0.00840336,0.04621849,0.00840336,0.00000000,0.03781513,0.10504202,0.05042017,0.03781513,0.03361345,0.00420168,0.00420168,0.00000000,0.00840336,0.00420168,0.00000000,0.01260504,0.01260504
cap77	0.04494382,0.06741573,0.04494382,0.01123596,0.04494382,0.01123596,0.03370787,0.00000000,0.02247191,0.02247191,0.03370787,0.06741573,0.03370787,0.00000000,0.07865169,0.01123596,0.04494382,0.01123596,0.00000000,0.01123596,0.00000000,0.01123596,0.01123596,0.04494382,0.02247191,0.01123596,0.06741573,0.03370787,0.00000000,0.02247191,0.02247191,0.00000000,0.01123596,0.00000000,0.02247191,0.01123596,0.01123596,0.00000000,0.03370787,0.01123596,0.00000000,0.01123596,0.01123596,0.00000000,0.00000000,0.01123596,0.01123596,0.01123596,0.00000000,0.00000000
kmh117	0.03065134,0.05363985,0.01532567,0.01149425,0.02681992,0.00000000,0.02681992,0.00383142,0.01149425,0.01915709,0.02298851,0.03065134,0.01149425,0.00766284,0.04980843,0.01915709,0.00383142,0.01532567,0.01149425,0.04597701,0.00766284,0.01915709,0.03065134,0.05747126,0.01915709,0.01915709,0.02298851,0.00000000,0.01532567,0.03065134,0.00383142,0.01149425,0.04214559,0.00383142,0.02298851,0.00766284,0.00766284,0.00000000,0.04214559,0.01532567,0.00766284,0.00766284,0.02681992,0.00383142,0.03448276,0.00766284,0.03448276,0.03448276,0.04597701,0.00000000
djp60	0.04545455,0.11363636,0.06818182,0.00000000,0.04545455,0.00000000,0.00000000,0.00000000,0.00000000,0.00000000,0.05681818,0.02272727,0.01136364,0.00000000,0.06818182,0.03409091,0.01136364,0.02272727,0.00000000,0.04545455,0.02272727,0.00000000,0.01136364,0.09090909,0.05681818,0.00000000,0.05681818,0.01136364,0.03409091,0.04545455,0.01136364,0.00000000,0.00000000,0.00000000,0.03409091,0.01136364,0.01136364,0.00000000,0.00000000,0.00000000,0.00000000,0.00000000,0.03409091,0.01136364,0.00000000,0.00000000,0.01136364,0.00000000,0.00000000,0.00000000
mjf68	0.03846154,0.06923077,0.05384615,0.00000000,0.04615385,0.01538462,0.00000000,0.00000000,0.00000000,0.00000000,0.03846154,0.01538462,0.00769231,0.00000000,0.06923077,0.01538462,0.01538462,0.03846154,0.00000000,0.03846154,0.00769231,0.00000000,0.00769231,0.03076923,0.01538462,0.00000000,0.03846154,0.00000000,0.02307692,0.10000000,0.02307692,0.00769231,0.03076923,0.01538462,0.04615385,0.02307692,0.02307692,0.00000000,0.00769231,0.00769231,0.00000000,0.00000000,0.05384615,0.02307692,0.00769231,0.01538462,0.00769231,0.00000000,0.02307692,0.00000000
ryc17	0.06666667,0.13333333,0.00000000,0.00000000,0.06666667,0.00000000,0.00000000,0.00000000,0.00000000,0.00000000,0.06666667,0.00000000,0.00000000,0.00000000,0.00000000,0.00000000,0.00000000,0.00000000,0.00000000,0.06666667,0.06666667,0.00000000,0.00000000,0.13333333,0.06666667,0.00000000,0.06666667,0.00000000,0.06666667,0.00000000,0.00000000,0.00000000,0.00000000,0.00000000,0.06666667,0.06666667,0.00000000,0.00000000,0.00000000,0.00000000,0.00000000,0.00000000,0.06666667,0.00000000,0.00000000,0.00000000,0.00000000,0.00000000,0.00000000,0.00000000
tol16	0.05172414,0.17241379,0.05172414,0.05172414,0.00000000,0.00000000,0.01724138,0.01724138,0.00000000,0.00000000,0.06896552,0.00000000,0.00000000,0.00000000,0.05172414,0.03448276,0.00000000,0.01724138,0.00000000,0.05172414,0.03448276,0.01724138,0.01724138,0.05172414,0.05172414,0.00000000,0.00000000,0.00000000,0.00000000,0.03448276,0.01724138,0.00000000,0.01724138,0.00000000,0.06896552,0.06896552,0.00000000,0.00000000,0.01724138,0.00000000,0.00000000,0.00000000,0.01724138,0.00000000,0.00000000,0.00000000,0.00000000,0.00000000,0.00000000,0.00000000
yaz44	0.05000000,0.07500000,0.03500000,0.02000000,0.03500000,0.02500000,0.02500000,0.01000000,0.01500000,0.01000000,0.02500000,0.02000000,0.01500000,0.00000000,0.05000000,0.02000000,0.01500000,0.01000000,0.00500000,0.04000000,0.02000000,0.01500000,0.04000000,0.03000000,0.01500000,0.00500000,0.02500000,0.00000000,0.01000000,0.03500000,0.02500000,0.00000000,0.01000000,0.00000000,0.06500000,0.02000000,0.02000000,0.02000000,0.03500000,0.02000000,0.00000000,0.01000000,0.01500000,0.00000000,0.00000000,0.01500000,0.01500000,0.00000000,0.03000000,0.00500000
bjs49	0.01541850,0.01762115,0.00440529,0.00881057,0.00881057,0.00440529,0.08590308,0.01982379,0.04405286,0.01762115,0.00881057,0.06607930,0.00660793,0.04845815,0.03303965,0.00440529,0.00660793,0.01762115,0.00440529,0.01982379,0.00220264,0.01321586,0.02422907,0.02422907,0.00220264,0.01101322,0.00881057,0.00000000,0.00440529,0.02863436,0.00220264,0.02422907,0.01762115,0.00660793,0.02643172,0.00000000,0.00440529,0.01762115,0.10352423,0.05726872,0.03964758,0.01982379,0.02422907,0.00440529,0.00440529,0.00881057,0.01762115,0.00660793,0.03083700,0.02202643
fek10	0.20000000,0.00000000,0.00000000,0.00000000,0.00000000,0.00000000,0.00000000,0.00000000,0.00000000,0.06666667,0.00000000,0.00000000,0.00000000,0.00000000,0.06666667,0.00000000,0.00000000,0.00000000,0.06666667,0.00000000,0.00000000,0.00000000,0.06666667,0.00000000,0.00000000,0.00000000,0.06666667,0.00000000,0.00000000,0.00000000,0.00000000,0.00000000,0.06666667,0.06666667,0.13333333,0.00000000,0.00000000,0.00000000,0.00000000,0.00000000,0.00000000,0.00000000,0.00000000,0.00000000,0.00000000,0.00000000,0.06666667,0.00000000,0.13333333,0.00000000
chg57	0.06340058,0.02305476,0.00864553,0.00288184,0.00864553,0.00576369,0.05763689,0.01729107,0.01729107,0.01729107,0.01729107,0.04322767,0.00576369,0.02305476,0.04610951,0.00576369,0.01152738,0.02305476,0.00288184,0.03458213,0.00576369,0.01729107,0.03458213,0.01152738,0.00576369,0.00000000,0.01729107,0.00000000,0.00864553,0.06051873,0.00864553,0.01729107,0.00576369,0.00288184,0.03458213,0.00864553,0.00000000,0.02017291,0.06916427,0.02593660,0.00864553,0.01440922,0.02881844,0.02593660,0.03746398,0.01152738,0.02305476,0.01152738,0.03746398,0.01152738
art47	0.00980392,0.02941176,0.00000000,0.02941176,0.00980392,0.00980392,0.04901961,0.02941176,0.00980392,0.00980392,0.00000000,0.03921569,0.00000000,0.03921569,0.01960784,0.00000000,0.00000000,0.00000000,0.01960784,0.07843137,0.01960784,0.03921569,0.01960784,0.00000000,0.00000000,0.00000000,0.00000000,0.00000000,0.00000000,0.01960784,0.00000000,0.00980392,0.02941176,0.02941176,0.05882353,0.02941176,0.00980392,0.00980392,0.07843137,0.03921569,0.03921569,0.01960784,0.01960784,0.00980392,0.02941176,0.00000000,0.04901961,0.00000000,0.03921569,0.01960784
jky3	0.03703704,0.05555556,0.02160494,0.02160494,0.03395062,0.02469136,0.02160494,0.01234568,0.00925926,0.00617284,0.01234568,0.02160494,0.00925926,0.00617284,0.06172840,0.00925926,0.00308642,0.02777778,0.01234568,0.04320988,0.01234568,0.00308642,0.00308642,0.01543210,0.00617284,0.00617284,0.00925926,0.00308642,0.00617284,0.08333333,0.03703704,0.00925926,0.03395062,0.01234568,0.06481481,0.02469136,0.02160494,0.00925926,0.03086420,0.00617284,0.00000000,0.02469136,0.04012346,0.01851852,0.00617284,0.00617284,0.01851852,0.00925926,0.01851852,0.00925926
ket38	0.00000000,0.02702703,0.00000000,0.02702703,0.01351351,0.00000000,0.08108108,0.01351351,0.00000000,0.00000000,0.01351351,0.02702703,0.01351351,0.01351351,0.02702703,0.00000000,0.00000000,0.00000000,0.02702703,0.02702703,0.01351351,0.00000000,0.01351351,0.01351351,0.00000000,0.01351351,0.02702703,0.01351351,0.00000000,0.05405405,0.00000000,0.05405405,0.04054054,0.02702703,0.05405405,0.01351351,0.00000000,0.04054054,0.05405405,0.01351351,0.00000000,0.02702703,0.08108108,0.05405405,0.01351351,0.02702703,0.00000000,0.00000000,0.04054054,0.00000000
abr26	0.01612903,0.06451613,0.04838710,0.01075269,0.03763441,0.01075269,0.03225806,0.00537634,0.01075269,0.01612903,0.01075269,0.02688172,0.01075269,0.01075269,0.06989247,0.02688172,0.02688172,0.01612903,0.00000000,0.03225806,0.01612903,0.00000000,0.00000000,0.07526882,0.02688172,0.01612903,0.05376344,0.01612903,0.02150538,0.05376344,0.01612903,0.01075269,0.00537634,0.00000000,0.03763441,0.02150538,0.01075269,0.00000000,0.02150538,0.00537634,0.00000000,0.01612903,0.05376344,0.02150538,0.00000000,0.01612903,0.00000000,0.00000000,0.00000000,0.00000000
mjs187	0.04368932,0.07766990,0.03398058,0.02912621,0.02912621,0.01941748,0.02427184,0.00970874,0.00970874,0.00000000,0.02912621,0.04854369,0.02912621,0.01456311,0.05339806,0.02427184,0.00485437,0.01456311,0.00970874,0.02912621,0.00970874,0.01941748,0.00485437,0.03398058,0.01941748,0.00485437,0.00485437,0.00000000,0.00000000,0.04368932,0.01941748,0.01456311,0.02427184,0.00970874,0.03883495,0.02427184,0.00970874,0.00485437,0.05825243,0.03398058,0.00970874,0.01456311,0.00970874,0.00485437,0.00485437,0.00000000,0.00000000,0.00970874,0.01941748,0.01456311
rjm105	0.00000000,0.11764706,0.09411765,0.00000000,0.04705882,0.02352941,0.01176471,0.00000000,0.00000000,0.01176471,0.00000000,0.01176471,0.00000000,0.00000000,0.09411765,0.04705882,0.01176471,0.03529412,0.00000000,0.01176471,0.01176471,0.00000000,0.00000000,0.08235294,0.05882353,0.01176471,0.02352941,0.01176471,0.01176471,0.05882353,0.04705882,0.00000000,0.01176471,0.00000000,0.05882353,0.03529412,0.02352941,0.00000000,0.00000000,0.00000000,0.00000000,0.00000000,0.01176471,0.00000000,0.00000000,0.01176471,0.00000000,0.01176471,0.00000000,0.00000000
vac24	0.06329114,0.05063291,0.02531646,0.00000000,0.05063291,0.02531646,0.05063291,0.02531646,0.01265823,0.00000000,0.01265823,0.05063291,0.01265823,0.01265823,0.08860759,0.03797468,0.00000000,0.02531646,0.01265823,0.00000000,0.00000000,0.00000000,0.00000000,0.03797468,0.01265823,0.01265823,0.00000000,0.00000000,0.00000000,0.07594937,0.02531646,0.01265823,0.03797468,0.00000000,0.05063291,0.01265823,0.00000000,0.02531646,0.02531646,0.02531646,0.00000000,0.00000000,0.01265823,0.01265823,0.01265823,0.01265823,0.02531646,0.01265823,0.00000000,0.00000000
avn10	0.02369668,0.06635071,0.00473934,0.05213270,0.00000000,0.00000000,0.09952607,0.03317536,0.06161137,0.00000000,0.01421801,0.10426540,0.03317536,0.06161137,0.00473934,0.00000000,0.00473934,0.00000000,0.00000000,0.05687204,0.00947867,0.02369668,0.00000000,0.00947867,0.00473934,0.00473934,0.00947867,0.00473934,0.00473934,0.00000000,0.00000000,0.00000000,0.00000000,0.00000000,0.04265403,0.01895735,0.00000000,0.02369668,0.08530806,0.07582938,0.04265403,0.00000000,0.00947867,0.00000000,0.00473934,0.00473934,0.00000000,0.00000000,0.00000000,0.00000000
jam267	0.00000000,0.00000000,0.00000000,0.00000000,0.10526316,0.00000000,0.02631579,0.00000000,0.00000000,0.02631579,0.00000000,0.07894737,0.00000000,0.02631579,0.00000000,0.00000000,0.00000000,0.00000000,0.00000000,0.05263158,0.00000000,0.00000000,0.05263158,0.02631579,0.00000000,0.00000000,0.15789474,0.07894737,0.02631579,0.02631579,0.02631579,0.00000000,0.02631579,0.00000000,0.02631579,0.00000000,0.02631579,0.00000000,0.00000000,0.00000000,0.00000000,0.00000000,0.07894737,0.02631579,0.00000000,0.02631579,0.02631579,0.02631579,0.02631579,0.00000000
ang92	0.05102041,0.18367347,0.06122449,0.02040816,0.04081633,0.01020408,0.01020408,0.01020408,0.00000000,0.00000000,0.09183673,0.04081633,0.03061224,0.00000000,0.07142857,0.05102041,0.00000000,0.00000000,0.00000000,0.03061224,0.00000000,0.01020408,0.00000000,0.11224490,0.06122449,0.01020408,0.00000000,0.00000000,0.00000000,0.01020408,0.01020408,0.00000000,0.01020408,0.00000000,0.02040816,0.02040816,0.00000000,0.00000000,0.01020408,0.00000000,0.00000000,0.00000000,0.01020408,0.00000000,0.00000000,0.01020408,0.00000000,0.00000000,0.00000000,0.00000000
kmt51	0.02439024,0.06620209,0.03832753,0.00000000,0.04181185,0.00696864,0.02439024,0.01393728,0.00696864,0.00696864,0.03484321,0.04181185,0.02787456,0.00348432,0.06968641,0.01742160,0.00696864,0.02787456,0.01393728,0.02439024,0.01045296,0.00348432,0.01393728,0.03832753,0.00696864,0.00696864,0.02787456,0.00696864,0.01393728,0.05226481,0.01393728,0.02787456,0.02439024,0.01045296,0.03832753,0.01045296,0.01393728,0.00696864,0.05226481,0.03135889,0.00348432,0.01045296,0.01393728,0.00696864,0.00000000,0.01045296,0.01393728,0.00348432,0.01393728,0.01393728
sbb28	0.01269036,0.02157360,0.00380711,0.01395939,0.00507614,0.00000000,0.07614213,0.01015228,0.04314721,0.00888325,0.00761421,0.05837563,0.01142132,0.04060914,0.05456853,0.01142132,0.01522843,0.01649746,0.00761421,0.02411168,0.00380711,0.01776650,0.02157360,0.02030457,0.00126904,0.01395939,0.02411168,0.01015228,0.00000000,0.02791878,0.00126904,0.01903553,0.01395939,0.00126904,0.01649746,0.00507614,0.00000000,0.01142132,0.10532995,0.04187817,0.02791878,0.04695431,0.01269036,0.00634518,0.02030457,0.01269036,0.01395939,0.00634518,0.02791878,0.02538071
sab155	0.00182482,0.02737226,0.01277372,0.01277372,0.00729927,0.00364964,0.07664234,0.01824818,0.04197080,0.01459854,0.00182482,0.03832117,0.01094891,0.02007299,0.04927007,0.00912409,0.01094891,0.01459854,0.01459854,0.02737226,0.00729927,0.01277372,0.03832117,0.02372263,0.00729927,0.01459854,0.02189781,0.00547445,0.00547445,0.02737226,0.00000000,0.02189781,0.02372263,0.00912409,0.03467153,0.00547445,0.00364964,0.02372263,0.08941606,0.02737226,0.01642336,0.02919708,0.02554745,0.00729927,0.00729927,0.02737226,0.02007299,0.01094891,0.02554745,0.01277372
ksd19	0.00000000,0.09523810,0.04761905,0.00000000,0.07142857,0.04761905,0.00000000,0.00000000,0.00000000,0.00000000,0.00000000,0.07142857,0.04761905,0.00000000,0.04761905,0.02380952,0.02380952,0.00000000,0.00000000,0.02380952,0.00000000,0.00000000,0.00000000,0.04761905,0.02380952,0.00000000,0.04761905,0.02380952,0.02380952,0.07142857,0.07142857,0.00000000,0.00000000,0.00000000,0.07142857,0.02380952,0.04761905,0.00000000,0.00000000,0.00000000,0.00000000,0.00000000,0.02380952,0.02380952,0.00000000,0.00000000,0.00000000,0.00000000,0.00000000,0.00000000
rsb45	0.03529412,0.09411765,0.04705882,0.00588235,0.06470588,0.04117647,0.00000000,0.00000000,0.00000000,0.00588235,0.02352941,0.04117647,0.02352941,0.00000000,0.05882353,0.01176471,0.00588235,0.02352941,0.01764706,0.01764706,0.00588235,0.00000000,0.00588235,0.01176471,0.01176471,0.00000000,0.01764706,0.00588235,0.01176471,0.08235294,0.04117647,0.00000000,0.04117647,0.01176471,0.05882353,0.02941176,0.01764706,0.00000000,0.01176471,0.01176471,0.00000000,0.00000000,0.02352941,0.01176471,0.00000000,0.01764706,0.00000000,0.01764706,0.02352941,0.01176471
drr38	0.00000000,0.07826087,0.05217391,0.01739130,0.11304348,0.00000000,0.00000000,0.00000000,0.00000000,0.00000000,0.00000000,0.06086957,0.01739130,0.00000000,0.06086957,0.02608696,0.01739130,0.00000000,0.01739130,0.02608696,0.01739130,0.00000000,0.01739130,0.09565217,0.05217391,0.00000000,0.09565217,0.06086957,0.00869565,0.00000000,0.00000000,0.00000000,0.03478261,0.00869565,0.01739130,0.00000000,0.01739130,0.00000000,0.00869565,0.00000000,0.00000000,0.00869565,0.01739130,0.00000000,0.00000000,0.01739130,0.00000000,0.02608696,0.00869565,0.00000000
