cluster 0: 
0.006517361428571429,0.008452534642857144,0.027062839285714284,0.023573341785714286,0.002731303928571429,0.013106358571428571,0.004406856428571429,0.022855749642857137,0.013642614642857145,0.0023130449999999997,0.00940829857142857,0.001888842857142857,0.02018057535714286,0.03208095142857143,0.008290726071428571,0.002442713214285714,0.005979821785714286,0.009881475714285713,0.01541138321428572,0.005217083214285716,0.015133589642857144,0.013000307500000004,0.005960057857142857,0.06966234,0.007570342857142858,0.011463148571428572,0.020986519999999998,0.011911303571428573,0.010067742500000003
0.007515704967376986,0.012374297118076902,0.018071816184644676,0.015874741014040208,0.006323313917248918,0.010599564296626845,0.005360278903222304,0.011071634098573863,0.009400561119313373,0.0025788822643686166,0.009779213178957233,0.0033864750038402314,0.02341145822028553,0.020775905259573048,0.005404443029414608,0.0032226139456249018,0.010055850719194008,0.005532176132341225,0.01286548567402697,0.005786323980372077,0.009490511622126099,0.009611309008193207,0.005900830908918892,0.022928417916928984,0.007269247362748113,0.00958278664801063,0.012381233953364665,0.009164626511251295,0.00821095256511414

cluster 1: 
0.0435064,0.0039859731999999995,0.0027818212,0.0027818212,0.0028745771999999998,0.014710202,0.0026593352,0.0546797248,0.026810039599999995,0.0078615448,0.0040316308,0.0087364128,0.004688929200000001,0.0037709804000000003,0.0025380004,0.0082691588,0.014548315599999999,0.0040843832000000005,0.0158097556,0.002769528,0.01106838,0.010031213600000002,0.0138459804,0.0231859664,0.003560542,0.0196143392,0.027655124800000003,0.003918153599999999,0.0027783988
0.021803147870987437,0.01080476417666123,0.004614377002453372,0.004614377002453372,0.004299096278232922,0.010501486709981592,0.0058454174884277465,0.018737389477855255,0.014394674357838174,0.007758296467721827,0.007004666374562558,0.0073443785584707,0.010905621196642372,0.0060691897367325595,0.004338561441990172,0.009245968373870341,0.013213784723812957,0.007889590577998694,0.01153243761628081,0.005923553884592593,0.012765596588711079,0.012270682156262015,0.010019261875137702,0.017962219557604762,0.008556625516637266,0.016236757609101867,0.015276990346833927,0.005774908386701129,0.004321260928944996

cluster 2: 
0.00962567870967742,0.003322156774193549,7.853958064516128E-4,5.449690322580645E-4,0.014532693548387097,0.03849362354838709,0.011999193225806453,0.05180076774193548,0.028231491612903215,0.004336269677419355,9.131796774193547E-4,0.0029313758064516125,0.00915427870967742,0.0018244235483870967,0.0033551109677419353,0.011042054193548386,0.05197061451612904,0.00493365806451613,0.04121045548387097,0.01273218677419355,0.004927412580645162,0.004813426451612903,0.009045698064516128,0.012863469999999998,0.002857834516129032,0.011701211612903226,0.01778898741935484,0.0031200280645161285,0.0030060419354838706
0.012835045893630893,0.005428573807210464,0.002665486199861136,0.0018515540518524755,0.030318516848758744,0.0237989069166725,0.013574264256749975,0.025852579381389462,0.02134762923144456,0.005849089043806508,0.0022929458959072622,0.005255110357443335,0.012430307292360653,0.003517766055873407,0.006817900398400191,0.02058732193302186,0.02796318554090277,0.008626034312419293,0.024549017773343753,0.013969716410657362,0.007984518766590662,0.007669497588441289,0.010450676247679959,0.01590015660316468,0.007047677914868697,0.011880803774585584,0.015896115544628314,0.0058051689244746855,0.005619504202811456