dsa24	0.6846847,0.036036037,0.018018018,0.0,0.027027028,0.009009009,0.0,0.072072074,0.0,0.0,0.009009009,0.0,0.0,0.072072074,0.0,0.009009009,0.027027028,0.0,0.0,0.0,0.0,0.0,0.0,0.0,0.009009009,0.0,0.0,0.0,0.0,0.009009009,0.0,0.0,0.0,0.0,0.0,0.009009009,0.0,0.0,0.0,0.0,0.0,0.0,0.0,0.0,0.0,0.0,0.0,0.0,0.0,0.0,0.0,0.0,0.0,0.0,0.0
saa128	0.6,0.0,0.028571429,0.0,0.057142857,0.2,0.0,0.0,0.0,0.0,0.0,0.0,0.0,0.0,0.0,0.028571429,0.0,0.0,0.028571429,0.0,0.0,0.0,0.0,0.0,0.0,0.0,0.0,0.0,0.0,0.0,0.0,0.0,0.0,0.028571429,0.0,0.0,0.0,0.0,0.0,0.0,0.0,0.0,0.0,0.0,0.0,0.0,0.0,0.0,0.0,0.0,0.0,0.0,0.0,0.0,0.0
jhb32	0.14814815,0.0,0.09259259,0.12962963,0.12962963,0.037037037,0.018518519,0.055555556,0.0,0.018518519,0.0,0.074074075,0.018518519,0.018518519,0.0,0.018518519,0.018518519,0.0,0.0,0.0,0.0,0.037037037,0.0,0.0,0.018518519,0.018518519,0.0,0.0,0.0,0.0,0.0,0.0,0.0,0.0,0.018518519,0.0,0.0,0.0,0.0,0.0,0.018518519,0.018518519,0.0,0.018518519,0.037037037,0.0,0.0,0.0,0.0,0.0,0.018518519,0.0,0.0,0.0,0.0
snb39	0.21428572,0.040816326,0.020408163,0.091836736,0.035714287,0.015306123,0.0867347,0.015306123,0.091836736,0.0051020407,0.0051020407,0.0,0.05102041,0.010204081,0.0,0.0051020407,0.020408163,0.020408163,0.0,0.0051020407,0.0,0.015306123,0.05102041,0.015306123,0.010204081,0.0,0.010204081,0.0,0.020408163,0.0,0.0051020407,0.035714287,0.010204081,0.0051020407,0.0,0.0051020407,0.0,0.015306123,0.025510205,0.0051020407,0.0,0.0051020407,0.0,0.0051020407,0.0,0.0,0.0,0.0,0.0051020407,0.0,0.0,0.010204081,0.0,0.0,0.0051020407
nrg14	0.2972973,0.04054054,0.22972973,0.04054054,0.013513514,0.054054055,0.013513514,0.027027028,0.0,0.08108108,0.04054054,0.0,0.0,0.0,0.013513514,0.0,0.0,0.0,0.0,0.0,0.0,0.0,0.0,0.0,0.0,0.054054055,0.0,0.04054054,0.013513514,0.0,0.0,0.0,0.0,0.0,0.0,0.0,0.013513514,0.0,0.0,0.0,0.0,0.0,0.0,0.0,0.0,0.013513514,0.0,0.0,0.0,0.0,0.0,0.0,0.0,0.0,0.0
pmp27	0.030303031,0.0,0.015151516,0.10606061,0.07575758,0.030303031,0.15151516,0.015151516,0.015151516,0.0,0.0,0.015151516,0.060606062,0.015151516,0.0,0.0,0.13636364,0.015151516,0.0,0.030303031,0.0,0.0,0.045454547,0.030303031,0.045454547,0.0,0.0,0.015151516,0.0,0.0,0.0,0.0,0.015151516,0.0,0.015151516,0.015151516,0.0,0.030303031,0.0,0.0,0.0,0.0,0.0,0.0,0.0,0.015151516,0.0,0.0,0.030303031,0.015151516,0.0,0.0,0.0,0.0,0.0
rdp23	0.36969697,0.18181819,0.13939394,0.006060606,0.054545455,0.048484847,0.0,0.012121212,0.012121212,0.030303031,0.024242423,0.0,0.006060606,0.0,0.012121212,0.006060606,0.0,0.018181818,0.0,0.006060606,0.024242423,0.0,0.0,0.0,0.0,0.018181818,0.006060606,0.0,0.0,0.006060606,0.0,0.0,0.0,0.0,0.0,0.0,0.006060606,0.0,0.0,0.0,0.0,0.0,0.0,0.006060606,0.0,0.0,0.0,0.0,0.0,0.0,0.0,0.0,0.0,0.0,0.0
mjm248	0.3188406,0.014492754,0.1594203,0.0,0.11594203,0.04347826,0.014492754,0.04347826,0.0,0.04347826,0.014492754,0.014492754,0.0,0.0,0.014492754,0.0,0.014492754,0.014492754,0.014492754,0.0,0.014492754,0.0,0.0,0.0,0.0,0.014492754,0.0,0.014492754,0.0,0.028985508,0.0,0.0,0.0,0.014492754,0.0,0.0,0.0,0.0,0.0,0.014492754,0.0,0.0,0.0,0.0,0.0,0.0,0.0,0.0,0.0,0.0,0.0,0.0,0.014492754,0.014492754,0.014492754
ams396	0.42857143,0.14285715,0.08571429,0.0,0.057142857,0.057142857,0.0,0.057142857,0.0,0.014285714,0.028571429,0.0,0.0,0.0,0.028571429,0.014285714,0.0,0.0,0.0,0.014285714,0.0,0.0,0.0,0.0,0.0,0.0,0.014285714,0.0,0.0,0.0,0.0,0.0,0.0,0.0,0.0,0.0,0.014285714,0.0,0.0,0.0,0.0,0.0,0.014285714,0.0,0.0,0.0,0.0,0.0,0.0,0.0,0.0,0.0,0.0,0.014285714,0.0
jmk195	0.0,0.0,0.0,0.020408163,0.0,0.0,0.10204082,0.020408163,0.0,0.0,0.0,0.0,0.040816326,0.0,0.0,0.0,0.040816326,0.020408163,0.0,0.040816326,0.0,0.0,0.020408163,0.18367347,0.020408163,0.0,0.0,0.0,0.0,0.0,0.24489796,0.020408163,0.08163265,0.0,0.0,0.020408163,0.0,0.06122449,0.020408163,0.0,0.0,0.0,0.0,0.0,0.0,0.020408163,0.0,0.0,0.0,0.0,0.0,0.0,0.0,0.0,0.0
atg23	0.13043478,0.04347826,0.08695652,0.08695652,0.13043478,0.13043478,0.04347826,0.0,0.0,0.0,0.0,0.08695652,0.0,0.0,0.0,0.0,0.0,0.04347826,0.0,0.04347826,0.0,0.0,0.0,0.0,0.0,0.0,0.0,0.0,0.0,0.0,0.0,0.0,0.0,0.0,0.04347826,0.0,0.0,0.0,0.0,0.0,0.0,0.0,0.0,0.0,0.0,0.04347826,0.04347826,0.0,0.0,0.0,0.0,0.0,0.0,0.0,0.0
jaw154	0.63829786,0.14893617,0.06382979,0.0,0.0,0.0,0.0,0.021276595,0.0,0.021276595,0.0,0.0,0.0,0.0,0.0,0.0,0.0,0.0,0.021276595,0.0,0.021276595,0.0,0.0,0.0,0.0,0.0,0.0,0.0,0.0,0.0,0.0,0.0,0.021276595,0.0,0.0,0.0,0.0,0.0,0.0,0.0,0.0,0.0,0.0,0.021276595,0.0,0.0,0.0,0.0,0.0,0.0,0.0,0.0,0.0,0.0,0.0
tjg49	0.0,0.0,0.0,0.0,0.0,0.0,0.07692308,0.0,0.0,0.0,0.0,0.0,0.30769232,0.0,0.0,0.0,0.07692308,0.0,0.0,0.0,0.0,0.0,0.0,0.23076923,0.0,0.0,0.0,0.0,0.0,0.0,0.07692308,0.0,0.0,0.0,0.0,0.0,0.0,0.0,0.07692308,0.0,0.07692308,0.0,0.0,0.0,0.0,0.0,0.0,0.0,0.0,0.0,0.0,0.0,0.0,0.0,0.0
mac276	0.5116279,0.034883723,0.058139537,0.0,0.15116279,0.058139537,0.0,0.011627907,0.0,0.011627907,0.023255814,0.011627907,0.0,0.0,0.0,0.034883723,0.0,0.0,0.011627907,0.034883723,0.011627907,0.0,0.0,0.0,0.0,0.0,0.011627907,0.011627907,0.0,0.0,0.0,0.0,0.0,0.0,0.0,0.0,0.0,0.0,0.0,0.0,0.0,0.0,0.0,0.0,0.0,0.0,0.0,0.0,0.0,0.0,0.0,0.0,0.0,0.0,0.0
hwf2	0.43548387,0.20967741,0.09677419,0.048387095,0.016129032,0.016129032,0.0,0.0,0.0,0.016129032,0.032258064,0.0,0.0,0.0,0.032258064,0.0,0.0,0.0,0.0,0.0,0.016129032,0.0,0.0,0.0,0.0,0.032258064,0.0,0.0,0.0,0.016129032,0.0,0.0,0.0,0.0,0.0,0.0,0.0,0.0,0.0,0.0,0.0,0.0,0.0,0.0,0.0,0.016129032,0.0,0.0,0.0,0.0,0.0,0.0,0.0,0.0,0.0
wah7	0.44444445,0.0,0.0,0.11111111,0.0,0.0,0.11111111,0.0,0.0,0.0,0.0,0.0,0.0,0.0,0.0,0.0,0.0,0.0,0.0,0.0,0.0,0.0,0.0,0.0,0.11111111,0.0,0.0,0.0,0.0,0.0,0.0,0.0,0.0,0.0,0.0,0.0,0.0,0.0,0.11111111,0.0,0.0,0.0,0.0,0.0,0.0,0.0,0.0,0.0,0.0,0.0,0.0,0.0,0.0,0.0,0.0
mhr19	0.36,0.11333334,0.14,0.07333333,0.11333334,0.04,0.02,0.006666667,0.013333334,0.0,0.02,0.0,0.0,0.006666667,0.0,0.033333335,0.0,0.006666667,0.0,0.013333334,0.0,0.0,0.0,0.0,0.0,0.0,0.0,0.0,0.0,0.0,0.0,0.0,0.0,0.0,0.0,0.0,0.0,0.0,0.0,0.0,0.0,0.0,0.0,0.006666667,0.0,0.0,0.006666667,0.0,0.0,0.006666667,0.0,0.006666667,0.0,0.006666667,0.0
rwm27	0.60674155,0.08988764,0.04494382,0.011235955,0.011235955,0.101123594,0.0,0.0,0.011235955,0.02247191,0.011235955,0.0,0.0,0.0,0.011235955,0.011235955,0.0,0.0,0.02247191,0.0,0.011235955,0.0,0.0,0.0,0.0,0.011235955,0.011235955,0.0,0.0,0.0,0.0,0.0,0.0,0.0,0.0,0.0,0.0,0.0,0.0,0.0,0.0,0.0,0.0,0.0,0.0,0.0,0.0,0.0,0.0,0.0,0.0,0.0,0.0,0.0,0.0
mlk93	0.6526316,0.031578947,0.021052632,0.021052632,0.031578947,0.12631579,0.0,0.021052632,0.0,0.0,0.0,0.0,0.0,0.010526316,0.0,0.010526316,0.0,0.0,0.010526316,0.0,0.0,0.0,0.0,0.0,0.0,0.0,0.0,0.0,0.021052632,0.0,0.0,0.0,0.0,0.010526316,0.010526316,0.0,0.0,0.0,0.0,0.0,0.0,0.0,0.010526316,0.0,0.0,0.0,0.0,0.0,0.0,0.0,0.0,0.0,0.0,0.0,0.0
kko4	0.49,0.09,0.06,0.0,0.04,0.14,0.0,0.0,0.0,0.02,0.0,0.0,0.0,0.0,0.03,0.01,0.0,0.01,0.06,0.0,0.02,0.0,0.0,0.0,0.0,0.0,0.0,0.0,0.0,0.01,0.0,0.0,0.0,0.0,0.0,0.0,0.0,0.0,0.0,0.0,0.0,0.0,0.0,0.0,0.0,0.0,0.0,0.0,0.0,0.0,0.0,0.0,0.01,0.0,0.0
afd10	0.33495146,0.12135922,0.03883495,0.058252428,0.14563107,0.009708738,0.009708738,0.033980582,0.033980582,0.004854369,0.024271844,0.004854369,0.0,0.009708738,0.0,0.029126214,0.0,0.004854369,0.0,0.014563107,0.0,0.0,0.0,0.0,0.004854369,0.0,0.014563107,0.029126214,0.014563107,0.0,0.0,0.0,0.0,0.004854369,0.004854369,0.014563107,0.0,0.0,0.0,0.0,0.0,0.0,0.0,0.009708738,0.0,0.004854369,0.0,0.004854369,0.0,0.0,0.0,0.004854369,0.0,0.004854369,0.0
mjd78	0.11363637,0.022727273,0.022727273,0.32954547,0.03409091,0.011363637,0.06818182,0.06818182,0.09090909,0.0,0.0,0.0,0.011363637,0.011363637,0.011363637,0.0,0.03409091,0.0,0.011363637,0.0,0.0,0.011363637,0.011363637,0.0,0.011363637,0.0,0.022727273,0.0,0.0,0.0,0.0,0.0,0.0,0.0,0.0,0.0,0.0,0.011363637,0.0,0.0,0.011363637,0.0,0.0,0.0,0.011363637,0.0,0.0,0.011363637,0.011363637,0.0,0.022727273,0.0,0.0,0.011363637,0.0
sws19	0.6,0.011111111,0.022222223,0.0,0.24444444,0.022222223,0.0,0.0,0.0,0.0,0.0,0.0,0.0,0.0,0.0,0.011111111,0.0,0.055555556,0.011111111,0.0,0.0,0.011111111,0.0,0.0,0.0,0.0,0.0,0.0,0.0,0.0,0.0,0.0,0.0,0.0,0.0,0.0,0.0,0.0,0.0,0.0,0.0,0.0,0.0,0.0,0.0,0.0,0.0,0.0,0.0,0.0,0.0,0.0,0.0,0.0,0.0
rkh9	0.3114754,0.27868852,0.14754099,0.016393442,0.04918033,0.0,0.0,0.0,0.0,0.04918033,0.04918033,0.0,0.0,0.0,0.0,0.0,0.0,0.04918033,0.0,0.0,0.016393442,0.0,0.0,0.0,0.0,0.0,0.0,0.0,0.0,0.0,0.0,0.0,0.0,0.0,0.0,0.0,0.0,0.0,0.0,0.0,0.0,0.0,0.0,0.0,0.0,0.0,0.0,0.0,0.0,0.0,0.0,0.016393442,0.0,0.0,0.0
skm37	0.43283582,0.1641791,0.07462686,0.029850746,0.07462686,0.014925373,0.029850746,0.014925373,0.0,0.014925373,0.014925373,0.0,0.0,0.0,0.0,0.014925373,0.0,0.029850746,0.0,0.014925373,0.014925373,0.0,0.0,0.0,0.014925373,0.0,0.0,0.0,0.0,0.014925373,0.0,0.0,0.0,0.0,0.0,0.0,0.0,0.0,0.0,0.0,0.0,0.0,0.0,0.0,0.0,0.0,0.0,0.0,0.0,0.0,0.0,0.0,0.0,0.014925373,0.0
ril13	0.41666666,0.102564104,0.16666667,0.0,0.070512824,0.057692308,0.0064102565,0.0,0.0,0.0064102565,0.01923077,0.0064102565,0.0,0.0,0.012820513,0.025641026,0.0,0.0,0.025641026,0.025641026,0.0064102565,0.0,0.0,0.0,0.0,0.0,0.0064102565,0.0064102565,0.0,0.0064102565,0.0,0.0,0.0,0.0,0.0,0.0,0.012820513,0.0,0.0,0.0,0.0,0.0,0.0,0.0064102565,0.0,0.0,0.0,0.0,0.0,0.0,0.0,0.0,0.0064102565,0.0,0.0
skw17	0.41025642,0.17948718,0.15384616,0.025641026,0.025641026,0.07692308,0.0,0.0,0.0,0.0,0.0,0.0,0.0,0.0,0.0,0.0,0.0,0.025641026,0.0,0.0,0.025641026,0.0,0.0,0.0,0.0,0.025641026,0.025641026,0.0,0.0,0.0,0.0,0.0,0.0,0.0,0.0,0.0,0.0,0.0,0.0,0.0,0.0,0.0,0.0,0.0,0.0,0.0,0.0,0.0,0.0,0.0,0.0,0.0,0.0,0.0,0.0
kan63	0.5625,0.125,0.03125,0.03125,0.0625,0.03125,0.0,0.03125,0.0,0.0,0.0,0.03125,0.0,0.03125,0.0,0.0,0.0,0.0,0.0,0.0,0.03125,0.0,0.0,0.0,0.0,0.0,0.0,0.0,0.0,0.0,0.0,0.0,0.0,0.0,0.0,0.0,0.0,0.0,0.0,0.0,0.0,0.0,0.0,0.0,0.0,0.0,0.0,0.0,0.0,0.0,0.0,0.0,0.0,0.0,0.0
sjt27	0.44117647,0.11764706,0.11764706,0.0,0.0882353,0.029411765,0.0,0.0,0.0,0.0882353,0.0,0.029411765,0.0,0.0,0.029411765,0.0,0.0,0.0,0.0,0.0,0.0,0.0,0.0,0.0,0.0,0.0,0.029411765,0.0,0.0,0.0,0.0,0.0,0.0,0.0,0.0,0.0,0.0,0.0,0.0,0.0,0.0,0.0,0.0,0.0,0.0,0.0,0.0,0.0,0.0,0.0,0.0,0.0,0.0,0.0,0.0
cpv3	0.5,0.0,0.0,0.0,0.0,0.0,0.0,0.0,0.0,0.0,0.0,0.0,0.0,0.0,0.0,0.0,0.0,0.0,0.0,0.0,0.0,0.25,0.0,0.0,0.0,0.0,0.0,0.0,0.0,0.0,0.0,0.0,0.0,0.0,0.0,0.0,0.0,0.0,0.0,0.0,0.0,0.0,0.0,0.0,0.0,0.0,0.0,0.0,0.0,0.0,0.0,0.0,0.0,0.0,0.0
jrw98	0.3966942,0.12396694,0.041322313,0.08264463,0.03305785,0.0,0.05785124,0.016528925,0.0661157,0.0,0.016528925,0.024793388,0.016528925,0.0,0.0,0.008264462,0.0,0.0,0.016528925,0.0,0.0,0.0,0.024793388,0.0,0.0,0.0,0.0,0.0,0.0,0.008264462,0.0,0.0,0.008264462,0.008264462,0.008264462,0.0,0.0,0.0,0.0,0.008264462,0.0,0.0,0.0,0.0,0.0,0.0,0.0,0.0,0.0,0.0,0.0,0.008264462,0.0,0.008264462,0.008264462
jme42	0.66,0.06,0.04,0.01,0.03,0.05,0.0,0.01,0.0,0.0,0.0,0.01,0.0,0.05,0.0,0.01,0.03,0.01,0.0,0.0,0.0,0.0,0.0,0.0,0.0,0.0,0.0,0.0,0.0,0.0,0.0,0.0,0.0,0.0,0.0,0.0,0.0,0.0,0.0,0.01,0.0,0.0,0.0,0.0,0.0,0.0,0.0,0.0,0.0,0.0,0.01,0.0,0.0,0.0,0.0
teh26	0.6923077,0.0,0.0,0.07692308,0.0,0.0,0.0,0.07692308,0.0,0.0,0.0,0.07692308,0.0,0.0,0.0,0.0,0.0,0.0,0.0,0.0,0.0,0.0,0.0,0.0,0.0,0.0,0.0,0.0,0.0,0.0,0.0,0.0,0.0,0.0,0.0,0.0,0.0,0.0,0.0,0.0,0.0,0.0,0.0,0.0,0.0,0.0,0.0,0.0,0.0,0.0,0.0,0.0,0.0,0.0,0.0
bpc20	0.17391305,0.0,0.04347826,0.24637681,0.057971016,0.0,0.057971016,0.014492754,0.04347826,0.0,0.0,0.072463766,0.028985508,0.04347826,0.0,0.0,0.0,0.0,0.014492754,0.0,0.0,0.028985508,0.014492754,0.028985508,0.0,0.0,0.0,0.0,0.0,0.0,0.014492754,0.014492754,0.014492754,0.014492754,0.0,0.0,0.0,0.0,0.0,0.0,0.0,0.028985508,0.0,0.0,0.0,0.0,0.0,0.014492754,0.0,0.0,0.014492754,0.0,0.0,0.0,0.0
jdh99	0.36,0.08,0.08,0.06,0.08,0.1,0.02,0.0,0.0,0.02,0.0,0.0,0.0,0.02,0.02,0.02,0.02,0.02,0.0,0.02,0.02,0.0,0.02,0.0,0.0,0.0,0.0,0.0,0.0,0.0,0.0,0.0,0.0,0.0,0.0,0.0,0.0,0.0,0.0,0.0,0.0,0.0,0.0,0.0,0.0,0.0,0.0,0.0,0.0,0.0,0.02,0.0,0.0,0.0,0.0
wli1	0.4861111,0.15277778,0.06944445,0.027777778,0.027777778,0.027777778,0.0,0.041666668,0.0,0.013888889,0.0,0.013888889,0.0,0.0,0.013888889,0.0,0.0,0.0,0.0,0.013888889,0.0,0.0,0.013888889,0.0,0.0,0.013888889,0.0,0.013888889,0.0,0.0,0.0,0.0,0.0,0.0,0.0,0.0,0.013888889,0.0,0.0,0.013888889,0.0,0.0,0.0,0.0,0.0,0.013888889,0.0,0.0,0.0,0.0,0.013888889,0.0,0.0,0.0,0.0
jum48	0.47368422,0.15789473,0.13157895,0.0,0.0,0.05263158,0.0,0.0,0.0,0.02631579,0.0,0.02631579,0.0,0.0,0.0,0.02631579,0.0,0.02631579,0.02631579,0.0,0.0,0.0,0.0,0.0,0.02631579,0.0,0.0,0.0,0.0,0.0,0.0,0.0,0.0,0.0,0.0,0.0,0.0,0.0,0.0,0.0,0.0,0.0,0.0,0.0,0.0,0.0,0.0,0.0,0.0,0.0,0.0,0.0,0.0,0.0,0.0
doc23	0.4878049,0.0,0.048780486,0.14634146,0.09756097,0.09756097,0.0,0.024390243,0.0,0.0,0.0,0.0,0.0,0.0,0.0,0.048780486,0.0,0.0,0.0,0.0,0.0,0.0,0.0,0.0,0.0,0.0,0.024390243,0.0,0.0,0.0,0.0,0.0,0.0,0.0,0.0,0.0,0.0,0.0,0.0,0.0,0.0,0.0,0.0,0.0,0.0,0.0,0.0,0.0,0.0,0.0,0.0,0.0,0.0,0.0,0.0
aag45	0.15476191,0.011904762,0.083333336,0.10714286,0.11904762,0.071428575,0.05952381,0.05952381,0.023809524,0.011904762,0.0,0.011904762,0.0,0.04761905,0.011904762,0.035714287,0.011904762,0.023809524,0.0,0.035714287,0.0,0.011904762,0.0,0.011904762,0.011904762,0.0,0.0,0.0,0.0,0.0,0.0,0.011904762,0.0,0.0,0.0,0.0,0.0,0.0,0.0,0.0,0.011904762,0.0,0.011904762,0.0,0.011904762,0.0,0.0,0.011904762,0.0,0.0,0.0,0.0,0.011904762,0.0,0.0
wag7	0.43243244,0.08108108,0.0945946,0.0,0.013513514,0.12162162,0.0,0.013513514,0.0,0.027027028,0.027027028,0.0,0.0,0.0,0.054054055,0.013513514,0.0,0.0,0.013513514,0.013513514,0.013513514,0.0,0.0,0.0,0.0,0.0,0.013513514,0.0,0.0,0.0,0.0,0.0,0.0,0.0,0.0,0.0,0.0,0.0,0.0,0.013513514,0.0,0.0,0.0,0.0,0.0,0.0,0.0,0.0,0.0,0.0,0.0,0.013513514,0.013513514,0.013513514,0.0
rde8	0.42105263,0.07017544,0.07017544,0.05263158,0.01754386,0.01754386,0.03508772,0.03508772,0.05263158,0.01754386,0.03508772,0.01754386,0.01754386,0.0,0.0,0.0,0.0,0.0,0.0,0.0,0.0,0.0,0.01754386,0.0,0.0,0.01754386,0.0,0.0,0.0,0.03508772,0.0,0.0,0.0,0.0,0.0,0.0,0.0,0.0,0.01754386,0.01754386,0.0,0.0,0.0,0.0,0.01754386,0.0,0.0,0.0,0.0,0.0,0.0,0.0,0.0,0.0,0.0
kbs29	0.3181818,0.0,0.015151516,0.28787878,0.015151516,0.0,0.060606062,0.030303031,0.0,0.015151516,0.0,0.07575758,0.0,0.030303031,0.0,0.0,0.0,0.0,0.0,0.015151516,0.0,0.030303031,0.0,0.0,0.0,0.015151516,0.0,0.0,0.0,0.0,0.0,0.015151516,0.0,0.0,0.0,0.0,0.0,0.0,0.0,0.0,0.0,0.015151516,0.0,0.0,0.015151516,0.0,0.015151516,0.015151516,0.0,0.0,0.0,0.0,0.0,0.0,0.0
dkd15	0.71428573,0.0,0.0952381,0.0,0.0,0.04761905,0.0,0.0,0.0,0.0,0.0,0.0,0.0,0.0,0.0,0.0,0.0,0.0,0.0,0.0,0.0,0.0,0.0,0.0,0.0,0.0,0.0952381,0.0,0.0,0.0,0.0,0.0,0.0,0.0,0.0,0.0,0.0,0.0,0.0,0.0,0.0,0.0,0.0,0.0,0.0,0.0,0.0,0.0,0.0,0.0,0.0,0.0,0.0,0.0,0.0
ecu4	0.2638889,0.15277778,0.027777778,0.11111111,0.027777778,0.034722224,0.104166664,0.027777778,0.034722224,0.0,0.013888889,0.020833334,0.0069444445,0.013888889,0.0,0.0069444445,0.013888889,0.0069444445,0.0,0.0,0.0069444445,0.020833334,0.020833334,0.0,0.013888889,0.0,0.0,0.0069444445,0.0,0.0,0.0,0.0,0.0069444445,0.0069444445,0.0069444445,0.0,0.0,0.0,0.0,0.0,0.0,0.0,0.0069444445,0.0,0.0,0.0,0.0,0.0069444445,0.0069444445,0.0,0.0069444445,0.0,0.0,0.0,0.0069444445
mjg82	0.14285715,0.0952381,0.035714287,0.15476191,0.083333336,0.0,0.05952381,0.11904762,0.05952381,0.035714287,0.0,0.011904762,0.0,0.023809524,0.0,0.0,0.0,0.023809524,0.0,0.011904762,0.0,0.0,0.0,0.011904762,0.011904762,0.035714287,0.0,0.0,0.011904762,0.0,0.0,0.0,0.011904762,0.0,0.0,0.0,0.0,0.0,0.0,0.011904762,0.011904762,0.0,0.0,0.0,0.0,0.0,0.0,0.011904762,0.0,0.0,0.0,0.011904762,0.0,0.0,0.0
tar57	0.56122446,0.23469388,0.06122449,0.010204081,0.020408163,0.071428575,0.0,0.0,0.0,0.0,0.0,0.0,0.0,0.0,0.010204081,0.0,0.0,0.0,0.010204081,0.0,0.0,0.0,0.0,0.0,0.0,0.0,0.0,0.0,0.0,0.0,0.0,0.0,0.0,0.0,0.0,0.0,0.0,0.0,0.0,0.010204081,0.0,0.0,0.0,0.0,0.0,0.0,0.0,0.0,0.0,0.0,0.0,0.0,0.0,0.0,0.0
koj1	0.2,0.0,0.0,0.0,0.0,0.0,0.0,0.0,0.0,0.0,0.0,0.6,0.0,0.0,0.0,0.0,0.0,0.0,0.0,0.0,0.0,0.0,0.0,0.0,0.0,0.0,0.0,0.0,0.0,0.0,0.0,0.0,0.0,0.0,0.0,0.0,0.0,0.0,0.0,0.0,0.0,0.0,0.0,0.0,0.0,0.0,0.0,0.0,0.0,0.0,0.0,0.0,0.0,0.0,0.0
clk93	0.37125748,0.10778443,0.029940119,0.09580839,0.04191617,0.029940119,0.047904193,0.04191617,0.011976048,0.0,0.005988024,0.023952097,0.005988024,0.005988024,0.011976048,0.017964073,0.011976048,0.023952097,0.005988024,0.0,0.005988024,0.005988024,0.0,0.005988024,0.005988024,0.005988024,0.0,0.0,0.005988024,0.0,0.0,0.0,0.0,0.0,0.017964073,0.0,0.0,0.0,0.0,0.0,0.0,0.005988024,0.011976048,0.0,0.0,0.0,0.0,0.005988024,0.005988024,0.011976048,0.0,0.0,0.0,0.0,0.005988024
mjf68	0.40697673,0.12790698,0.12790698,0.0,0.046511628,0.093023255,0.0,0.0,0.0,0.023255814,0.034883723,0.011627907,0.0,0.0,0.011627907,0.0,0.0,0.023255814,0.023255814,0.0,0.023255814,0.0,0.0,0.0,0.0,0.011627907,0.011627907,0.0,0.0,0.0,0.0,0.0,0.0,0.0,0.0,0.0,0.011627907,0.0,0.0,0.0,0.0,0.0,0.0,0.0,0.0,0.0,0.0,0.0,0.0,0.0,0.0,0.0,0.0,0.0,0.0
res106	0.24264705,0.24264705,0.022058824,0.16176471,0.0,0.014705882,0.05147059,0.0,0.066176474,0.022058824,0.007352941,0.007352941,0.029411765,0.0,0.0,0.0,0.014705882,0.007352941,0.007352941,0.0,0.022058824,0.007352941,0.007352941,0.014705882,0.007352941,0.0,0.0,0.0,0.0,0.0,0.014705882,0.0,0.007352941,0.0,0.0,0.0,0.0,0.0,0.007352941,0.0,0.0,0.0,0.0,0.0,0.0,0.0,0.007352941,0.0,0.0,0.0,0.0,0.0,0.0,0.0,0.0
wsh5	0.45,0.15,0.05,0.0,0.1,0.0,0.0,0.05,0.0,0.0,0.0,0.05,0.0,0.05,0.0,0.0,0.0,0.0,0.0,0.0,0.0,0.0,0.0,0.0,0.0,0.0,0.0,0.0,0.0,0.0,0.0,0.0,0.0,0.0,0.0,0.0,0.0,0.0,0.0,0.0,0.0,0.0,0.05,0.0,0.0,0.0,0.0,0.0,0.0,0.0,0.0,0.0,0.0,0.0,0.0
jah208	0.5955882,0.080882356,0.029411765,0.05147059,0.066176474,0.036764707,0.007352941,0.007352941,0.0,0.0,0.014705882,0.022058824,0.0,0.022058824,0.0,0.0,0.0,0.007352941,0.014705882,0.007352941,0.0,0.0,0.0,0.0,0.0,0.0,0.0,0.0,0.0,0.0,0.0,0.0,0.0,0.007352941,0.0,0.0,0.0,0.0,0.0,0.0,0.0,0.0,0.007352941,0.0,0.0,0.0,0.0,0.0,0.0,0.0,0.0,0.0,0.007352941,0.0,0.007352941
mad205	0.40167364,0.19246861,0.06276151,0.046025105,0.041841004,0.050209206,0.025104603,0.0041841003,0.012552301,0.008368201,0.029288704,0.025104603,0.0,0.012552301,0.016736401,0.0041841003,0.0,0.0,0.008368201,0.0,0.012552301,0.0041841003,0.0,0.0,0.008368201,0.0,0.0041841003,0.0,0.0,0.0,0.0,0.0,0.0,0.0041841003,0.0,0.0,0.0,0.0,0.0,0.0041841003,0.0,0.0,0.0041841003,0.0,0.0,0.0,0.0,0.0,0.0,0.0,0.008368201,0.0,0.0041841003,0.0,0.0
rhl10	0.3030303,0.121212125,0.030303031,0.13636364,0.060606062,0.045454547,0.045454547,0.030303031,0.030303031,0.015151516,0.015151516,0.030303031,0.0,0.015151516,0.015151516,0.0,0.0,0.0,0.0,0.015151516,0.0,0.0,0.015151516,0.0,0.0,0.0,0.0,0.0,0.015151516,0.0,0.0,0.015151516,0.015151516,0.0,0.0,0.015151516,0.0,0.0,0.0,0.0,0.0,0.0,0.0,0.0,0.0,0.0,0.0,0.0,0.0,0.0,0.0,0.0,0.0,0.0,0.0
kmm137	0.5,0.0,0.125,0.125,0.0,0.0,0.0,0.0,0.0,0.125,0.0,0.0,0.0,0.0,0.0,0.0,0.0,0.0,0.0,0.0,0.0,0.0,0.0,0.0,0.0,0.0,0.0,0.0,0.0,0.0,0.0,0.0,0.0,0.0,0.0,0.0,0.0,0.0,0.0,0.0,0.0,0.0,0.0,0.0,0.0,0.0,0.0,0.0,0.0,0.0,0.0,0.0,0.0,0.0,0.0
kdd28	0.53968257,0.0,0.015873017,0.06349207,0.0952381,0.04761905,0.0,0.015873017,0.015873017,0.0,0.0,0.0952381,0.0,0.015873017,0.0,0.0,0.0,0.0,0.0,0.0,0.0,0.0,0.0,0.0,0.0,0.0,0.0,0.0,0.0,0.0,0.0,0.0,0.0,0.06349207,0.0,0.0,0.0,0.0,0.0,0.0,0.0,0.015873017,0.0,0.0,0.0,0.0,0.0,0.0,0.0,0.0,0.0,0.0,0.0,0.0,0.0
ams404	0.46456692,0.11811024,0.11023622,0.0,0.007874016,0.08661418,0.0,0.0,0.0,0.031496063,0.031496063,0.0,0.0,0.0,0.031496063,0.0,0.0,0.0,0.031496063,0.023622047,0.023622047,0.0,0.0,0.0,0.0,0.007874016,0.0,0.0,0.0,0.015748031,0.0,0.0,0.0,0.0,0.0,0.0,0.007874016,0.0,0.0,0.0,0.0,0.0,0.0,0.0,0.0,0.0,0.0,0.0,0.0,0.0,0.0,0.0,0.0,0.0,0.0
csf14	0.6363636,0.18181819,0.0,0.0,0.0,0.09090909,0.0,0.0,0.0,0.0,0.0,0.0,0.0,0.0,0.0,0.0,0.0,0.0,0.0,0.0,0.0,0.0,0.0,0.0,0.0,0.0,0.0,0.0,0.0,0.0,0.0,0.0,0.0,0.0,0.0,0.0,0.0,0.0,0.0,0.0,0.0,0.0,0.0,0.0,0.0,0.0,0.0,0.0,0.0,0.0,0.0,0.0,0.0,0.0,0.0
jlc201	0.05319149,0.0,0.010638298,0.22340426,0.010638298,0.0,0.04255319,0.010638298,0.031914894,0.0,0.0,0.0,0.27659574,0.031914894,0.0,0.0,0.0,0.0,0.0,0.031914894,0.0,0.010638298,0.010638298,0.0,0.0,0.0,0.010638298,0.0,0.06382979,0.0,0.0,0.021276595,0.0,0.0,0.0,0.05319149,0.0,0.0,0.010638298,0.0,0.0,0.0,0.010638298,0.0,0.0,0.021276595,0.05319149,0.0,0.0,0.0,0.0,0.0,0.0,0.0,0.0
qim8	0.5442177,0.054421768,0.04761905,0.06802721,0.006802721,0.08163265,0.013605442,0.006802721,0.006802721,0.013605442,0.0,0.034013607,0.006802721,0.034013607,0.020408163,0.0,0.0,0.006802721,0.013605442,0.0,0.0,0.0,0.0,0.0,0.0,0.0,0.0,0.020408163,0.0,0.0,0.0,0.0,0.0,0.006802721,0.006802721,0.0,0.0,0.0,0.0,0.0,0.0,0.0,0.0,0.0,0.0,0.0,0.0,0.0,0.0,0.0,0.0,0.0,0.0,0.0,0.0
cac189	0.51428574,0.0,0.114285715,0.0,0.028571429,0.2,0.0,0.0,0.0,0.0,0.0,0.0,0.0,0.0,0.057142857,0.0,0.0,0.0,0.028571429,0.0,0.0,0.0,0.0,0.0,0.0,0.0,0.028571429,0.0,0.0,0.0,0.0,0.0,0.0,0.0,0.0,0.0,0.0,0.0,0.0,0.0,0.0,0.0,0.0,0.0,0.0,0.0,0.0,0.0,0.0,0.0,0.0,0.0,0.0,0.0,0.0
alh130	0.5,0.125,0.0,0.125,0.0,0.0,0.0,0.0,0.0,0.0,0.0,0.125,0.0,0.0,0.0,0.0,0.0,0.0,0.0,0.0,0.0,0.0,0.0,0.0,0.0,0.0,0.0,0.0,0.0,0.0,0.0,0.0,0.0,0.0,0.0,0.0,0.0,0.0,0.0,0.0,0.0,0.0,0.0,0.0,0.0,0.0,0.0,0.0,0.0,0.0,0.0,0.0,0.0,0.0,0.0
brs112	0.07692308,0.012820513,0.0,0.26923078,0.012820513,0.0,0.115384616,0.012820513,0.08974359,0.0,0.0,0.07692308,0.06410257,0.051282052,0.012820513,0.0,0.025641026,0.0,0.0,0.0,0.012820513,0.051282052,0.0,0.0,0.03846154,0.0,0.0,0.012820513,0.0,0.0,0.0,0.0,0.0,0.0,0.012820513,0.0,0.0,0.0,0.012820513,0.0,0.025641026,0.0,0.0,0.0,0.0,0.0,0.0,0.0,0.0,0.0,0.0,0.0,0.0,0.0,0.0
alh133	0.25108224,0.103896104,0.06926407,0.103896104,0.08658009,0.021645023,0.021645023,0.021645023,0.030303031,0.017316017,0.017316017,0.012987013,0.012987013,0.0043290043,0.0043290043,0.025974026,0.0043290043,0.025974026,0.012987013,0.017316017,0.008658009,0.008658009,0.0043290043,0.0043290043,0.0,0.0,0.0,0.0043290043,0.0,0.0,0.0043290043,0.0,0.0,0.0,0.008658009,0.0043290043,0.008658009,0.0043290043,0.0,0.008658009,0.008658009,0.008658009,0.0,0.0043290043,0.0043290043,0.0043290043,0.0,0.008658009,0.0,0.0043290043,0.0,0.0043290043,0.0,0.008658009,0.0043290043
anv35	0.5473684,0.11578947,0.06842105,0.005263158,0.015789473,0.08947369,0.0,0.0,0.0,0.02631579,0.02631579,0.015789473,0.0,0.015789473,0.010526316,0.010526316,0.0,0.0,0.010526316,0.0,0.005263158,0.0,0.0,0.0,0.0,0.0,0.010526316,0.0,0.0,0.0,0.0,0.0,0.0,0.005263158,0.0,0.0,0.005263158,0.0,0.0,0.0,0.0,0.0,0.0,0.0,0.0,0.0,0.0,0.0,0.0,0.0,0.005263158,0.0,0.0,0.0,0.005263158
inf4	0.5069444,0.097222224,0.15277778,0.0,0.0,0.07638889,0.0,0.0,0.013888889,0.06944445,0.020833334,0.0,0.0,0.0,0.013888889,0.0,0.0,0.0,0.0069444445,0.0,0.013888889,0.0,0.0,0.0,0.0,0.0069444445,0.0069444445,0.0,0.0,0.0,0.0,0.0,0.0,0.0,0.0,0.0,0.0,0.0,0.0,0.0,0.0,0.0,0.0,0.0,0.0,0.0,0.0,0.0,0.0,0.0,0.0,0.0,0.0,0.0,0.0069444445
jey16	0.15584415,0.3116883,0.012987013,0.0,0.09090909,0.012987013,0.077922076,0.0,0.038961038,0.0,0.0,0.0,0.077922076,0.0,0.012987013,0.0,0.0,0.0,0.0,0.012987013,0.0,0.0,0.038961038,0.012987013,0.0,0.0,0.0,0.0,0.0,0.0,0.0,0.012987013,0.0,0.0,0.0,0.012987013,0.0,0.051948052,0.025974026,0.0,0.0,0.0,0.0,0.0,0.012987013,0.0,0.0,0.0,0.012987013,0.0,0.0,0.0,0.0,0.0,0.0
jdh98	0.1904762,0.015873017,0.0,0.11111111,0.06349207,0.0,0.1904762,0.0,0.0,0.0,0.0,0.06349207,0.07936508,0.0,0.0,0.0,0.015873017,0.015873017,0.0,0.031746034,0.0,0.0,0.0,0.031746034,0.031746034,0.0,0.0,0.0,0.0,0.0,0.015873017,0.015873017,0.015873017,0.015873017,0.0,0.0,0.0,0.0,0.0,0.0,0.0,0.015873017,0.0,0.0,0.0,0.0,0.0,0.015873017,0.04761905,0.0,0.0,0.0,0.0,0.0,0.0
atr16	0.30578512,0.09917355,0.2231405,0.03305785,0.024793388,0.03305785,0.008264462,0.0,0.024793388,0.0661157,0.03305785,0.0,0.0,0.0,0.016528925,0.0,0.0,0.0,0.008264462,0.008264462,0.0,0.0,0.0,0.0,0.0,0.041322313,0.0,0.0,0.0,0.024793388,0.0,0.0,0.008264462,0.0,0.0,0.0,0.008264462,0.0,0.0,0.0,0.008264462,0.0,0.0,0.0,0.0,0.0,0.0,0.0,0.0,0.008264462,0.0,0.0,0.008264462,0.0,0.0
pjs52	0.0,0.0,0.0,0.16666667,0.037037037,0.0,0.35185185,0.0,0.0,0.0,0.0,0.0,0.09259259,0.018518519,0.0,0.037037037,0.055555556,0.0,0.018518519,0.018518519,0.0,0.018518519,0.0,0.0,0.074074075,0.0,0.0,0.0,0.0,0.0,0.0,0.0,0.018518519,0.0,0.018518519,0.0,0.0,0.0,0.0,0.0,0.0,0.018518519,0.018518519,0.0,0.0,0.0,0.0,0.0,0.018518519,0.0,0.0,0.0,0.0,0.0,0.0
cev9	0.5,0.12068965,0.0862069,0.0,0.03448276,0.0862069,0.0,0.0,0.0,0.01724138,0.03448276,0.0,0.0,0.01724138,0.01724138,0.0,0.0,0.0,0.01724138,0.0,0.0,0.0,0.0,0.0,0.0,0.0,0.0,0.0,0.0,0.0,0.0,0.0,0.0,0.0,0.0,0.0,0.01724138,0.0,0.0,0.0,0.01724138,0.0,0.0,0.0,0.0,0.0,0.0,0.0,0.0,0.0,0.0,0.0,0.0,0.01724138,0.0
egm18	0.2857143,0.23376623,0.18181819,0.012987013,0.0,0.038961038,0.0,0.0,0.0,0.038961038,0.064935066,0.0,0.0,0.025974026,0.051948052,0.0,0.0,0.012987013,0.0,0.0,0.0,0.0,0.0,0.0,0.0,0.012987013,0.0,0.0,0.0,0.0,0.0,0.0,0.0,0.0,0.0,0.0,0.025974026,0.0,0.0,0.0,0.0,0.0,0.0,0.0,0.0,0.0,0.0,0.0,0.0,0.0,0.0,0.0,0.0,0.0,0.0
jhg10	0.556701,0.12371134,0.12371134,0.010309278,0.030927835,0.020618556,0.0,0.0,0.0,0.06185567,0.030927835,0.0,0.0,0.010309278,0.0,0.0,0.0,0.0,0.0,0.0,0.0,0.0,0.0,0.0,0.0,0.010309278,0.0,0.0,0.0,0.010309278,0.0,0.0,0.0,0.0,0.0,0.0,0.0,0.0,0.0,0.0,0.0,0.0,0.0,0.0,0.0,0.0,0.0,0.0,0.0,0.0,0.0,0.0,0.0,0.0,0.0
jdh73	0.5714286,0.08791209,0.021978023,0.032967035,0.0,0.07692308,0.032967035,0.0,0.0,0.010989011,0.0,0.021978023,0.0,0.010989011,0.010989011,0.021978023,0.0,0.0,0.0,0.0,0.0,0.0,0.0,0.0,0.0,0.0,0.0,0.0,0.0,0.010989011,0.0,0.0,0.0,0.010989011,0.0,0.0,0.0,0.0,0.0,0.0,0.0,0.0,0.021978023,0.0,0.0,0.010989011,0.0,0.0,0.0,0.021978023,0.0,0.0,0.010989011,0.0,0.0
leg33	0.17857143,0.0,0.05357143,0.14285715,0.017857144,0.035714287,0.125,0.08928572,0.0,0.0,0.0,0.017857144,0.0,0.017857144,0.0,0.035714287,0.05357143,0.0,0.05357143,0.0,0.0,0.035714287,0.017857144,0.035714287,0.0,0.0,0.0,0.017857144,0.0,0.0,0.0,0.0,0.0,0.0,0.0,0.0,0.0,0.0,0.0,0.0,0.0,0.017857144,0.0,0.0,0.017857144,0.0,0.0,0.0,0.0,0.0,0.0,0.0,0.017857144,0.0,0.0
kav33	0.045454547,0.0,0.0,0.13636364,0.0,0.0,0.18181819,0.045454547,0.0,0.0,0.0,0.045454547,0.09090909,0.0,0.0,0.0,0.0,0.0,0.0,0.045454547,0.0,0.09090909,0.0,0.045454547,0.045454547,0.0,0.0,0.0,0.0,0.0,0.0,0.0,0.0,0.0,0.045454547,0.0,0.0,0.0,0.0,0.0,0.0,0.0,0.0,0.0,0.045454547,0.0,0.09090909,0.0,0.0,0.0,0.0,0.0,0.0,0.0,0.0
cap77	0.3888889,0.0,0.027777778,0.027777778,0.25,0.055555556,0.0,0.0,0.0,0.0,0.0,0.0,0.0,0.0,0.0,0.083333336,0.0,0.027777778,0.0,0.0,0.0,0.0,0.0,0.027777778,0.0,0.0,0.0,0.027777778,0.0,0.0,0.0,0.0,0.0,0.0,0.0,0.0,0.0,0.0,0.0,0.0,0.0,0.0,0.0,0.027777778,0.0,0.0,0.0,0.0,0.0,0.027777778,0.0,0.0,0.0,0.0,0.0
kmh117	0.5365854,0.07317073,0.036585364,0.0121951215,0.036585364,0.1097561,0.0,0.036585364,0.0,0.0,0.024390243,0.0,0.0,0.024390243,0.0121951215,0.0,0.0,0.024390243,0.0,0.0,0.0121951215,0.0,0.0121951215,0.0,0.0,0.0,0.0,0.0,0.0,0.0,0.0,0.0,0.0,0.0,0.0,0.0,0.0,0.0,0.0,0.0,0.0121951215,0.0,0.0,0.0,0.0,0.0,0.0,0.0,0.0,0.0,0.0121951215,0.0,0.0121951215,0.0,0.0
djp60	0.6666667,0.0,0.074074075,0.0,0.018518519,0.14814815,0.0,0.0,0.0,0.0,0.0,0.0,0.0,0.0,0.055555556,0.0,0.0,0.0,0.018518519,0.0,0.0,0.0,0.0,0.0,0.0,0.0,0.0,0.0,0.0,0.0,0.0,0.0,0.0,0.0,0.0,0.0,0.0,0.0,0.0,0.0,0.0,0.0,0.0,0.0,0.0,0.0,0.0,0.0,0.0,0.0,0.0,0.0,0.0,0.0,0.0
mjf68	0.45614034,0.01754386,0.21052632,0.0,0.05263158,0.05263158,0.0,0.01754386,0.0,0.03508772,0.0,0.0,0.0,0.0,0.05263158,0.01754386,0.0,0.0,0.0,0.0,0.01754386,0.0,0.0,0.0,0.0,0.01754386,0.01754386,0.0,0.0,0.0,0.0,0.0,0.0,0.0,0.0,0.0,0.01754386,0.0,0.0,0.0,0.0,0.0,0.0,0.0,0.0,0.0,0.0,0.0,0.0,0.0,0.0,0.0,0.0,0.0,0.0
ryc17	0.45454547,0.09090909,0.09090909,0.0,0.09090909,0.09090909,0.0,0.0,0.0,0.0,0.0,0.0,0.0,0.0,0.0,0.09090909,0.0,0.0,0.0,0.0,0.0,0.0,0.0,0.0,0.0,0.0,0.0,0.0,0.0,0.0,0.0,0.0,0.0,0.0,0.0,0.0,0.0,0.0,0.0,0.0,0.0,0.0,0.0,0.0,0.0,0.0,0.0,0.0,0.0,0.0,0.0,0.0,0.0,0.0,0.0
tol16	0.75,0.05,0.033333335,0.05,0.016666668,0.05,0.0,0.0,0.0,0.0,0.0,0.0,0.0,0.0,0.0,0.0,0.0,0.033333335,0.0,0.0,0.0,0.0,0.0,0.0,0.0,0.0,0.0,0.0,0.0,0.0,0.0,0.0,0.0,0.0,0.0,0.0,0.0,0.0,0.0,0.0,0.0,0.0,0.0,0.0,0.0,0.0,0.0,0.0,0.0,0.0,0.0,0.0,0.0,0.0,0.0
yaz44	0.5045872,0.16513762,0.07339449,0.018348623,0.09174312,0.027522936,0.0,0.0,0.0091743115,0.018348623,0.027522936,0.0091743115,0.0,0.0,0.0091743115,0.0,0.0,0.0,0.0,0.0,0.0091743115,0.0,0.0,0.0,0.0,0.0,0.0091743115,0.0,0.0,0.0091743115,0.0,0.0,0.0,0.0,0.0,0.0,0.0091743115,0.0,0.0,0.0,0.0,0.0,0.0,0.0,0.0,0.0,0.0,0.0,0.0,0.0,0.0,0.0,0.0,0.0,0.0
bjs49	0.07575758,0.0,0.0,0.24242425,0.0,0.015151516,0.121212125,0.09090909,0.09090909,0.0,0.015151516,0.030303031,0.0,0.045454547,0.0,0.0,0.030303031,0.0,0.0,0.0,0.0,0.0,0.0,0.015151516,0.0,0.0,0.0,0.015151516,0.015151516,0.0,0.0,0.030303031,0.015151516,0.0,0.0,0.015151516,0.0,0.0,0.0,0.015151516,0.030303031,0.0,0.0,0.0,0.015151516,0.0,0.0,0.030303031,0.0,0.0,0.0,0.0,0.0,0.0,0.030303031
fek10	0.2857143,0.0,0.0,0.0,0.14285715,0.0,0.0,0.0,0.0,0.14285715,0.14285715,0.0,0.0,0.0,0.0,0.0,0.0,0.0,0.0,0.0,0.0,0.0,0.0,0.0,0.0,0.0,0.0,0.0,0.0,0.0,0.0,0.0,0.0,0.0,0.0,0.0,0.0,0.0,0.0,0.0,0.0,0.0,0.0,0.14285715,0.0,0.0,0.0,0.0,0.0,0.0,0.0,0.0,0.0,0.0,0.0
chg57	0.2521739,0.1826087,0.104347825,0.09565217,0.034782607,0.034782607,0.017391304,0.04347826,0.07826087,0.0,0.04347826,0.0,0.0,0.0,0.008695652,0.0,0.0,0.026086956,0.0,0.008695652,0.0,0.0,0.008695652,0.0,0.0,0.0,0.0,0.0,0.0,0.008695652,0.0,0.0,0.0,0.0,0.0,0.0,0.0,0.0,0.0,0.008695652,0.008695652,0.0,0.0,0.0,0.0,0.017391304,0.0,0.0,0.0,0.008695652,0.0,0.0,0.0,0.0,0.0
art47	0.27027026,0.3243243,0.054054055,0.08108108,0.0,0.0,0.0,0.0,0.054054055,0.08108108,0.027027028,0.0,0.0,0.0,0.0,0.0,0.0,0.0,0.0,0.0,0.0,0.0,0.0,0.0,0.0,0.0,0.0,0.0,0.0,0.08108108,0.0,0.0,0.0,0.0,0.0,0.0,0.0,0.0,0.0,0.0,0.0,0.0,0.0,0.0,0.0,0.0,0.0,0.0,0.0,0.0,0.0,0.0,0.0,0.0,0.0
jky3	0.46721312,0.114754096,0.18032786,0.016393442,0.024590164,0.016393442,0.0,0.016393442,0.0,0.008196721,0.024590164,0.008196721,0.008196721,0.008196721,0.016393442,0.0,0.008196721,0.008196721,0.0,0.008196721,0.008196721,0.0,0.0,0.0,0.0,0.024590164,0.008196721,0.008196721,0.0,0.0,0.0,0.0,0.0,0.0,0.0,0.0,0.0,0.0,0.0,0.0,0.0,0.0,0.0,0.0,0.0,0.0,0.0,0.0,0.008196721,0.0,0.0,0.0,0.0,0.0,0.0
ket38	0.1904762,0.04761905,0.0,0.1904762,0.04761905,0.0,0.0,0.1904762,0.0,0.0952381,0.04761905,0.0,0.0,0.04761905,0.0,0.0,0.0,0.0,0.0,0.0,0.0,0.0,0.0,0.0,0.0,0.0,0.04761905,0.0,0.0,0.0,0.0,0.0,0.0,0.0,0.0,0.0,0.0,0.0,0.0,0.0,0.0,0.0,0.04761905,0.0,0.0,0.0,0.0,0.0,0.0,0.0,0.0,0.0,0.0,0.0,0.0
abr26	0.4923077,0.046153847,0.12307692,0.0,0.07692308,0.12307692,0.0,0.015384615,0.0,0.0,0.0,0.0,0.0,0.015384615,0.03076923,0.015384615,0.015384615,0.0,0.0,0.015384615,0.0,0.0,0.0,0.0,0.0,0.0,0.0,0.0,0.0,0.0,0.0,0.0,0.0,0.0,0.0,0.0,0.0,0.0,0.0,0.0,0.0,0.0,0.0,0.0,0.015384615,0.0,0.0,0.0,0.0,0.0,0.0,0.0,0.0,0.0,0.0
mjs187	0.62886596,0.15463917,0.05154639,0.0,0.010309278,0.06185567,0.0,0.010309278,0.0,0.0,0.0,0.0,0.0,0.0,0.0,0.0,0.020618556,0.0,0.0,0.020618556,0.0,0.0,0.0,0.0,0.010309278,0.0,0.0,0.0,0.0,0.0,0.0,0.0,0.0,0.0,0.0,0.010309278,0.0,0.010309278,0.0,0.0,0.0,0.0,0.0,0.0,0.0,0.0,0.0,0.0,0.0,0.0,0.0,0.0,0.0,0.0,0.0
rjm105	0.6101695,0.0,0.084745765,0.0,0.13559322,0.084745765,0.0,0.0,0.0,0.0,0.0,0.0,0.0,0.016949153,0.016949153,0.0,0.0,0.016949153,0.0,0.016949153,0.0,0.0,0.0,0.0,0.0,0.0,0.0,0.0,0.0,0.0,0.0,0.0,0.0,0.0,0.0,0.0,0.0,0.0,0.0,0.0,0.0,0.0,0.0,0.0,0.0,0.0,0.0,0.0,0.0,0.0,0.0,0.0,0.0,0.0,0.0
vac24	0.51428574,0.114285715,0.114285715,0.028571429,0.028571429,0.057142857,0.0,0.028571429,0.0,0.0,0.0,0.0,0.0,0.028571429,0.0,0.0,0.0,0.0,0.0,0.0,0.0,0.0,0.0,0.0,0.0,0.0,0.028571429,0.0,0.0,0.0,0.0,0.0,0.0,0.0,0.0,0.0,0.0,0.0,0.0,0.0,0.0,0.0,0.0,0.028571429,0.0,0.0,0.0,0.0,0.0,0.0,0.0,0.0,0.0,0.0,0.0
avn10	0.21212122,0.0,0.0,0.030303031,0.0,0.0,0.36363637,0.0,0.0,0.0,0.0,0.030303031,0.030303031,0.030303031,0.0,0.0,0.0,0.0,0.0,0.0,0.0,0.15151516,0.0,0.0,0.0,0.0,0.0,0.0,0.0,0.0,0.0,0.0,0.0,0.0,0.030303031,0.0,0.0,0.0,0.0,0.0,0.0,0.060606062,0.0,0.0,0.0,0.0,0.030303031,0.0,0.0,0.0,0.0,0.0,0.0,0.0,0.0
jam267	0.09090909,0.0,0.0,0.0,0.27272728,0.09090909,0.0,0.0,0.0,0.09090909,0.0,0.0,0.0,0.0,0.09090909,0.09090909,0.0,0.0,0.0,0.0,0.0,0.0,0.0,0.0,0.0,0.0,0.0,0.09090909,0.0,0.0,0.0,0.0,0.0,0.0,0.0,0.0,0.0,0.0,0.0,0.0,0.0,0.0,0.09090909,0.0,0.0,0.0,0.0,0.0,0.0,0.0,0.0,0.0,0.0,0.0,0.0
ang92	0.72727275,0.038961038,0.012987013,0.025974026,0.103896104,0.064935066,0.0,0.0,0.0,0.0,0.0,0.0,0.0,0.0,0.0,0.0,0.0,0.0,0.0,0.0,0.0,0.0,0.0,0.0,0.0,0.0,0.012987013,0.0,0.0,0.0,0.0,0.0,0.0,0.0,0.0,0.0,0.0,0.0,0.0,0.0,0.0,0.0,0.0,0.0,0.0,0.0,0.0,0.0,0.0,0.0,0.0,0.0,0.0,0.0,0.0
kmt51	0.54444444,0.022222223,0.07777778,0.022222223,0.022222223,0.1,0.0,0.033333335,0.0,0.0,0.0,0.011111111,0.0,0.011111111,0.033333335,0.0,0.033333335,0.0,0.011111111,0.011111111,0.0,0.0,0.0,0.0,0.011111111,0.0,0.0,0.0,0.011111111,0.0,0.0,0.0,0.011111111,0.0,0.0,0.0,0.0,0.0,0.0,0.0,0.0,0.0,0.0,0.0,0.0,0.0,0.0,0.0,0.0,0.011111111,0.0,0.011111111,0.0,0.0,0.0
sbb28	0.014925373,0.0,0.0,0.08955224,0.07462686,0.014925373,0.20895523,0.014925373,0.0,0.0,0.0,0.0,0.07462686,0.014925373,0.0,0.029850746,0.11940298,0.0,0.014925373,0.014925373,0.0,0.029850746,0.0,0.029850746,0.014925373,0.0,0.0,0.014925373,0.0,0.0,0.014925373,0.014925373,0.014925373,0.014925373,0.014925373,0.0,0.0,0.0,0.0,0.0,0.0,0.014925373,0.0,0.029850746,0.014925373,0.0,0.014925373,0.0,0.014925373,0.014925373,0.0,0.029850746,0.0,0.0,0.0
emg65	0.42857143,0.0,0.14285715,0.14285715,0.0,0.0,0.0,0.0,0.0,0.14285715,0.0,0.0,0.0,0.0,0.0,0.0,0.0,0.0,0.0,0.0,0.0,0.0,0.0,0.0,0.0,0.0,0.0,0.0,0.0,0.0,0.0,0.0,0.0,0.0,0.0,0.0,0.0,0.0,0.0,0.0,0.0,0.0,0.0,0.0,0.0,0.0,0.0,0.0,0.0,0.0,0.0,0.0,0.0,0.0,0.0
sab155	0.2375,0.15,0.0375,0.1,0.0375,0.0625,0.05,0.025,0.025,0.0125,0.0125,0.0125,0.0125,0.025,0.0125,0.0,0.0375,0.0125,0.0,0.0,0.0,0.0,0.0125,0.0125,0.0125,0.0,0.0,0.0,0.025,0.0,0.0125,0.0125,0.0,0.0,0.0,0.0,0.0,0.0,0.0125,0.0125,0.0,0.0,0.0,0.0,0.0125,0.0,0.0,0.0,0.0,0.0,0.0,0.0,0.0,0.0,0.0
ksd19	0.5555556,0.0,0.16666667,0.0,0.0,0.11111111,0.0,0.0,0.0,0.0,0.0,0.0,0.0,0.0,0.055555556,0.0,0.0,0.0,0.055555556,0.0,0.0,0.0,0.0,0.0,0.0,0.0,0.0,0.0,0.0,0.0,0.0,0.0,0.0,0.0,0.0,0.0,0.0,0.0,0.0,0.0,0.0,0.0,0.0,0.0,0.0,0.0,0.0,0.0,0.0,0.0,0.0,0.0,0.0,0.0,0.0
rsb45	0.6585366,0.0121951215,0.15853658,0.0,0.024390243,0.024390243,0.0,0.0,0.0,0.0,0.024390243,0.0,0.0,0.0,0.0121951215,0.0121951215,0.0,0.0,0.0,0.0121951215,0.0121951215,0.0,0.0,0.0,0.0,0.0,0.0121951215,0.0,0.0121951215,0.0,0.0,0.0,0.0,0.0,0.0,0.0,0.0,0.0,0.0,0.0,0.0,0.0,0.0,0.0,0.0,0.0,0.0,0.0,0.0,0.0,0.0,0.0,0.0121951215,0.0,0.0
drr38	0.3888889,0.06944445,0.0,0.0,0.375,0.027777778,0.0,0.0,0.0,0.013888889,0.0,0.013888889,0.0,0.0,0.013888889,0.013888889,0.0,0.027777778,0.013888889,0.0,0.0,0.0,0.0,0.0,0.0,0.0,0.013888889,0.0,0.0,0.0,0.0,0.0,0.0,0.013888889,0.0,0.0,0.0,0.0,0.0,0.0,0.0,0.0,0.0,0.0,0.0,0.0,0.0,0.0,0.0,0.0,0.0,0.0,0.0,0.0,0.0
