dsa24	1.0,0.05263158,0.02631579,0.0,0.039473683,0.013157895,0.0,0.10526316,0.0,0.0,0.013157895,0.0,0.0,0.10526316,0.0,0.013157895,0.039473683,0.0,0.0,0.0,0.0,0.0,0.0,0.0,0.013157895,0.0,0.0,0.0,0.0,0.013157895,0.0,0.0,0.0,0.0,0.0,0.013157895,0.0,0.0,0.0,0.0,0.0,0.0,0.0,0.0,0.0,0.0,0.0,0.0,0.0,0.0,0.0,0.0,0.0,0.0,0.0
saa128	1.0,0.0,0.04761905,0.0,0.0952381,0.33333334,0.0,0.0,0.0,0.0,0.0,0.0,0.0,0.0,0.0,0.04761905,0.0,0.0,0.04761905,0.0,0.0,0.0,0.0,0.0,0.0,0.0,0.0,0.0,0.0,0.0,0.0,0.0,0.0,0.04761905,0.0,0.0,0.0,0.0,0.0,0.0,0.0,0.0,0.0,0.0,0.0,0.0,0.0,0.0,0.0,0.0,0.0,0.0,0.0,0.0,0.0
jhb32	1.0,0.0,0.625,0.875,0.875,0.25,0.125,0.375,0.0,0.125,0.0,0.5,0.125,0.125,0.0,0.125,0.125,0.0,0.0,0.0,0.0,0.25,0.0,0.0,0.125,0.125,0.0,0.0,0.0,0.0,0.0,0.0,0.0,0.0,0.125,0.0,0.0,0.0,0.0,0.0,0.125,0.125,0.0,0.125,0.25,0.0,0.0,0.0,0.0,0.0,0.125,0.0,0.0,0.0,0.0
snb39	1.0,0.1904762,0.0952381,0.42857143,0.16666667,0.071428575,0.4047619,0.071428575,0.42857143,0.023809524,0.023809524,0.0,0.23809524,0.04761905,0.0,0.023809524,0.0952381,0.0952381,0.0,0.023809524,0.0,0.071428575,0.23809524,0.071428575,0.04761905,0.0,0.04761905,0.0,0.0952381,0.0,0.023809524,0.16666667,0.04761905,0.023809524,0.0,0.023809524,0.0,0.071428575,0.11904762,0.023809524,0.0,0.023809524,0.0,0.023809524,0.0,0.0,0.0,0.0,0.023809524,0.0,0.0,0.04761905,0.0,0.0,0.023809524
nrg14	1.0,0.13636364,0.77272725,0.13636364,0.045454547,0.18181819,0.045454547,0.09090909,0.0,0.27272728,0.13636364,0.0,0.0,0.0,0.045454547,0.0,0.0,0.0,0.0,0.0,0.0,0.0,0.0,0.0,0.0,0.18181819,0.0,0.13636364,0.045454547,0.0,0.0,0.0,0.0,0.0,0.0,0.0,0.045454547,0.0,0.0,0.0,0.0,0.0,0.0,0.0,0.0,0.045454547,0.0,0.0,0.0,0.0,0.0,0.0,0.0,0.0,0.0
pmp27	0.2,0.0,0.1,0.7,0.5,0.2,1.0,0.1,0.1,0.0,0.0,0.1,0.4,0.1,0.0,0.0,0.9,0.1,0.0,0.2,0.0,0.0,0.3,0.2,0.3,0.0,0.0,0.1,0.0,0.0,0.0,0.0,0.1,0.0,0.1,0.1,0.0,0.2,0.0,0.0,0.0,0.0,0.0,0.0,0.0,0.1,0.0,0.0,0.2,0.1,0.0,0.0,0.0,0.0,0.0
rdp23	1.0,0.4918033,0.37704918,0.016393442,0.14754099,0.13114753,0.0,0.032786883,0.032786883,0.08196721,0.06557377,0.0,0.016393442,0.0,0.032786883,0.016393442,0.0,0.04918033,0.0,0.016393442,0.06557377,0.0,0.0,0.0,0.0,0.04918033,0.016393442,0.0,0.0,0.016393442,0.0,0.0,0.0,0.0,0.0,0.0,0.016393442,0.0,0.0,0.0,0.0,0.0,0.0,0.016393442,0.0,0.0,0.0,0.0,0.0,0.0,0.0,0.0,0.0,0.0,0.0
mjm248	1.0,0.045454547,0.5,0.0,0.36363637,0.13636364,0.045454547,0.13636364,0.0,0.13636364,0.045454547,0.045454547,0.0,0.0,0.045454547,0.0,0.045454547,0.045454547,0.045454547,0.0,0.045454547,0.0,0.0,0.0,0.0,0.045454547,0.0,0.045454547,0.0,0.09090909,0.0,0.0,0.0,0.045454547,0.0,0.0,0.0,0.0,0.0,0.045454547,0.0,0.0,0.0,0.0,0.0,0.0,0.0,0.0,0.0,0.0,0.0,0.0,0.045454547,0.045454547,0.045454547
ams396	1.0,0.33333334,0.2,0.0,0.13333334,0.13333334,0.0,0.13333334,0.0,0.033333335,0.06666667,0.0,0.0,0.0,0.06666667,0.033333335,0.0,0.0,0.0,0.033333335,0.0,0.0,0.0,0.0,0.0,0.0,0.033333335,0.0,0.0,0.0,0.0,0.0,0.0,0.0,0.0,0.0,0.033333335,0.0,0.0,0.0,0.0,0.0,0.033333335,0.0,0.0,0.0,0.0,0.0,0.0,0.0,0.0,0.0,0.0,0.033333335,0.0
jmk195	0.0,0.0,0.0,0.083333336,0.0,0.0,0.41666666,0.083333336,0.0,0.0,0.0,0.0,0.16666667,0.0,0.0,0.0,0.16666667,0.083333336,0.0,0.16666667,0.0,0.0,0.083333336,0.75,0.083333336,0.0,0.0,0.0,0.0,0.0,1.0,0.083333336,0.33333334,0.0,0.0,0.083333336,0.0,0.25,0.083333336,0.0,0.0,0.0,0.0,0.0,0.0,0.083333336,0.0,0.0,0.0,0.0,0.0,0.0,0.0,0.0,0.0
atg23	1.0,0.33333334,0.6666667,0.6666667,1.0,1.0,0.33333334,0.0,0.0,0.0,0.0,0.6666667,0.0,0.0,0.0,0.0,0.0,0.33333334,0.0,0.33333334,0.0,0.0,0.0,0.0,0.0,0.0,0.0,0.0,0.0,0.0,0.0,0.0,0.0,0.0,0.33333334,0.0,0.0,0.0,0.0,0.0,0.0,0.0,0.0,0.0,0.0,0.33333334,0.33333334,0.0,0.0,0.0,0.0,0.0,0.0,0.0,0.0
jaw154	1.0,0.23333333,0.1,0.0,0.0,0.0,0.0,0.033333335,0.0,0.033333335,0.0,0.0,0.0,0.0,0.0,0.0,0.0,0.0,0.033333335,0.0,0.033333335,0.0,0.0,0.0,0.0,0.0,0.0,0.0,0.0,0.0,0.0,0.0,0.033333335,0.0,0.0,0.0,0.0,0.0,0.0,0.0,0.0,0.0,0.0,0.033333335,0.0,0.0,0.0,0.0,0.0,0.0,0.0,0.0,0.0,0.0,0.0
tjg49	0.0,0.0,0.0,0.0,0.0,0.0,0.25,0.0,0.0,0.0,0.0,0.0,1.0,0.0,0.0,0.0,0.25,0.0,0.0,0.0,0.0,0.0,0.0,0.75,0.0,0.0,0.0,0.0,0.0,0.0,0.25,0.0,0.0,0.0,0.0,0.0,0.0,0.0,0.25,0.0,0.25,0.0,0.0,0.0,0.0,0.0,0.0,0.0,0.0,0.0,0.0,0.0,0.0,0.0,0.0
mac276	1.0,0.06818182,0.11363637,0.0,0.29545453,0.11363637,0.0,0.022727273,0.0,0.022727273,0.045454547,0.022727273,0.0,0.0,0.0,0.06818182,0.0,0.0,0.022727273,0.06818182,0.022727273,0.0,0.0,0.0,0.0,0.0,0.022727273,0.022727273,0.0,0.0,0.0,0.0,0.0,0.0,0.0,0.0,0.0,0.0,0.0,0.0,0.0,0.0,0.0,0.0,0.0,0.0,0.0,0.0,0.0,0.0,0.0,0.0,0.0,0.0,0.0
hwf2	1.0,0.4814815,0.22222222,0.11111111,0.037037037,0.037037037,0.0,0.0,0.0,0.037037037,0.074074075,0.0,0.0,0.0,0.074074075,0.0,0.0,0.0,0.0,0.0,0.037037037,0.0,0.0,0.0,0.0,0.074074075,0.0,0.0,0.0,0.037037037,0.0,0.0,0.0,0.0,0.0,0.0,0.0,0.0,0.0,0.0,0.0,0.0,0.0,0.0,0.0,0.037037037,0.0,0.0,0.0,0.0,0.0,0.0,0.0,0.0,0.0
wah7	1.0,0.0,0.0,0.25,0.0,0.0,0.25,0.0,0.0,0.0,0.0,0.0,0.0,0.0,0.0,0.0,0.0,0.0,0.0,0.0,0.0,0.0,0.0,0.0,0.25,0.0,0.0,0.0,0.0,0.0,0.0,0.0,0.0,0.0,0.0,0.0,0.0,0.0,0.25,0.0,0.0,0.0,0.0,0.0,0.0,0.0,0.0,0.0,0.0,0.0,0.0,0.0,0.0,0.0,0.0
mhr19	1.0,0.3148148,0.3888889,0.2037037,0.3148148,0.11111111,0.055555556,0.018518519,0.037037037,0.0,0.055555556,0.0,0.0,0.018518519,0.0,0.09259259,0.0,0.018518519,0.0,0.037037037,0.0,0.0,0.0,0.0,0.0,0.0,0.0,0.0,0.0,0.0,0.0,0.0,0.0,0.0,0.0,0.0,0.0,0.0,0.0,0.0,0.0,0.0,0.0,0.018518519,0.0,0.0,0.018518519,0.0,0.0,0.018518519,0.0,0.018518519,0.0,0.018518519,0.0
rwm27	1.0,0.14814815,0.074074075,0.018518519,0.018518519,0.16666667,0.0,0.0,0.018518519,0.037037037,0.018518519,0.0,0.0,0.0,0.018518519,0.018518519,0.0,0.0,0.037037037,0.0,0.018518519,0.0,0.0,0.0,0.0,0.018518519,0.018518519,0.0,0.0,0.0,0.0,0.0,0.0,0.0,0.0,0.0,0.0,0.0,0.0,0.0,0.0,0.0,0.0,0.0,0.0,0.0,0.0,0.0,0.0,0.0,0.0,0.0,0.0,0.0,0.0
mlk93	1.0,0.048387095,0.032258064,0.032258064,0.048387095,0.19354838,0.0,0.032258064,0.0,0.0,0.0,0.0,0.0,0.016129032,0.0,0.016129032,0.0,0.0,0.016129032,0.0,0.0,0.0,0.0,0.0,0.0,0.0,0.0,0.0,0.032258064,0.0,0.0,0.0,0.0,0.016129032,0.016129032,0.0,0.0,0.0,0.0,0.0,0.0,0.0,0.016129032,0.0,0.0,0.0,0.0,0.0,0.0,0.0,0.0,0.0,0.0,0.0,0.0
kko4	1.0,0.18367347,0.12244898,0.0,0.08163265,0.2857143,0.0,0.0,0.0,0.040816326,0.0,0.0,0.0,0.0,0.06122449,0.020408163,0.0,0.020408163,0.12244898,0.0,0.040816326,0.0,0.0,0.0,0.0,0.0,0.0,0.0,0.0,0.020408163,0.0,0.0,0.0,0.0,0.0,0.0,0.0,0.0,0.0,0.0,0.0,0.0,0.0,0.0,0.0,0.0,0.0,0.0,0.0,0.0,0.0,0.0,0.020408163,0.0,0.0
afd10	1.0,0.36231884,0.11594203,0.17391305,0.4347826,0.028985508,0.028985508,0.10144927,0.10144927,0.014492754,0.072463766,0.014492754,0.0,0.028985508,0.0,0.08695652,0.0,0.014492754,0.0,0.04347826,0.0,0.0,0.0,0.0,0.014492754,0.0,0.04347826,0.08695652,0.04347826,0.0,0.0,0.0,0.0,0.014492754,0.014492754,0.04347826,0.0,0.0,0.0,0.0,0.0,0.0,0.0,0.028985508,0.0,0.014492754,0.0,0.014492754,0.0,0.0,0.0,0.014492754,0.0,0.014492754,0.0
mjd78	0.3448276,0.06896552,0.06896552,1.0,0.10344828,0.03448276,0.20689656,0.20689656,0.27586207,0.0,0.0,0.0,0.03448276,0.03448276,0.03448276,0.0,0.10344828,0.0,0.03448276,0.0,0.0,0.03448276,0.03448276,0.0,0.03448276,0.0,0.06896552,0.0,0.0,0.0,0.0,0.0,0.0,0.0,0.0,0.0,0.0,0.03448276,0.0,0.0,0.03448276,0.0,0.0,0.0,0.03448276,0.0,0.0,0.03448276,0.03448276,0.0,0.06896552,0.0,0.0,0.03448276,0.0
sws19	1.0,0.018518519,0.037037037,0.0,0.4074074,0.037037037,0.0,0.0,0.0,0.0,0.0,0.0,0.0,0.0,0.0,0.018518519,0.0,0.09259259,0.018518519,0.0,0.0,0.018518519,0.0,0.0,0.0,0.0,0.0,0.0,0.0,0.0,0.0,0.0,0.0,0.0,0.0,0.0,0.0,0.0,0.0,0.0,0.0,0.0,0.0,0.0,0.0,0.0,0.0,0.0,0.0,0.0,0.0,0.0,0.0,0.0,0.0
rkh9	1.0,0.8947368,0.47368422,0.05263158,0.15789473,0.0,0.0,0.0,0.0,0.15789473,0.15789473,0.0,0.0,0.0,0.0,0.0,0.0,0.15789473,0.0,0.0,0.05263158,0.0,0.0,0.0,0.0,0.0,0.0,0.0,0.0,0.0,0.0,0.0,0.0,0.0,0.0,0.0,0.0,0.0,0.0,0.0,0.0,0.0,0.0,0.0,0.0,0.0,0.0,0.0,0.0,0.0,0.0,0.05263158,0.0,0.0,0.0
skm37	1.0,0.37931034,0.1724138,0.06896552,0.1724138,0.03448276,0.06896552,0.03448276,0.0,0.03448276,0.03448276,0.0,0.0,0.0,0.0,0.03448276,0.0,0.06896552,0.0,0.03448276,0.03448276,0.0,0.0,0.0,0.03448276,0.0,0.0,0.0,0.0,0.03448276,0.0,0.0,0.0,0.0,0.0,0.0,0.0,0.0,0.0,0.0,0.0,0.0,0.0,0.0,0.0,0.0,0.0,0.0,0.0,0.0,0.0,0.0,0.0,0.03448276,0.0
ril13	1.0,0.24615385,0.4,0.0,0.16923077,0.13846155,0.015384615,0.0,0.0,0.015384615,0.046153847,0.015384615,0.0,0.0,0.03076923,0.06153846,0.0,0.0,0.06153846,0.06153846,0.015384615,0.0,0.0,0.0,0.0,0.0,0.015384615,0.015384615,0.0,0.015384615,0.0,0.0,0.0,0.0,0.0,0.0,0.03076923,0.0,0.0,0.0,0.0,0.0,0.0,0.015384615,0.0,0.0,0.0,0.0,0.0,0.0,0.0,0.0,0.015384615,0.0,0.0
skw17	1.0,0.4375,0.375,0.0625,0.0625,0.1875,0.0,0.0,0.0,0.0,0.0,0.0,0.0,0.0,0.0,0.0,0.0,0.0625,0.0,0.0,0.0625,0.0,0.0,0.0,0.0,0.0625,0.0625,0.0,0.0,0.0,0.0,0.0,0.0,0.0,0.0,0.0,0.0,0.0,0.0,0.0,0.0,0.0,0.0,0.0,0.0,0.0,0.0,0.0,0.0,0.0,0.0,0.0,0.0,0.0,0.0
kan63	1.0,0.22222222,0.055555556,0.055555556,0.11111111,0.055555556,0.0,0.055555556,0.0,0.0,0.0,0.055555556,0.0,0.055555556,0.0,0.0,0.0,0.0,0.0,0.0,0.055555556,0.0,0.0,0.0,0.0,0.0,0.0,0.0,0.0,0.0,0.0,0.0,0.0,0.0,0.0,0.0,0.0,0.0,0.0,0.0,0.0,0.0,0.0,0.0,0.0,0.0,0.0,0.0,0.0,0.0,0.0,0.0,0.0,0.0,0.0
sjt27	1.0,0.26666668,0.26666668,0.0,0.2,0.06666667,0.0,0.0,0.0,0.2,0.0,0.06666667,0.0,0.0,0.06666667,0.0,0.0,0.0,0.0,0.0,0.0,0.0,0.0,0.0,0.0,0.0,0.06666667,0.0,0.0,0.0,0.0,0.0,0.0,0.0,0.0,0.0,0.0,0.0,0.0,0.0,0.0,0.0,0.0,0.0,0.0,0.0,0.0,0.0,0.0,0.0,0.0,0.0,0.0,0.0,0.0
cpv3	1.0,0.0,0.0,0.0,0.0,0.0,0.0,0.0,0.0,0.0,0.0,0.0,0.0,0.0,0.0,0.0,0.0,0.0,0.0,0.0,0.0,0.5,0.0,0.0,0.0,0.0,0.0,0.0,0.0,0.0,0.0,0.0,0.0,0.0,0.0,0.0,0.0,0.0,0.0,0.0,0.0,0.0,0.0,0.0,0.0,0.0,0.0,0.0,0.0,0.0,0.0,0.0,0.0,0.0,0.0
jrw98	1.0,0.3125,0.104166664,0.20833333,0.083333336,0.0,0.14583333,0.041666668,0.16666667,0.0,0.041666668,0.0625,0.041666668,0.0,0.0,0.020833334,0.0,0.0,0.041666668,0.0,0.0,0.0,0.0625,0.0,0.0,0.0,0.0,0.0,0.0,0.020833334,0.0,0.0,0.020833334,0.020833334,0.020833334,0.0,0.0,0.0,0.0,0.020833334,0.0,0.0,0.0,0.0,0.0,0.0,0.0,0.0,0.0,0.0,0.0,0.020833334,0.0,0.020833334,0.020833334
jme42	1.0,0.09090909,0.060606062,0.015151516,0.045454547,0.07575758,0.0,0.015151516,0.0,0.0,0.0,0.015151516,0.0,0.07575758,0.0,0.015151516,0.045454547,0.015151516,0.0,0.0,0.0,0.0,0.0,0.0,0.0,0.0,0.0,0.0,0.0,0.0,0.0,0.0,0.0,0.0,0.0,0.0,0.0,0.0,0.0,0.015151516,0.0,0.0,0.0,0.0,0.0,0.0,0.0,0.0,0.0,0.0,0.015151516,0.0,0.0,0.0,0.0
teh26	1.0,0.0,0.0,0.11111111,0.0,0.0,0.0,0.11111111,0.0,0.0,0.0,0.11111111,0.0,0.0,0.0,0.0,0.0,0.0,0.0,0.0,0.0,0.0,0.0,0.0,0.0,0.0,0.0,0.0,0.0,0.0,0.0,0.0,0.0,0.0,0.0,0.0,0.0,0.0,0.0,0.0,0.0,0.0,0.0,0.0,0.0,0.0,0.0,0.0,0.0,0.0,0.0,0.0,0.0,0.0,0.0
bpc20	0.7058824,0.0,0.1764706,1.0,0.23529412,0.0,0.23529412,0.05882353,0.1764706,0.0,0.0,0.29411766,0.11764706,0.1764706,0.0,0.0,0.0,0.0,0.05882353,0.0,0.0,0.11764706,0.05882353,0.11764706,0.0,0.0,0.0,0.0,0.0,0.0,0.05882353,0.05882353,0.05882353,0.05882353,0.0,0.0,0.0,0.0,0.0,0.0,0.0,0.11764706,0.0,0.0,0.0,0.0,0.0,0.05882353,0.0,0.0,0.05882353,0.0,0.0,0.0,0.0
jdh99	1.0,0.22222222,0.22222222,0.16666667,0.22222222,0.2777778,0.055555556,0.0,0.0,0.055555556,0.0,0.0,0.0,0.055555556,0.055555556,0.055555556,0.055555556,0.055555556,0.0,0.055555556,0.055555556,0.0,0.055555556,0.0,0.0,0.0,0.0,0.0,0.0,0.0,0.0,0.0,0.0,0.0,0.0,0.0,0.0,0.0,0.0,0.0,0.0,0.0,0.0,0.0,0.0,0.0,0.0,0.0,0.0,0.0,0.055555556,0.0,0.0,0.0,0.0
wli1	1.0,0.31428573,0.14285715,0.057142857,0.057142857,0.057142857,0.0,0.08571429,0.0,0.028571429,0.0,0.028571429,0.0,0.0,0.028571429,0.0,0.0,0.0,0.0,0.028571429,0.0,0.0,0.028571429,0.0,0.0,0.028571429,0.0,0.028571429,0.0,0.0,0.0,0.0,0.0,0.0,0.0,0.0,0.028571429,0.0,0.0,0.028571429,0.0,0.0,0.0,0.0,0.0,0.028571429,0.0,0.0,0.0,0.0,0.028571429,0.0,0.0,0.0,0.0
jum48	1.0,0.33333334,0.2777778,0.0,0.0,0.11111111,0.0,0.0,0.0,0.055555556,0.0,0.055555556,0.0,0.0,0.0,0.055555556,0.0,0.055555556,0.055555556,0.0,0.0,0.0,0.0,0.0,0.055555556,0.0,0.0,0.0,0.0,0.0,0.0,0.0,0.0,0.0,0.0,0.0,0.0,0.0,0.0,0.0,0.0,0.0,0.0,0.0,0.0,0.0,0.0,0.0,0.0,0.0,0.0,0.0,0.0,0.0,0.0
doc23	1.0,0.0,0.1,0.3,0.2,0.2,0.0,0.05,0.0,0.0,0.0,0.0,0.0,0.0,0.0,0.1,0.0,0.0,0.0,0.0,0.0,0.0,0.0,0.0,0.0,0.0,0.05,0.0,0.0,0.0,0.0,0.0,0.0,0.0,0.0,0.0,0.0,0.0,0.0,0.0,0.0,0.0,0.0,0.0,0.0,0.0,0.0,0.0,0.0,0.0,0.0,0.0,0.0,0.0,0.0
aag45	1.0,0.07692308,0.53846157,0.6923077,0.7692308,0.46153846,0.3846154,0.3846154,0.15384616,0.07692308,0.0,0.07692308,0.0,0.30769232,0.07692308,0.23076923,0.07692308,0.15384616,0.0,0.23076923,0.0,0.07692308,0.0,0.07692308,0.07692308,0.0,0.0,0.0,0.0,0.0,0.0,0.07692308,0.0,0.0,0.0,0.0,0.0,0.0,0.0,0.0,0.07692308,0.0,0.07692308,0.0,0.07692308,0.0,0.0,0.07692308,0.0,0.0,0.0,0.0,0.07692308,0.0,0.0
wag7	1.0,0.1875,0.21875,0.0,0.03125,0.28125,0.0,0.03125,0.0,0.0625,0.0625,0.0,0.0,0.0,0.125,0.03125,0.0,0.0,0.03125,0.03125,0.03125,0.0,0.0,0.0,0.0,0.0,0.03125,0.0,0.0,0.0,0.0,0.0,0.0,0.0,0.0,0.0,0.0,0.0,0.0,0.03125,0.0,0.0,0.0,0.0,0.0,0.0,0.0,0.0,0.0,0.0,0.0,0.03125,0.03125,0.03125,0.0
rde8	1.0,0.16666667,0.16666667,0.125,0.041666668,0.041666668,0.083333336,0.083333336,0.125,0.041666668,0.083333336,0.041666668,0.041666668,0.0,0.0,0.0,0.0,0.0,0.0,0.0,0.0,0.0,0.041666668,0.0,0.0,0.041666668,0.0,0.0,0.0,0.083333336,0.0,0.0,0.0,0.0,0.0,0.0,0.0,0.0,0.041666668,0.041666668,0.0,0.0,0.0,0.0,0.041666668,0.0,0.0,0.0,0.0,0.0,0.0,0.0,0.0,0.0,0.0
kbs29	1.0,0.0,0.04761905,0.9047619,0.04761905,0.0,0.1904762,0.0952381,0.0,0.04761905,0.0,0.23809524,0.0,0.0952381,0.0,0.0,0.0,0.0,0.0,0.04761905,0.0,0.0952381,0.0,0.0,0.0,0.04761905,0.0,0.0,0.0,0.0,0.0,0.04761905,0.0,0.0,0.0,0.0,0.0,0.0,0.0,0.0,0.0,0.04761905,0.0,0.0,0.04761905,0.0,0.04761905,0.04761905,0.0,0.0,0.0,0.0,0.0,0.0,0.0
dkd15	1.0,0.0,0.13333334,0.0,0.0,0.06666667,0.0,0.0,0.0,0.0,0.0,0.0,0.0,0.0,0.0,0.0,0.0,0.0,0.0,0.0,0.0,0.0,0.0,0.0,0.0,0.0,0.13333334,0.0,0.0,0.0,0.0,0.0,0.0,0.0,0.0,0.0,0.0,0.0,0.0,0.0,0.0,0.0,0.0,0.0,0.0,0.0,0.0,0.0,0.0,0.0,0.0,0.0,0.0,0.0,0.0
ecu4	1.0,0.57894737,0.10526316,0.42105263,0.10526316,0.13157895,0.39473686,0.10526316,0.13157895,0.0,0.05263158,0.078947365,0.02631579,0.05263158,0.0,0.02631579,0.05263158,0.02631579,0.0,0.0,0.02631579,0.078947365,0.078947365,0.0,0.05263158,0.0,0.0,0.02631579,0.0,0.0,0.0,0.0,0.02631579,0.02631579,0.02631579,0.0,0.0,0.0,0.0,0.0,0.0,0.0,0.02631579,0.0,0.0,0.0,0.0,0.02631579,0.02631579,0.0,0.02631579,0.0,0.0,0.0,0.02631579
mjg82	0.9230769,0.61538464,0.23076923,1.0,0.53846157,0.0,0.3846154,0.7692308,0.3846154,0.23076923,0.0,0.07692308,0.0,0.15384616,0.0,0.0,0.0,0.15384616,0.0,0.07692308,0.0,0.0,0.0,0.07692308,0.07692308,0.23076923,0.0,0.0,0.07692308,0.0,0.0,0.0,0.07692308,0.0,0.0,0.0,0.0,0.0,0.0,0.07692308,0.07692308,0.0,0.0,0.0,0.0,0.0,0.0,0.07692308,0.0,0.0,0.0,0.07692308,0.0,0.0,0.0
tar57	1.0,0.4181818,0.10909091,0.018181818,0.036363635,0.12727273,0.0,0.0,0.0,0.0,0.0,0.0,0.0,0.0,0.018181818,0.0,0.0,0.0,0.018181818,0.0,0.0,0.0,0.0,0.0,0.0,0.0,0.0,0.0,0.0,0.0,0.0,0.0,0.0,0.0,0.0,0.0,0.0,0.0,0.0,0.018181818,0.0,0.0,0.0,0.0,0.0,0.0,0.0,0.0,0.0,0.0,0.0,0.0,0.0,0.0,0.0
koj1	0.33333334,0.0,0.0,0.0,0.0,0.0,0.0,0.0,0.0,0.0,0.0,1.0,0.0,0.0,0.0,0.0,0.0,0.0,0.0,0.0,0.0,0.0,0.0,0.0,0.0,0.0,0.0,0.0,0.0,0.0,0.0,0.0,0.0,0.0,0.0,0.0,0.0,0.0,0.0,0.0,0.0,0.0,0.0,0.0,0.0,0.0,0.0,0.0,0.0,0.0,0.0,0.0,0.0,0.0,0.0
clk93	1.0,0.29032257,0.08064516,0.2580645,0.11290322,0.08064516,0.12903225,0.11290322,0.032258064,0.0,0.016129032,0.06451613,0.016129032,0.016129032,0.032258064,0.048387095,0.032258064,0.06451613,0.016129032,0.0,0.016129032,0.016129032,0.0,0.016129032,0.016129032,0.016129032,0.0,0.0,0.016129032,0.0,0.0,0.0,0.0,0.0,0.048387095,0.0,0.0,0.0,0.0,0.0,0.0,0.016129032,0.032258064,0.0,0.0,0.0,0.0,0.016129032,0.016129032,0.032258064,0.0,0.0,0.0,0.0,0.016129032
mjf68	1.0,0.31428573,0.31428573,0.0,0.114285715,0.22857143,0.0,0.0,0.0,0.057142857,0.08571429,0.028571429,0.0,0.0,0.028571429,0.0,0.0,0.057142857,0.057142857,0.0,0.057142857,0.0,0.0,0.0,0.0,0.028571429,0.028571429,0.0,0.0,0.0,0.0,0.0,0.0,0.0,0.0,0.0,0.028571429,0.0,0.0,0.0,0.0,0.0,0.0,0.0,0.0,0.0,0.0,0.0,0.0,0.0,0.0,0.0,0.0,0.0,0.0
res106	1.0,1.0,0.09090909,0.6666667,0.0,0.060606062,0.21212122,0.0,0.27272728,0.09090909,0.030303031,0.030303031,0.121212125,0.0,0.0,0.0,0.060606062,0.030303031,0.030303031,0.0,0.09090909,0.030303031,0.030303031,0.060606062,0.030303031,0.0,0.0,0.0,0.0,0.0,0.060606062,0.0,0.030303031,0.0,0.0,0.0,0.0,0.0,0.030303031,0.0,0.0,0.0,0.0,0.0,0.0,0.0,0.030303031,0.0,0.0,0.0,0.0,0.0,0.0,0.0,0.0
wsh5	1.0,0.33333334,0.11111111,0.0,0.22222222,0.0,0.0,0.11111111,0.0,0.0,0.0,0.11111111,0.0,0.11111111,0.0,0.0,0.0,0.0,0.0,0.0,0.0,0.0,0.0,0.0,0.0,0.0,0.0,0.0,0.0,0.0,0.0,0.0,0.0,0.0,0.0,0.0,0.0,0.0,0.0,0.0,0.0,0.0,0.11111111,0.0,0.0,0.0,0.0,0.0,0.0,0.0,0.0,0.0,0.0,0.0,0.0
jah208	1.0,0.13580246,0.049382716,0.086419754,0.11111111,0.061728396,0.012345679,0.012345679,0.0,0.0,0.024691358,0.037037037,0.0,0.037037037,0.0,0.0,0.0,0.012345679,0.024691358,0.012345679,0.0,0.0,0.0,0.0,0.0,0.0,0.0,0.0,0.0,0.0,0.0,0.0,0.0,0.012345679,0.0,0.0,0.0,0.0,0.0,0.0,0.0,0.0,0.012345679,0.0,0.0,0.0,0.0,0.0,0.0,0.0,0.0,0.0,0.012345679,0.0,0.012345679
mad205	1.0,0.47916666,0.15625,0.114583336,0.104166664,0.125,0.0625,0.010416667,0.03125,0.020833334,0.072916664,0.0625,0.0,0.03125,0.041666668,0.010416667,0.0,0.0,0.020833334,0.0,0.03125,0.010416667,0.0,0.0,0.020833334,0.0,0.010416667,0.0,0.0,0.0,0.0,0.0,0.0,0.010416667,0.0,0.0,0.0,0.0,0.0,0.010416667,0.0,0.0,0.010416667,0.0,0.0,0.0,0.0,0.0,0.0,0.0,0.020833334,0.0,0.010416667,0.0,0.0
rhl10	1.0,0.4,0.1,0.45,0.2,0.15,0.15,0.1,0.1,0.05,0.05,0.1,0.0,0.05,0.05,0.0,0.0,0.0,0.0,0.05,0.0,0.0,0.05,0.0,0.0,0.0,0.0,0.0,0.05,0.0,0.0,0.05,0.05,0.0,0.0,0.05,0.0,0.0,0.0,0.0,0.0,0.0,0.0,0.0,0.0,0.0,0.0,0.0,0.0,0.0,0.0,0.0,0.0,0.0,0.0
kmm137	1.0,0.0,0.25,0.25,0.0,0.0,0.0,0.0,0.0,0.25,0.0,0.0,0.0,0.0,0.0,0.0,0.0,0.0,0.0,0.0,0.0,0.0,0.0,0.0,0.0,0.0,0.0,0.0,0.0,0.0,0.0,0.0,0.0,0.0,0.0,0.0,0.0,0.0,0.0,0.0,0.0,0.0,0.0,0.0,0.0,0.0,0.0,0.0,0.0,0.0,0.0,0.0,0.0,0.0,0.0
kdd28	1.0,0.0,0.029411765,0.11764706,0.1764706,0.0882353,0.0,0.029411765,0.029411765,0.0,0.0,0.1764706,0.0,0.029411765,0.0,0.0,0.0,0.0,0.0,0.0,0.0,0.0,0.0,0.0,0.0,0.0,0.0,0.0,0.0,0.0,0.0,0.0,0.0,0.11764706,0.0,0.0,0.0,0.0,0.0,0.0,0.0,0.029411765,0.0,0.0,0.0,0.0,0.0,0.0,0.0,0.0,0.0,0.0,0.0,0.0,0.0
ams404	1.0,0.2542373,0.23728813,0.0,0.016949153,0.18644068,0.0,0.0,0.0,0.06779661,0.06779661,0.0,0.0,0.0,0.06779661,0.0,0.0,0.0,0.06779661,0.050847456,0.050847456,0.0,0.0,0.0,0.0,0.016949153,0.0,0.0,0.0,0.033898305,0.0,0.0,0.0,0.0,0.0,0.0,0.016949153,0.0,0.0,0.0,0.0,0.0,0.0,0.0,0.0,0.0,0.0,0.0,0.0,0.0,0.0,0.0,0.0,0.0,0.0
csf14	1.0,0.2857143,0.0,0.0,0.0,0.14285715,0.0,0.0,0.0,0.0,0.0,0.0,0.0,0.0,0.0,0.0,0.0,0.0,0.0,0.0,0.0,0.0,0.0,0.0,0.0,0.0,0.0,0.0,0.0,0.0,0.0,0.0,0.0,0.0,0.0,0.0,0.0,0.0,0.0,0.0,0.0,0.0,0.0,0.0,0.0,0.0,0.0,0.0,0.0,0.0,0.0,0.0,0.0,0.0,0.0
jlc201	0.1923077,0.0,0.03846154,0.8076923,0.03846154,0.0,0.15384616,0.03846154,0.115384616,0.0,0.0,0.0,1.0,0.115384616,0.0,0.0,0.0,0.0,0.0,0.115384616,0.0,0.03846154,0.03846154,0.0,0.0,0.0,0.03846154,0.0,0.23076923,0.0,0.0,0.07692308,0.0,0.0,0.0,0.1923077,0.0,0.0,0.03846154,0.0,0.0,0.0,0.03846154,0.0,0.0,0.07692308,0.1923077,0.0,0.0,0.0,0.0,0.0,0.0,0.0,0.0
qim8	1.0,0.1,0.0875,0.125,0.0125,0.15,0.025,0.0125,0.0125,0.025,0.0,0.0625,0.0125,0.0625,0.0375,0.0,0.0,0.0125,0.025,0.0,0.0,0.0,0.0,0.0,0.0,0.0,0.0,0.0375,0.0,0.0,0.0,0.0,0.0,0.0125,0.0125,0.0,0.0,0.0,0.0,0.0,0.0,0.0,0.0,0.0,0.0,0.0,0.0,0.0,0.0,0.0,0.0,0.0,0.0,0.0,0.0
cac189	1.0,0.0,0.22222222,0.0,0.055555556,0.3888889,0.0,0.0,0.0,0.0,0.0,0.0,0.0,0.0,0.11111111,0.0,0.0,0.0,0.055555556,0.0,0.0,0.0,0.0,0.0,0.0,0.0,0.055555556,0.0,0.0,0.0,0.0,0.0,0.0,0.0,0.0,0.0,0.0,0.0,0.0,0.0,0.0,0.0,0.0,0.0,0.0,0.0,0.0,0.0,0.0,0.0,0.0,0.0,0.0,0.0,0.0
alh130	1.0,0.25,0.0,0.25,0.0,0.0,0.0,0.0,0.0,0.0,0.0,0.25,0.0,0.0,0.0,0.0,0.0,0.0,0.0,0.0,0.0,0.0,0.0,0.0,0.0,0.0,0.0,0.0,0.0,0.0,0.0,0.0,0.0,0.0,0.0,0.0,0.0,0.0,0.0,0.0,0.0,0.0,0.0,0.0,0.0,0.0,0.0,0.0,0.0,0.0,0.0,0.0,0.0,0.0,0.0
brs112	0.2857143,0.04761905,0.0,1.0,0.04761905,0.0,0.42857143,0.04761905,0.33333334,0.0,0.0,0.2857143,0.23809524,0.1904762,0.04761905,0.0,0.0952381,0.0,0.0,0.0,0.04761905,0.1904762,0.0,0.0,0.14285715,0.0,0.0,0.04761905,0.0,0.0,0.0,0.0,0.0,0.0,0.04761905,0.0,0.0,0.0,0.04761905,0.0,0.0952381,0.0,0.0,0.0,0.0,0.0,0.0,0.0,0.0,0.0,0.0,0.0,0.0,0.0,0.0
alh133	1.0,0.41379312,0.27586207,0.41379312,0.3448276,0.0862069,0.0862069,0.0862069,0.12068965,0.06896552,0.06896552,0.05172414,0.05172414,0.01724138,0.01724138,0.10344828,0.01724138,0.10344828,0.05172414,0.06896552,0.03448276,0.03448276,0.01724138,0.01724138,0.0,0.0,0.0,0.01724138,0.0,0.0,0.01724138,0.0,0.0,0.0,0.03448276,0.01724138,0.03448276,0.01724138,0.0,0.03448276,0.03448276,0.03448276,0.0,0.01724138,0.01724138,0.01724138,0.0,0.03448276,0.0,0.01724138,0.0,0.01724138,0.0,0.03448276,0.01724138
anv35	1.0,0.21153846,0.125,0.009615385,0.028846154,0.16346154,0.0,0.0,0.0,0.048076924,0.048076924,0.028846154,0.0,0.028846154,0.01923077,0.01923077,0.0,0.0,0.01923077,0.0,0.009615385,0.0,0.0,0.0,0.0,0.0,0.01923077,0.0,0.0,0.0,0.0,0.0,0.0,0.009615385,0.0,0.0,0.009615385,0.0,0.0,0.0,0.0,0.0,0.0,0.0,0.0,0.0,0.0,0.0,0.0,0.0,0.009615385,0.0,0.0,0.0,0.009615385
inf4	1.0,0.19178082,0.30136988,0.0,0.0,0.15068494,0.0,0.0,0.02739726,0.1369863,0.04109589,0.0,0.0,0.0,0.02739726,0.0,0.0,0.0,0.01369863,0.0,0.02739726,0.0,0.0,0.0,0.0,0.01369863,0.01369863,0.0,0.0,0.0,0.0,0.0,0.0,0.0,0.0,0.0,0.0,0.0,0.0,0.0,0.0,0.0,0.0,0.0,0.0,0.0,0.0,0.0,0.0,0.0,0.0,0.0,0.0,0.0,0.01369863
jey16	0.5,1.0,0.041666668,0.0,0.29166666,0.041666668,0.25,0.0,0.125,0.0,0.0,0.0,0.25,0.0,0.041666668,0.0,0.0,0.0,0.0,0.041666668,0.0,0.0,0.125,0.041666668,0.0,0.0,0.0,0.0,0.0,0.0,0.0,0.041666668,0.0,0.0,0.0,0.041666668,0.0,0.16666667,0.083333336,0.0,0.0,0.0,0.0,0.0,0.041666668,0.0,0.0,0.0,0.041666668,0.0,0.0,0.0,0.0,0.0,0.0
jdh98	1.0,0.083333336,0.0,0.5833333,0.33333334,0.0,1.0,0.0,0.0,0.0,0.0,0.33333334,0.41666666,0.0,0.0,0.0,0.083333336,0.083333336,0.0,0.16666667,0.0,0.0,0.0,0.16666667,0.16666667,0.0,0.0,0.0,0.0,0.0,0.083333336,0.083333336,0.083333336,0.083333336,0.0,0.0,0.0,0.0,0.0,0.0,0.0,0.083333336,0.0,0.0,0.0,0.0,0.0,0.083333336,0.25,0.0,0.0,0.0,0.0,0.0,0.0
atr16	1.0,0.3243243,0.7297297,0.10810811,0.08108108,0.10810811,0.027027028,0.0,0.08108108,0.21621622,0.10810811,0.0,0.0,0.0,0.054054055,0.0,0.0,0.0,0.027027028,0.027027028,0.0,0.0,0.0,0.0,0.0,0.13513513,0.0,0.0,0.0,0.08108108,0.0,0.0,0.027027028,0.0,0.0,0.0,0.027027028,0.0,0.0,0.0,0.027027028,0.0,0.0,0.0,0.0,0.0,0.0,0.0,0.0,0.027027028,0.0,0.0,0.027027028,0.0,0.0
pjs52	0.0,0.0,0.0,0.47368422,0.10526316,0.0,1.0,0.0,0.0,0.0,0.0,0.0,0.2631579,0.05263158,0.0,0.10526316,0.15789473,0.0,0.05263158,0.05263158,0.0,0.05263158,0.0,0.0,0.21052632,0.0,0.0,0.0,0.0,0.0,0.0,0.0,0.05263158,0.0,0.05263158,0.0,0.0,0.0,0.0,0.0,0.0,0.05263158,0.05263158,0.0,0.0,0.0,0.0,0.0,0.05263158,0.0,0.0,0.0,0.0,0.0,0.0
cev9	1.0,0.2413793,0.1724138,0.0,0.06896552,0.1724138,0.0,0.0,0.0,0.03448276,0.06896552,0.0,0.0,0.03448276,0.03448276,0.0,0.0,0.0,0.03448276,0.0,0.0,0.0,0.0,0.0,0.0,0.0,0.0,0.0,0.0,0.0,0.0,0.0,0.0,0.0,0.0,0.0,0.03448276,0.0,0.0,0.0,0.03448276,0.0,0.0,0.0,0.0,0.0,0.0,0.0,0.0,0.0,0.0,0.0,0.0,0.03448276,0.0
egm18	1.0,0.8181818,0.6363636,0.045454547,0.0,0.13636364,0.0,0.0,0.0,0.13636364,0.22727273,0.0,0.0,0.09090909,0.18181819,0.0,0.0,0.045454547,0.0,0.0,0.0,0.0,0.0,0.0,0.0,0.045454547,0.0,0.0,0.0,0.0,0.0,0.0,0.0,0.0,0.0,0.0,0.09090909,0.0,0.0,0.0,0.0,0.0,0.0,0.0,0.0,0.0,0.0,0.0,0.0,0.0,0.0,0.0,0.0,0.0,0.0
jhg10	1.0,0.22222222,0.22222222,0.018518519,0.055555556,0.037037037,0.0,0.0,0.0,0.11111111,0.055555556,0.0,0.0,0.018518519,0.0,0.0,0.0,0.0,0.0,0.0,0.0,0.0,0.0,0.0,0.0,0.018518519,0.0,0.0,0.0,0.018518519,0.0,0.0,0.0,0.0,0.0,0.0,0.0,0.0,0.0,0.0,0.0,0.0,0.0,0.0,0.0,0.0,0.0,0.0,0.0,0.0,0.0,0.0,0.0,0.0,0.0
jdh73	1.0,0.15384616,0.03846154,0.057692308,0.0,0.13461539,0.057692308,0.0,0.0,0.01923077,0.0,0.03846154,0.0,0.01923077,0.01923077,0.03846154,0.0,0.0,0.0,0.0,0.0,0.0,0.0,0.0,0.0,0.0,0.0,0.0,0.0,0.01923077,0.0,0.0,0.0,0.01923077,0.0,0.0,0.0,0.0,0.0,0.0,0.0,0.0,0.03846154,0.0,0.0,0.01923077,0.0,0.0,0.0,0.03846154,0.0,0.0,0.01923077,0.0,0.0
leg33	1.0,0.0,0.3,0.8,0.1,0.2,0.7,0.5,0.0,0.0,0.0,0.1,0.0,0.1,0.0,0.2,0.3,0.0,0.3,0.0,0.0,0.2,0.1,0.2,0.0,0.0,0.0,0.1,0.0,0.0,0.0,0.0,0.0,0.0,0.0,0.0,0.0,0.0,0.0,0.0,0.0,0.1,0.0,0.0,0.1,0.0,0.0,0.0,0.0,0.0,0.0,0.0,0.1,0.0,0.0
kav33	0.25,0.0,0.0,0.75,0.0,0.0,1.0,0.25,0.0,0.0,0.0,0.25,0.5,0.0,0.0,0.0,0.0,0.0,0.0,0.25,0.0,0.5,0.0,0.25,0.25,0.0,0.0,0.0,0.0,0.0,0.0,0.0,0.0,0.0,0.25,0.0,0.0,0.0,0.0,0.0,0.0,0.0,0.0,0.0,0.25,0.0,0.5,0.0,0.0,0.0,0.0,0.0,0.0,0.0,0.0
cap77	1.0,0.0,0.071428575,0.071428575,0.64285713,0.14285715,0.0,0.0,0.0,0.0,0.0,0.0,0.0,0.0,0.0,0.21428572,0.0,0.071428575,0.0,0.0,0.0,0.0,0.0,0.071428575,0.0,0.0,0.0,0.071428575,0.0,0.0,0.0,0.0,0.0,0.0,0.0,0.0,0.0,0.0,0.0,0.0,0.0,0.0,0.0,0.071428575,0.0,0.0,0.0,0.0,0.0,0.071428575,0.0,0.0,0.0,0.0,0.0
kmh117	1.0,0.13636364,0.06818182,0.022727273,0.06818182,0.20454545,0.0,0.06818182,0.0,0.0,0.045454547,0.0,0.0,0.045454547,0.022727273,0.0,0.0,0.045454547,0.0,0.0,0.022727273,0.0,0.022727273,0.0,0.0,0.0,0.0,0.0,0.0,0.0,0.0,0.0,0.0,0.0,0.0,0.0,0.0,0.0,0.0,0.0,0.022727273,0.0,0.0,0.0,0.0,0.0,0.0,0.0,0.0,0.0,0.022727273,0.0,0.022727273,0.0,0.0
djp60	1.0,0.0,0.11111111,0.0,0.027777778,0.22222222,0.0,0.0,0.0,0.0,0.0,0.0,0.0,0.0,0.083333336,0.0,0.0,0.0,0.027777778,0.0,0.0,0.0,0.0,0.0,0.0,0.0,0.0,0.0,0.0,0.0,0.0,0.0,0.0,0.0,0.0,0.0,0.0,0.0,0.0,0.0,0.0,0.0,0.0,0.0,0.0,0.0,0.0,0.0,0.0,0.0,0.0,0.0,0.0,0.0,0.0
mjf68	1.0,0.03846154,0.46153846,0.0,0.115384616,0.115384616,0.0,0.03846154,0.0,0.07692308,0.0,0.0,0.0,0.0,0.115384616,0.03846154,0.0,0.0,0.0,0.0,0.03846154,0.0,0.0,0.0,0.0,0.03846154,0.03846154,0.0,0.0,0.0,0.0,0.0,0.0,0.0,0.0,0.0,0.03846154,0.0,0.0,0.0,0.0,0.0,0.0,0.0,0.0,0.0,0.0,0.0,0.0,0.0,0.0,0.0,0.0,0.0,0.0
ryc17	1.0,0.2,0.2,0.0,0.2,0.2,0.0,0.0,0.0,0.0,0.0,0.0,0.0,0.0,0.0,0.2,0.0,0.0,0.0,0.0,0.0,0.0,0.0,0.0,0.0,0.0,0.0,0.0,0.0,0.0,0.0,0.0,0.0,0.0,0.0,0.0,0.0,0.0,0.0,0.0,0.0,0.0,0.0,0.0,0.0,0.0,0.0,0.0,0.0,0.0,0.0,0.0,0.0,0.0,0.0
tol16	1.0,0.06666667,0.044444446,0.06666667,0.022222223,0.06666667,0.0,0.0,0.0,0.0,0.0,0.0,0.0,0.0,0.0,0.0,0.0,0.044444446,0.0,0.0,0.0,0.0,0.0,0.0,0.0,0.0,0.0,0.0,0.0,0.0,0.0,0.0,0.0,0.0,0.0,0.0,0.0,0.0,0.0,0.0,0.0,0.0,0.0,0.0,0.0,0.0,0.0,0.0,0.0,0.0,0.0,0.0,0.0,0.0,0.0
yaz44	1.0,0.3272727,0.14545454,0.036363635,0.18181819,0.054545455,0.0,0.0,0.018181818,0.036363635,0.054545455,0.018181818,0.0,0.0,0.018181818,0.0,0.0,0.0,0.0,0.0,0.018181818,0.0,0.0,0.0,0.0,0.0,0.018181818,0.0,0.0,0.018181818,0.0,0.0,0.0,0.0,0.0,0.0,0.018181818,0.0,0.0,0.0,0.0,0.0,0.0,0.0,0.0,0.0,0.0,0.0,0.0,0.0,0.0,0.0,0.0,0.0,0.0
bjs49	0.3125,0.0,0.0,1.0,0.0,0.0625,0.5,0.375,0.375,0.0,0.0625,0.125,0.0,0.1875,0.0,0.0,0.125,0.0,0.0,0.0,0.0,0.0,0.0,0.0625,0.0,0.0,0.0,0.0625,0.0625,0.0,0.0,0.125,0.0625,0.0,0.0,0.0625,0.0,0.0,0.0,0.0625,0.125,0.0,0.0,0.0,0.0625,0.0,0.0,0.125,0.0,0.0,0.0,0.0,0.0,0.0,0.125
fek10	1.0,0.0,0.0,0.0,0.5,0.0,0.0,0.0,0.0,0.5,0.5,0.0,0.0,0.0,0.0,0.0,0.0,0.0,0.0,0.0,0.0,0.0,0.0,0.0,0.0,0.0,0.0,0.0,0.0,0.0,0.0,0.0,0.0,0.0,0.0,0.0,0.0,0.0,0.0,0.0,0.0,0.0,0.0,0.5,0.0,0.0,0.0,0.0,0.0,0.0,0.0,0.0,0.0,0.0,0.0
chg57	1.0,0.7241379,0.41379312,0.37931034,0.13793103,0.13793103,0.06896552,0.1724138,0.31034482,0.0,0.1724138,0.0,0.0,0.0,0.03448276,0.0,0.0,0.10344828,0.0,0.03448276,0.0,0.0,0.03448276,0.0,0.0,0.0,0.0,0.0,0.0,0.03448276,0.0,0.0,0.0,0.0,0.0,0.0,0.0,0.0,0.0,0.03448276,0.03448276,0.0,0.0,0.0,0.0,0.06896552,0.0,0.0,0.0,0.03448276,0.0,0.0,0.0,0.0,0.0
art47	0.8333333,1.0,0.16666667,0.25,0.0,0.0,0.0,0.0,0.16666667,0.25,0.083333336,0.0,0.0,0.0,0.0,0.0,0.0,0.0,0.0,0.0,0.0,0.0,0.0,0.0,0.0,0.0,0.0,0.0,0.0,0.25,0.0,0.0,0.0,0.0,0.0,0.0,0.0,0.0,0.0,0.0,0.0,0.0,0.0,0.0,0.0,0.0,0.0,0.0,0.0,0.0,0.0,0.0,0.0,0.0,0.0
jky3	1.0,0.24561404,0.3859649,0.03508772,0.05263158,0.03508772,0.0,0.03508772,0.0,0.01754386,0.05263158,0.01754386,0.01754386,0.01754386,0.03508772,0.0,0.01754386,0.01754386,0.0,0.01754386,0.01754386,0.0,0.0,0.0,0.0,0.05263158,0.01754386,0.01754386,0.0,0.0,0.0,0.0,0.0,0.0,0.0,0.0,0.0,0.0,0.0,0.0,0.0,0.0,0.0,0.0,0.0,0.0,0.0,0.0,0.01754386,0.0,0.0,0.0,0.0,0.0,0.0
ket38	1.0,0.25,0.0,1.0,0.25,0.0,0.0,1.0,0.0,0.5,0.25,0.0,0.0,0.25,0.0,0.0,0.0,0.0,0.0,0.0,0.0,0.0,0.0,0.0,0.0,0.0,0.25,0.0,0.0,0.0,0.0,0.0,0.0,0.0,0.0,0.0,0.0,0.0,0.0,0.0,0.0,0.0,0.25,0.0,0.0,0.0,0.0,0.0,0.0,0.0,0.0,0.0,0.0,0.0,0.0
abr26	1.0,0.09375,0.25,0.0,0.15625,0.25,0.0,0.03125,0.0,0.0,0.0,0.0,0.0,0.03125,0.0625,0.03125,0.03125,0.0,0.0,0.03125,0.0,0.0,0.0,0.0,0.0,0.0,0.0,0.0,0.0,0.0,0.0,0.0,0.0,0.0,0.0,0.0,0.0,0.0,0.0,0.0,0.0,0.0,0.0,0.0,0.03125,0.0,0.0,0.0,0.0,0.0,0.0,0.0,0.0,0.0,0.0
mjs187	1.0,0.24590164,0.08196721,0.0,0.016393442,0.09836066,0.0,0.016393442,0.0,0.0,0.0,0.0,0.0,0.0,0.0,0.0,0.032786883,0.0,0.0,0.032786883,0.0,0.0,0.0,0.0,0.016393442,0.0,0.0,0.0,0.0,0.0,0.0,0.0,0.0,0.0,0.0,0.016393442,0.0,0.016393442,0.0,0.0,0.0,0.0,0.0,0.0,0.0,0.0,0.0,0.0,0.0,0.0,0.0,0.0,0.0,0.0,0.0
rjm105	1.0,0.0,0.1388889,0.0,0.22222222,0.1388889,0.0,0.0,0.0,0.0,0.0,0.0,0.0,0.027777778,0.027777778,0.0,0.0,0.027777778,0.0,0.027777778,0.0,0.0,0.0,0.0,0.0,0.0,0.0,0.0,0.0,0.0,0.0,0.0,0.0,0.0,0.0,0.0,0.0,0.0,0.0,0.0,0.0,0.0,0.0,0.0,0.0,0.0,0.0,0.0,0.0,0.0,0.0,0.0,0.0,0.0,0.0
vac24	1.0,0.22222222,0.22222222,0.055555556,0.055555556,0.11111111,0.0,0.055555556,0.0,0.0,0.0,0.0,0.0,0.055555556,0.0,0.0,0.0,0.0,0.0,0.0,0.0,0.0,0.0,0.0,0.0,0.0,0.055555556,0.0,0.0,0.0,0.0,0.0,0.0,0.0,0.0,0.0,0.0,0.0,0.0,0.0,0.0,0.0,0.0,0.055555556,0.0,0.0,0.0,0.0,0.0,0.0,0.0,0.0,0.0,0.0,0.0
avn10	0.5833333,0.0,0.0,0.083333336,0.0,0.0,1.0,0.0,0.0,0.0,0.0,0.083333336,0.083333336,0.083333336,0.0,0.0,0.0,0.0,0.0,0.0,0.0,0.41666666,0.0,0.0,0.0,0.0,0.0,0.0,0.0,0.0,0.0,0.0,0.0,0.0,0.083333336,0.0,0.0,0.0,0.0,0.0,0.0,0.16666667,0.0,0.0,0.0,0.0,0.083333336,0.0,0.0,0.0,0.0,0.0,0.0,0.0,0.0
jam267	0.33333334,0.0,0.0,0.0,1.0,0.33333334,0.0,0.0,0.0,0.33333334,0.0,0.0,0.0,0.0,0.33333334,0.33333334,0.0,0.0,0.0,0.0,0.0,0.0,0.0,0.0,0.0,0.0,0.0,0.33333334,0.0,0.0,0.0,0.0,0.0,0.0,0.0,0.0,0.0,0.0,0.0,0.0,0.0,0.0,0.33333334,0.0,0.0,0.0,0.0,0.0,0.0,0.0,0.0,0.0,0.0,0.0,0.0
ang92	1.0,0.05357143,0.017857144,0.035714287,0.14285715,0.08928572,0.0,0.0,0.0,0.0,0.0,0.0,0.0,0.0,0.0,0.0,0.0,0.0,0.0,0.0,0.0,0.0,0.0,0.0,0.0,0.0,0.017857144,0.0,0.0,0.0,0.0,0.0,0.0,0.0,0.0,0.0,0.0,0.0,0.0,0.0,0.0,0.0,0.0,0.0,0.0,0.0,0.0,0.0,0.0,0.0,0.0,0.0,0.0,0.0,0.0
kmt51	1.0,0.040816326,0.14285715,0.040816326,0.040816326,0.18367347,0.0,0.06122449,0.0,0.0,0.0,0.020408163,0.0,0.020408163,0.06122449,0.0,0.06122449,0.0,0.020408163,0.020408163,0.0,0.0,0.0,0.0,0.020408163,0.0,0.0,0.0,0.020408163,0.0,0.0,0.0,0.020408163,0.0,0.0,0.0,0.0,0.0,0.0,0.0,0.0,0.0,0.0,0.0,0.0,0.0,0.0,0.0,0.0,0.020408163,0.0,0.020408163,0.0,0.0,0.0
sbb28	0.071428575,0.0,0.0,0.42857143,0.35714287,0.071428575,1.0,0.071428575,0.0,0.0,0.0,0.0,0.35714287,0.071428575,0.0,0.14285715,0.5714286,0.0,0.071428575,0.071428575,0.0,0.14285715,0.0,0.14285715,0.071428575,0.0,0.0,0.071428575,0.0,0.0,0.071428575,0.071428575,0.071428575,0.071428575,0.071428575,0.0,0.0,0.0,0.0,0.0,0.0,0.071428575,0.0,0.14285715,0.071428575,0.0,0.071428575,0.0,0.071428575,0.071428575,0.0,0.14285715,0.0,0.0,0.0
emg65	1.0,0.0,0.33333334,0.33333334,0.0,0.0,0.0,0.0,0.0,0.33333334,0.0,0.0,0.0,0.0,0.0,0.0,0.0,0.0,0.0,0.0,0.0,0.0,0.0,0.0,0.0,0.0,0.0,0.0,0.0,0.0,0.0,0.0,0.0,0.0,0.0,0.0,0.0,0.0,0.0,0.0,0.0,0.0,0.0,0.0,0.0,0.0,0.0,0.0,0.0,0.0,0.0,0.0,0.0,0.0,0.0
sab155	1.0,0.6315789,0.15789473,0.42105263,0.15789473,0.2631579,0.21052632,0.10526316,0.10526316,0.05263158,0.05263158,0.05263158,0.05263158,0.10526316,0.05263158,0.0,0.15789473,0.05263158,0.0,0.0,0.0,0.0,0.05263158,0.05263158,0.05263158,0.0,0.0,0.0,0.10526316,0.0,0.05263158,0.05263158,0.0,0.0,0.0,0.0,0.0,0.0,0.05263158,0.05263158,0.0,0.0,0.0,0.0,0.05263158,0.0,0.0,0.0,0.0,0.0,0.0,0.0,0.0,0.0,0.0
ksd19	1.0,0.0,0.3,0.0,0.0,0.2,0.0,0.0,0.0,0.0,0.0,0.0,0.0,0.0,0.1,0.0,0.0,0.0,0.1,0.0,0.0,0.0,0.0,0.0,0.0,0.0,0.0,0.0,0.0,0.0,0.0,0.0,0.0,0.0,0.0,0.0,0.0,0.0,0.0,0.0,0.0,0.0,0.0,0.0,0.0,0.0,0.0,0.0,0.0,0.0,0.0,0.0,0.0,0.0,0.0
rsb45	1.0,0.018518519,0.24074075,0.0,0.037037037,0.037037037,0.0,0.0,0.0,0.0,0.037037037,0.0,0.0,0.0,0.018518519,0.018518519,0.0,0.0,0.0,0.018518519,0.018518519,0.0,0.0,0.0,0.0,0.0,0.018518519,0.0,0.018518519,0.0,0.0,0.0,0.0,0.0,0.0,0.0,0.0,0.0,0.0,0.0,0.0,0.0,0.0,0.0,0.0,0.0,0.0,0.0,0.0,0.0,0.0,0.0,0.018518519,0.0,0.0
drr38	1.0,0.17857143,0.0,0.0,0.96428573,0.071428575,0.0,0.0,0.0,0.035714287,0.0,0.035714287,0.0,0.0,0.035714287,0.035714287,0.0,0.071428575,0.035714287,0.0,0.0,0.0,0.0,0.0,0.0,0.0,0.035714287,0.0,0.0,0.0,0.0,0.0,0.0,0.035714287,0.0,0.0,0.0,0.0,0.0,0.0,0.0,0.0,0.0,0.0,0.0,0.0,0.0,0.0,0.0,0.0,0.0,0.0,0.0,0.0,0.0
