0.00000000	0.00000000	0.00000000	0.00000000	0.02083333	0.00694444	0.02083333	0.00694444	0.00000000	0.04861111	0.00694444	0.02777778	0.05555556	0.01388889	0.00694444	0.00000000	0.01388889	0.00694444	0.00000000	0.00000000	0.00000000	0.00694444	0.02083333	0.01388889	0.00694444	0.03472222	0.01388889	0.01388889	0.01388889	0.02083333	0.00694444	0.01388889	0.02083333	0.01388889	0.00694444	0.00000000	0.00000000	0.05555556	0.00694444	0.02777778	0.00694444	0.01388889	0.06250000	0.04166667	0.02083333	0.01388889	0.00694444	0.00694444	0.13194444	0.07638889	0.04861111	0.03472222
0.00000000	0.00000000	0.00000000	0.00000000	0.11111111	0.07407407	0.00000000	0.00000000	0.07407407	0.03703704	0.03703704	0.00000000	0.00000000	0.00000000	0.03703704	0.00000000	0.00000000	0.00000000	0.00000000	0.00000000	0.00000000	0.00000000	0.00000000	0.00000000	0.00000000	0.00000000	0.00000000	0.00000000	0.00000000	0.14814815	0.11111111	0.00000000	0.00000000	0.00000000	0.00000000	0.07407407	0.03703704	0.11111111	0.07407407	0.00000000	0.00000000	0.00000000	0.00000000	0.00000000	0.00000000	0.00000000	0.00000000	0.00000000	0.03703704	0.03703704	0.00000000	0.00000000
0.01509434	0.00754717	0.00000000	0.00000000	0.01886792	0.00377358	0.02641509	0.01132075	0.04150943	0.01509434	0.00000000	0.01132075	0.01132075	0.00000000	0.03396226	0.03018868	0.05283019	0.02641509	0.00754717	0.00377358	0.00377358	0.03018868	0.02264151	0.00000000	0.04150943	0.03018868	0.00754717	0.01132075	0.00377358	0.06792453	0.01132075	0.01509434	0.05283019	0.00754717	0.01886792	0.08679245	0.02641509	0.03018868	0.00000000	0.01886792	0.00377358	0.03018868	0.04528302	0.03018868	0.00754717	0.00754717	0.00000000	0.00000000	0.03018868	0.01132075	0.01886792	0.01132075
0.03626473	0.00543971	0.02901179	0.00906618	0.00181324	0.00000000	0.00815956	0.00271985	0.00362647	0.00906618	0.00090662	0.00543971	0.00634633	0.00453309	0.00271985	0.00725295	0.04714415	0.00906618	0.03535811	0.00997280	0.02175884	0.00815956	0.02719855	0.01450589	0.00090662	0.02991840	0.00181324	0.02538531	0.01722575	0.00362647	0.00090662	0.00271985	0.01269266	0.00362647	0.00362647	0.00543971	0.00090662	0.01178604	0.00181324	0.00725295	0.00271985	0.01631913	0.20217588	0.07252947	0.11332729	0.04714415	0.05893019	0.02266546	0.01450589	0.00906618	0.00453309	0.00090662
0.01675978	0.01117318	0.00558659	0.00558659	0.01675978	0.01675978	0.07821229	0.02793296	0.00558659	0.03910615	0.01675978	0.00000000	0.01117318	0.00558659	0.00000000	0.00000000	0.01675978	0.01117318	0.00558659	0.00558659	0.00000000	0.00000000	0.09497207	0.03910615	0.02793296	0.07821229	0.06145251	0.00558659	0.00000000	0.02234637	0.02234637	0.00000000	0.09497207	0.05586592	0.02793296	0.01117318	0.00000000	0.05027933	0.02793296	0.00000000	0.02234637	0.00000000	0.01117318	0.01117318	0.00000000	0.00000000	0.00000000	0.00000000	0.01675978	0.01117318	0.00558659	0.00558659
0.02631579	0.01315789	0.00789474	0.00526316	0.01842105	0.00526316	0.01315789	0.00263158	0.01842105	0.01842105	0.00263158	0.01578947	0.01842105	0.00263158	0.00000000	0.01052632	0.03947368	0.01842105	0.01578947	0.01052632	0.00526316	0.00526316	0.02894737	0.01052632	0.01578947	0.02894737	0.00526316	0.02368421	0.01578947	0.02368421	0.00526316	0.01315789	0.02368421	0.01052632	0.00789474	0.03157895	0.00263158	0.03157895	0.00263158	0.02368421	0.00263158	0.01578947	0.12368421	0.05263158	0.05526316	0.03157895	0.01315789	0.01052632	0.05263158	0.02105263	0.02894737	0.01315789
0.00465116	0.00000000	0.00465116	0.00000000	0.01860465	0.01860465	0.04651163	0.01395349	0.01395349	0.07906977	0.07906977	0.00000000	0.02790698	0.01860465	0.00000000	0.00000000	0.00465116	0.00000000	0.00465116	0.00000000	0.00465116	0.01860465	0.04186047	0.01860465	0.01395349	0.05116279	0.05116279	0.00000000	0.00000000	0.02325581	0.02325581	0.00000000	0.05581395	0.02325581	0.02325581	0.02325581	0.00000000	0.08837209	0.08837209	0.00000000	0.00000000	0.00000000	0.00930233	0.00465116	0.00465116	0.00465116	0.00000000	0.00000000	0.04651163	0.02325581	0.01860465	0.00465116
0.00361011	0.00000000	0.00361011	0.00361011	0.00722022	0.00722022	0.02527076	0.00722022	0.00722022	0.03249097	0.01083032	0.01444043	0.02166065	0.01444043	0.00000000	0.00000000	0.00722022	0.00361011	0.00361011	0.00361011	0.00000000	0.00361011	0.18050542	0.06137184	0.01083032	0.10830325	0.03971119	0.02527076	0.00000000	0.01444043	0.01444043	0.00000000	0.03610108	0.01805054	0.01444043	0.00722022	0.00361011	0.03610108	0.01444043	0.01444043	0.00722022	0.05415162	0.04693141	0.03249097	0.00361011	0.00361011	0.00000000	0.00000000	0.03249097	0.02166065	0.01083032	0.00722022
0.00000000	0.00000000	0.00000000	0.00000000	0.03649635	0.03649635	0.02189781	0.00729927	0.02189781	0.03649635	0.03649635	0.00000000	0.09489051	0.04379562	0.00000000	0.00000000	0.00000000	0.00000000	0.00000000	0.00000000	0.00000000	0.00729927	0.00729927	0.00729927	0.00000000	0.01459854	0.00729927	0.00000000	0.00000000	0.03649635	0.03649635	0.00000000	0.02189781	0.00000000	0.00729927	0.02189781	0.00000000	0.04379562	0.04379562	0.00000000	0.00729927	0.00000000	0.00000000	0.00000000	0.00000000	0.00000000	0.00000000	0.00000000	0.17518248	0.10948905	0.06569343	0.05109489
0.01310044	0.00000000	0.01310044	0.00000000	0.00145560	0.00000000	0.01018923	0.00436681	0.01018923	0.02183406	0.00000000	0.01746725	0.00000000	0.00000000	0.00000000	0.00000000	0.02765648	0.00000000	0.02328967	0.00145560	0.01892285	0.00727802	0.02037846	0.00582242	0.00145560	0.03784571	0.00291121	0.03202329	0.02183406	0.00727802	0.00000000	0.00727802	0.01746725	0.00145560	0.00873362	0.01310044	0.00436681	0.02183406	0.00000000	0.01746725	0.00000000	0.02765648	0.20815138	0.05967977	0.13391557	0.05094614	0.07569141	0.04221252	0.00436681	0.00291121	0.00145560	0.00145560
0.05405405	0.02702703	0.00000000	0.00000000	0.05405405	0.05405405	0.02702703	0.00000000	0.00000000	0.10810811	0.05405405	0.00000000	0.00000000	0.00000000	0.02702703	0.00000000	0.05405405	0.02702703	0.00000000	0.00000000	0.00000000	0.00000000	0.05405405	0.00000000	0.05405405	0.00000000	0.00000000	0.00000000	0.00000000	0.08108108	0.08108108	0.00000000	0.02702703	0.00000000	0.00000000	0.00000000	0.00000000	0.10810811	0.05405405	0.00000000	0.02702703	0.02702703	0.00000000	0.00000000	0.00000000	0.00000000	0.00000000	0.00000000	0.00000000	0.00000000	0.00000000	0.00000000
0.00000000	0.00000000	0.00000000	0.00000000	0.00000000	0.00000000	0.01369863	0.00000000	0.01369863	0.05479452	0.02739726	0.02739726	0.08219178	0.02739726	0.00000000	0.00000000	0.00000000	0.00000000	0.00000000	0.00000000	0.00000000	0.01369863	0.01369863	0.00000000	0.00000000	0.00000000	0.00000000	0.00000000	0.00000000	0.01369863	0.01369863	0.00000000	0.01369863	0.01369863	0.00000000	0.01369863	0.01369863	0.05479452	0.02739726	0.02739726	0.00000000	0.00000000	0.05479452	0.02739726	0.02739726	0.01369863	0.01369863	0.01369863	0.16438356	0.08219178	0.08219178	0.05479452
0.05263158	0.00000000	0.04678363	0.00584795	0.00000000	0.00000000	0.00584795	0.00584795	0.00000000	0.01169591	0.00000000	0.01169591	0.00000000	0.00000000	0.00000000	0.00584795	0.05847953	0.00584795	0.04678363	0.00584795	0.03508772	0.00584795	0.01169591	0.00000000	0.00584795	0.01169591	0.00000000	0.00584795	0.00584795	0.00000000	0.00000000	0.00000000	0.01169591	0.00000000	0.00584795	0.00000000	0.00000000	0.01169591	0.00000000	0.01169591	0.00584795	0.01169591	0.21637427	0.05263158	0.15204678	0.04678363	0.09941520	0.02923977	0.00000000	0.00000000	0.00000000	0.00000000
0.00000000	0.00000000	0.00000000	0.00000000	0.04705882	0.04705882	0.05882353	0.01176471	0.04705882	0.07058824	0.04705882	0.01176471	0.02352941	0.02352941	0.01176471	0.01176471	0.00000000	0.00000000	0.00000000	0.00000000	0.00000000	0.02352941	0.02352941	0.00000000	0.00000000	0.02352941	0.01176471	0.01176471	0.00000000	0.05882353	0.05882353	0.00000000	0.05882353	0.01176471	0.01176471	0.04705882	0.01176471	0.07058824	0.04705882	0.01176471	0.01176471	0.00000000	0.02352941	0.02352941	0.00000000	0.00000000	0.00000000	0.00000000	0.02352941	0.02352941	0.00000000	0.00000000
0.00000000	0.00000000	0.00000000	0.00000000	0.00000000	0.00000000	0.02409639	0.00000000	0.03614458	0.06024096	0.06024096	0.00000000	0.08433735	0.03614458	0.00000000	0.00000000	0.00000000	0.00000000	0.00000000	0.00000000	0.00000000	0.00000000	0.04819277	0.03614458	0.00000000	0.04819277	0.04819277	0.00000000	0.00000000	0.00000000	0.00000000	0.00000000	0.03614458	0.03614458	0.00000000	0.03614458	0.00000000	0.08433735	0.08433735	0.00000000	0.00000000	0.00000000	0.00000000	0.00000000	0.00000000	0.00000000	0.00000000	0.00000000	0.12048193	0.06024096	0.03614458	0.02409639
0.05714286	0.02857143	0.02857143	0.02857143	0.02857143	0.00000000	0.00000000	0.00000000	0.00000000	0.00000000	0.00000000	0.00000000	0.00000000	0.00000000	0.02857143	0.00000000	0.11428571	0.02857143	0.08571429	0.08571429	0.00000000	0.00000000	0.00000000	0.00000000	0.00000000	0.00000000	0.00000000	0.00000000	0.00000000	0.02857143	0.00000000	0.02857143	0.00000000	0.00000000	0.00000000	0.00000000	0.00000000	0.00000000	0.00000000	0.00000000	0.00000000	0.00000000	0.17142857	0.11428571	0.05714286	0.02857143	0.02857143	0.02857143	0.00000000	0.00000000	0.00000000	0.00000000
0.03061224	0.02040816	0.00000000	0.00000000	0.01020408	0.01020408	0.03061224	0.00000000	0.02040816	0.09183673	0.09183673	0.00000000	0.06122449	0.04081633	0.00000000	0.00000000	0.04081633	0.03061224	0.00000000	0.00000000	0.00000000	0.00000000	0.01020408	0.00000000	0.00000000	0.02040816	0.02040816	0.00000000	0.00000000	0.01020408	0.01020408	0.00000000	0.04081633	0.01020408	0.00000000	0.02040816	0.00000000	0.09183673	0.09183673	0.00000000	0.01020408	0.00000000	0.01020408	0.01020408	0.00000000	0.00000000	0.00000000	0.00000000	0.08163265	0.06122449	0.01020408	0.01020408
0.00000000	0.00000000	0.00000000	0.00000000	0.06060606	0.06060606	0.04545455	0.03030303	0.06060606	0.04545455	0.04545455	0.00000000	0.00000000	0.00000000	0.00000000	0.00000000	0.00000000	0.00000000	0.00000000	0.00000000	0.00000000	0.01515152	0.01515152	0.01515152	0.00000000	0.06060606	0.06060606	0.00000000	0.00000000	0.09090909	0.09090909	0.00000000	0.04545455	0.01515152	0.03030303	0.06060606	0.03030303	0.06060606	0.06060606	0.00000000	0.00000000	0.00000000	0.00000000	0.00000000	0.00000000	0.00000000	0.00000000	0.00000000	0.00000000	0.00000000	0.00000000	0.00000000
0.01503759	0.00751880	0.00000000	0.00000000	0.07518797	0.07518797	0.03759398	0.01503759	0.03007519	0.01503759	0.01503759	0.00000000	0.00000000	0.00000000	0.00000000	0.00751880	0.03007519	0.01503759	0.00751880	0.00000000	0.00751880	0.00751880	0.01503759	0.01503759	0.01503759	0.03007519	0.00000000	0.03007519	0.01503759	0.09774436	0.08270677	0.01503759	0.03759398	0.01503759	0.01503759	0.03759398	0.02255639	0.02255639	0.02255639	0.00000000	0.00751880	0.00000000	0.06015038	0.03759398	0.02255639	0.02255639	0.00000000	0.00000000	0.00000000	0.00000000	0.00000000	0.00000000
0.00000000	0.00000000	0.00000000	0.00000000	0.08275862	0.08275862	0.01379310	0.00000000	0.06206897	0.00000000	0.00000000	0.00000000	0.04827586	0.04137931	0.00000000	0.00000000	0.00000000	0.00000000	0.00000000	0.00000000	0.00000000	0.00689655	0.03448276	0.00000000	0.02068966	0.00689655	0.00689655	0.00000000	0.00000000	0.11724138	0.11724138	0.00000000	0.02068966	0.01379310	0.00689655	0.07586207	0.03448276	0.04137931	0.03448276	0.00000000	0.00000000	0.00000000	0.00000000	0.00000000	0.00000000	0.00000000	0.00000000	0.00000000	0.06206897	0.05517241	0.00689655	0.00689655
0.02551020	0.02551020	0.00000000	0.00000000	0.00510204	0.00000000	0.06122449	0.01020408	0.02040816	0.04081633	0.01020408	0.01020408	0.01530612	0.01530612	0.00000000	0.00510204	0.05102041	0.04591837	0.00000000	0.00000000	0.00000000	0.02551020	0.08673469	0.01530612	0.02040816	0.04081633	0.01530612	0.02551020	0.00510204	0.00510204	0.00000000	0.00510204	0.07653061	0.03061224	0.01020408	0.03061224	0.00000000	0.04591837	0.01530612	0.01020408	0.02040816	0.01020408	0.05612245	0.04591837	0.00510204	0.00510204	0.00000000	0.00000000	0.02551020	0.02551020	0.00000000	0.00000000
0.04186047	0.04186047	0.00000000	0.00000000	0.01395349	0.00465116	0.01395349	0.00000000	0.01395349	0.04186047	0.00930233	0.03255814	0.03255814	0.00465116	0.00465116	0.01395349	0.05116279	0.04651163	0.00000000	0.00000000	0.00000000	0.01860465	0.01395349	0.00465116	0.00465116	0.02790698	0.00930233	0.00930233	0.00000000	0.01860465	0.00465116	0.00465116	0.01860465	0.00465116	0.00465116	0.01395349	0.00465116	0.06046512	0.01860465	0.04186047	0.00465116	0.01395349	0.05581395	0.03720930	0.00465116	0.00465116	0.00000000	0.00000000	0.09767442	0.05116279	0.04651163	0.03255814
0.00000000	0.00000000	0.00000000	0.00000000	0.00000000	0.00000000	0.00000000	0.00000000	0.28571429	0.00000000	0.00000000	0.00000000	0.00000000	0.00000000	0.00000000	0.00000000	0.00000000	0.00000000	0.00000000	0.00000000	0.00000000	0.00000000	0.00000000	0.00000000	0.00000000	0.00000000	0.00000000	0.00000000	0.00000000	0.14285714	0.14285714	0.00000000	0.00000000	0.00000000	0.00000000	0.28571429	0.14285714	0.00000000	0.00000000	0.00000000	0.00000000	0.00000000	0.00000000	0.00000000	0.00000000	0.00000000	0.00000000	0.00000000	0.00000000	0.00000000	0.00000000	0.00000000
0.00000000	0.00000000	0.00000000	0.00000000	0.00000000	0.00000000	0.06818182	0.04545455	0.00000000	0.09090909	0.09090909	0.00000000	0.00000000	0.00000000	0.00000000	0.00000000	0.00000000	0.00000000	0.00000000	0.00000000	0.00000000	0.02272727	0.02272727	0.00000000	0.04545455	0.11363636	0.11363636	0.00000000	0.00000000	0.00000000	0.00000000	0.00000000	0.09090909	0.00000000	0.06818182	0.00000000	0.00000000	0.11363636	0.11363636	0.00000000	0.00000000	0.00000000	0.00000000	0.00000000	0.00000000	0.00000000	0.00000000	0.00000000	0.00000000	0.00000000	0.00000000	0.00000000
0.03278689	0.01639344	0.01639344	0.01639344	0.03278689	0.01639344	0.01639344	0.00000000	0.01639344	0.03278689	0.01639344	0.01639344	0.08196721	0.06557377	0.00000000	0.00000000	0.04918033	0.01639344	0.03278689	0.03278689	0.00000000	0.01639344	0.00000000	0.00000000	0.00000000	0.00000000	0.00000000	0.00000000	0.00000000	0.03278689	0.01639344	0.01639344	0.01639344	0.00000000	0.00000000	0.01639344	0.00000000	0.03278689	0.01639344	0.01639344	0.00000000	0.00000000	0.04918033	0.04918033	0.00000000	0.00000000	0.00000000	0.00000000	0.11475410	0.08196721	0.01639344	0.00000000
0.00456621	0.00000000	0.00456621	0.00456621	0.01369863	0.01369863	0.04566210	0.00000000	0.07305936	0.07305936	0.07305936	0.00000000	0.00000000	0.00000000	0.00000000	0.00000000	0.00456621	0.00000000	0.00456621	0.00456621	0.00000000	0.00456621	0.03196347	0.00456621	0.03196347	0.02283105	0.02283105	0.00000000	0.00000000	0.05022831	0.05022831	0.00000000	0.06849315	0.02283105	0.00913242	0.10502283	0.03652968	0.10502283	0.10045662	0.00000000	0.00456621	0.00000000	0.00456621	0.00456621	0.00000000	0.00000000	0.00000000	0.00000000	0.00000000	0.00000000	0.00000000	0.00000000
0.02857143	0.02857143	0.00000000	0.00000000	0.08571429	0.08571429	0.02857143	0.00000000	0.00000000	0.08571429	0.08571429	0.00000000	0.00000000	0.00000000	0.00000000	0.00000000	0.02857143	0.02857143	0.00000000	0.00000000	0.00000000	0.00000000	0.02857143	0.02857143	0.00000000	0.02857143	0.02857143	0.00000000	0.00000000	0.08571429	0.08571429	0.00000000	0.02857143	0.02857143	0.00000000	0.00000000	0.00000000	0.08571429	0.08571429	0.00000000	0.00000000	0.00000000	0.00000000	0.00000000	0.00000000	0.00000000	0.00000000	0.00000000	0.00000000	0.00000000	0.00000000	0.00000000
0.07142857	0.07142857	0.00000000	0.00000000	0.00000000	0.00000000	0.00000000	0.00000000	0.00000000	0.07142857	0.00000000	0.07142857	0.07142857	0.07142857	0.00000000	0.00000000	0.07142857	0.07142857	0.00000000	0.00000000	0.00000000	0.00000000	0.00000000	0.00000000	0.00000000	0.00000000	0.00000000	0.00000000	0.00000000	0.00000000	0.00000000	0.00000000	0.00000000	0.00000000	0.00000000	0.00000000	0.00000000	0.07142857	0.00000000	0.07142857	0.00000000	0.00000000	0.07142857	0.07142857	0.00000000	0.00000000	0.00000000	0.00000000	0.07142857	0.07142857	0.00000000	0.00000000
0.00000000	0.00000000	0.00000000	0.00000000	0.03448276	0.03448276	0.10344828	0.06896552	0.00000000	0.06896552	0.06896552	0.00000000	0.00000000	0.00000000	0.00000000	0.00000000	0.00000000	0.00000000	0.00000000	0.00000000	0.00000000	0.03448276	0.03448276	0.00000000	0.00000000	0.06896552	0.06896552	0.00000000	0.00000000	0.03448276	0.03448276	0.00000000	0.10344828	0.03448276	0.06896552	0.00000000	0.00000000	0.06896552	0.06896552	0.00000000	0.00000000	0.00000000	0.00000000	0.00000000	0.00000000	0.00000000	0.00000000	0.00000000	0.00000000	0.00000000	0.00000000	0.00000000
0.03125000	0.02083333	0.00000000	0.00000000	0.02083333	0.00000000	0.01041667	0.00000000	0.06250000	0.03125000	0.03125000	0.00000000	0.00000000	0.00000000	0.03125000	0.01041667	0.05208333	0.03125000	0.01041667	0.01041667	0.00000000	0.01041667	0.01041667	0.01041667	0.02083333	0.03125000	0.01041667	0.02083333	0.01041667	0.05208333	0.02083333	0.01041667	0.02083333	0.00000000	0.01041667	0.09375000	0.02083333	0.06250000	0.04166667	0.01041667	0.01041667	0.00000000	0.07291667	0.05208333	0.02083333	0.02083333	0.00000000	0.00000000	0.00000000	0.00000000	0.00000000	0.00000000
0.01149425	0.01149425	0.00000000	0.00000000	0.08045977	0.02298851	0.00000000	0.00000000	0.04597701	0.01149425	0.00000000	0.01149425	0.03448276	0.01149425	0.00000000	0.00000000	0.06896552	0.06896552	0.00000000	0.00000000	0.00000000	0.00000000	0.01149425	0.01149425	0.00000000	0.02298851	0.00000000	0.02298851	0.01149425	0.09195402	0.03448276	0.05747126	0.01149425	0.01149425	0.00000000	0.05747126	0.01149425	0.02298851	0.00000000	0.02298851	0.00000000	0.00000000	0.05747126	0.04597701	0.01149425	0.01149425	0.00000000	0.00000000	0.04597701	0.02298851	0.01149425	0.01149425
0.07142857	0.07142857	0.00000000	0.00000000	0.00000000	0.00000000	0.00000000	0.00000000	0.00000000	0.07142857	0.00000000	0.07142857	0.07142857	0.07142857	0.00000000	0.00000000	0.07142857	0.07142857	0.00000000	0.00000000	0.00000000	0.00000000	0.00000000	0.00000000	0.00000000	0.00000000	0.00000000	0.00000000	0.00000000	0.00000000	0.00000000	0.00000000	0.00000000	0.00000000	0.00000000	0.00000000	0.00000000	0.07142857	0.00000000	0.07142857	0.00000000	0.00000000	0.07142857	0.07142857	0.00000000	0.00000000	0.00000000	0.00000000	0.07142857	0.07142857	0.00000000	0.00000000
0.06382979	0.02482270	0.03546099	0.01063830	0.00709220	0.00000000	0.00000000	0.00000000	0.01063830	0.01063830	0.00354610	0.00709220	0.00000000	0.00000000	0.02127660	0.01063830	0.09574468	0.03900709	0.04964539	0.02127660	0.02127660	0.01418440	0.01418440	0.00354610	0.00000000	0.01773050	0.00354610	0.00709220	0.00354610	0.01063830	0.00354610	0.00709220	0.00709220	0.00354610	0.00354610	0.02127660	0.00354610	0.02127660	0.00709220	0.01418440	0.00709220	0.01418440	0.14893617	0.07446809	0.06737589	0.03900709	0.02836879	0.02127660	0.00000000	0.00000000	0.00000000	0.00000000
0.03030303	0.01515152	0.00757576	0.00757576	0.05303030	0.03787879	0.03030303	0.01515152	0.03030303	0.03787879	0.03030303	0.00757576	0.00000000	0.00000000	0.00000000	0.00757576	0.03787879	0.02272727	0.00757576	0.00757576	0.00000000	0.01515152	0.05303030	0.00757576	0.01515152	0.03030303	0.01515152	0.00757576	0.00000000	0.06818182	0.05303030	0.00000000	0.05303030	0.03030303	0.01515152	0.04545455	0.01515152	0.05303030	0.04545455	0.00757576	0.00000000	0.01515152	0.03030303	0.02272727	0.00757576	0.00757576	0.00000000	0.00000000	0.00000000	0.00000000	0.00000000	0.00000000
0.00000000	0.00000000	0.00000000	0.00000000	0.02173913	0.01086957	0.02173913	0.01086957	0.03260870	0.08695652	0.03260870	0.03260870	0.00000000	0.00000000	0.02173913	0.00000000	0.01086957	0.00000000	0.01086957	0.00000000	0.01086957	0.00000000	0.02173913	0.01086957	0.02173913	0.04347826	0.04347826	0.00000000	0.00000000	0.03260870	0.01086957	0.00000000	0.04347826	0.00000000	0.03260870	0.04347826	0.00000000	0.10869565	0.04347826	0.04347826	0.01086957	0.00000000	0.07608696	0.05434783	0.02173913	0.01086957	0.01086957	0.01086957	0.00000000	0.00000000	0.00000000	0.00000000
0.00000000	0.00000000	0.00000000	0.00000000	0.05084746	0.01694915	0.01694915	0.00000000	0.05084746	0.05084746	0.05084746	0.00000000	0.03389831	0.00000000	0.03389831	0.00000000	0.03389831	0.00000000	0.01694915	0.01694915	0.00000000	0.00000000	0.01694915	0.01694915	0.01694915	0.03389831	0.00000000	0.01694915	0.00000000	0.06779661	0.01694915	0.03389831	0.05084746	0.01694915	0.00000000	0.08474576	0.01694915	0.05084746	0.05084746	0.00000000	0.01694915	0.01694915	0.03389831	0.03389831	0.00000000	0.00000000	0.00000000	0.00000000	0.03389831	0.00000000	0.00000000	0.00000000
0.02857143	0.02857143	0.00000000	0.00000000	0.08571429	0.08571429	0.02857143	0.00000000	0.05714286	0.05714286	0.02857143	0.02857143	0.00000000	0.00000000	0.00000000	0.00000000	0.02857143	0.02857143	0.00000000	0.00000000	0.00000000	0.00000000	0.00000000	0.00000000	0.02857143	0.00000000	0.00000000	0.00000000	0.00000000	0.08571429	0.08571429	0.00000000	0.05714286	0.00000000	0.00000000	0.08571429	0.00000000	0.05714286	0.02857143	0.02857143	0.00000000	0.00000000	0.02857143	0.02857143	0.00000000	0.00000000	0.00000000	0.00000000	0.00000000	0.00000000	0.00000000	0.00000000
0.02334630	0.01556420	0.00778210	0.00389105	0.02723735	0.01556420	0.02334630	0.00389105	0.02723735	0.03112840	0.00778210	0.01556420	0.00000000	0.00000000	0.02723735	0.01556420	0.05836576	0.03501946	0.01556420	0.00389105	0.00778210	0.01167315	0.01945525	0.00778210	0.02334630	0.03891051	0.01167315	0.01945525	0.00389105	0.04669261	0.01945525	0.01945525	0.04669261	0.00389105	0.01556420	0.07392996	0.01556420	0.04669261	0.01556420	0.02334630	0.01945525	0.01167315	0.07392996	0.04280156	0.01556420	0.00778210	0.00000000	0.00000000	0.00000000	0.00000000	0.00000000	0.00000000
0.00000000	0.00000000	0.00000000	0.00000000	0.02666667	0.02666667	0.04000000	0.02666667	0.08000000	0.05333333	0.04000000	0.01333333	0.00000000	0.00000000	0.00000000	0.00000000	0.00000000	0.00000000	0.00000000	0.00000000	0.00000000	0.01333333	0.00000000	0.00000000	0.04000000	0.04000000	0.04000000	0.00000000	0.00000000	0.06666667	0.06666667	0.00000000	0.06666667	0.00000000	0.04000000	0.09333333	0.01333333	0.09333333	0.08000000	0.01333333	0.00000000	0.00000000	0.01333333	0.01333333	0.00000000	0.00000000	0.00000000	0.00000000	0.00000000	0.00000000	0.00000000	0.00000000
0.05825243	0.01941748	0.03883495	0.00970874	0.00970874	0.00970874	0.00000000	0.00000000	0.00000000	0.03883495	0.01941748	0.01941748	0.00000000	0.00000000	0.00000000	0.01941748	0.05825243	0.01941748	0.03883495	0.00970874	0.00970874	0.00000000	0.00970874	0.00970874	0.00970874	0.03883495	0.01941748	0.01941748	0.00970874	0.01941748	0.00970874	0.00000000	0.00000000	0.00000000	0.00000000	0.00000000	0.00000000	0.03883495	0.01941748	0.01941748	0.00000000	0.00970874	0.17475728	0.10679612	0.04854369	0.03883495	0.00970874	0.00970874	0.00000000	0.00000000	0.00000000	0.00000000
0.07751938	0.04651163	0.02325581	0.01550388	0.01550388	0.00000000	0.02325581	0.00775194	0.01550388	0.03875969	0.00775194	0.03100775	0.00775194	0.00775194	0.03875969	0.00000000	0.10852713	0.06976744	0.02325581	0.01550388	0.00000000	0.00000000	0.00775194	0.00775194	0.00000000	0.01550388	0.01550388	0.00000000	0.00000000	0.03875969	0.00000000	0.01550388	0.02325581	0.00775194	0.00775194	0.02325581	0.01550388	0.03875969	0.00775194	0.03100775	0.03875969	0.00000000	0.06976744	0.03100775	0.01550388	0.00000000	0.00000000	0.00000000	0.00775194	0.00775194	0.00000000	0.00000000
0.00000000	0.00000000	0.00000000	0.00000000	0.04347826	0.04347826	0.08695652	0.00000000	0.04347826	0.08695652	0.08695652	0.00000000	0.00000000	0.00000000	0.00000000	0.00000000	0.00000000	0.00000000	0.00000000	0.00000000	0.00000000	0.08695652	0.04347826	0.00000000	0.00000000	0.00000000	0.00000000	0.00000000	0.00000000	0.04347826	0.04347826	0.00000000	0.13043478	0.04347826	0.00000000	0.04347826	0.00000000	0.08695652	0.08695652	0.00000000	0.00000000	0.00000000	0.00000000	0.00000000	0.00000000	0.00000000	0.00000000	0.00000000	0.00000000	0.00000000	0.00000000	0.00000000
0.05405405	0.03783784	0.01081081	0.00540541	0.04864865	0.02702703	0.00540541	0.00000000	0.00540541	0.03783784	0.02162162	0.01621622	0.00000000	0.00000000	0.03783784	0.01081081	0.10270270	0.05945946	0.03243243	0.02162162	0.00540541	0.02702703	0.00000000	0.00000000	0.00540541	0.01081081	0.01081081	0.00000000	0.00000000	0.08108108	0.04324324	0.02162162	0.00540541	0.00000000	0.00000000	0.01081081	0.01081081	0.03783784	0.02162162	0.01621622	0.01081081	0.00000000	0.06486486	0.04324324	0.01621622	0.01081081	0.00540541	0.00540541	0.00000000	0.00000000	0.00000000	0.00000000
0.03717472	0.02230483	0.01486989	0.01115242	0.01858736	0.00000000	0.02230483	0.01115242	0.00371747	0.03345725	0.01115242	0.02230483	0.00371747	0.00371747	0.00743494	0.01115242	0.05576208	0.03345725	0.01858736	0.01486989	0.00371747	0.00371747	0.08921933	0.02973978	0.00371747	0.06691450	0.01858736	0.02230483	0.00371747	0.01858736	0.00000000	0.01115242	0.03345725	0.01486989	0.01115242	0.00371747	0.00000000	0.03345725	0.01115242	0.02230483	0.00743494	0.02230483	0.08550186	0.06319703	0.02230483	0.01115242	0.01115242	0.01115242	0.00371747	0.00371747	0.00000000	0.00000000
0.01818182	0.01818182	0.00000000	0.00000000	0.05454545	0.05454545	0.00000000	0.00000000	0.01818182	0.07272727	0.07272727	0.00000000	0.01818182	0.00000000	0.00000000	0.00000000	0.01818182	0.01818182	0.00000000	0.00000000	0.00000000	0.00000000	0.00000000	0.00000000	0.00000000	0.03636364	0.00000000	0.03636364	0.01818182	0.05454545	0.05454545	0.00000000	0.00000000	0.00000000	0.00000000	0.01818182	0.00000000	0.09090909	0.07272727	0.00000000	0.00000000	0.00000000	0.05454545	0.03636364	0.01818182	0.01818182	0.00000000	0.00000000	0.05454545	0.01818182	0.03636364	0.01818182
0.00000000	0.00000000	0.00000000	0.00000000	0.06250000	0.00000000	0.00000000	0.00000000	0.00000000	0.00000000	0.00000000	0.00000000	0.00000000	0.00000000	0.25000000	0.00000000	0.12500000	0.06250000	0.00000000	0.00000000	0.00000000	0.00000000	0.00000000	0.00000000	0.00000000	0.00000000	0.00000000	0.00000000	0.00000000	0.06250000	0.00000000	0.00000000	0.00000000	0.00000000	0.00000000	0.00000000	0.00000000	0.00000000	0.00000000	0.00000000	0.00000000	0.00000000	0.00000000	0.00000000	0.00000000	0.00000000	0.00000000	0.00000000	0.18750000	0.06250000	0.12500000	0.06250000
0.03389831	0.02118644	0.00847458	0.00847458	0.02118644	0.01271186	0.01694915	0.00423729	0.04661017	0.03389831	0.01694915	0.01694915	0.01694915	0.01271186	0.02118644	0.00847458	0.05508475	0.03389831	0.01271186	0.01271186	0.00000000	0.02118644	0.00847458	0.00847458	0.01694915	0.02966102	0.00847458	0.01271186	0.00847458	0.05084746	0.02542373	0.01694915	0.02542373	0.00423729	0.00423729	0.05932203	0.01271186	0.05084746	0.02542373	0.02118644	0.01271186	0.01271186	0.05932203	0.04661017	0.00847458	0.00423729	0.00000000	0.00000000	0.01694915	0.01271186	0.00000000	0.00000000
0.00000000	0.00000000	0.00000000	0.00000000	0.03614458	0.03614458	0.03614458	0.01204819	0.04819277	0.07228916	0.07228916	0.00000000	0.00000000	0.00000000	0.01204819	0.00000000	0.00000000	0.00000000	0.00000000	0.00000000	0.00000000	0.01204819	0.02409639	0.01204819	0.01204819	0.06024096	0.06024096	0.00000000	0.00000000	0.04819277	0.04819277	0.00000000	0.06024096	0.02409639	0.03614458	0.07228916	0.01204819	0.09638554	0.09638554	0.00000000	0.00000000	0.00000000	0.00000000	0.00000000	0.00000000	0.00000000	0.00000000	0.00000000	0.00000000	0.00000000	0.00000000	0.00000000
0.03391572	0.01849949	0.01233299	0.00616650	0.00513875	0.00000000	0.00924974	0.00102775	0.00205550	0.00411100	0.00000000	0.00411100	0.00719424	0.00513875	0.00205550	0.00616650	0.05241521	0.02363823	0.02261048	0.01130524	0.00924974	0.00822199	0.01541624	0.01130524	0.00513875	0.03494347	0.00000000	0.02877698	0.02363823	0.00616650	0.00000000	0.00411100	0.01747174	0.00924974	0.00308325	0.00205550	0.00000000	0.00924974	0.00000000	0.00924974	0.00924974	0.01747174	0.19116136	0.05138746	0.12230216	0.03391572	0.07913669	0.02261048	0.02363823	0.00719424	0.01541624	0.00205550
0.00000000	0.00000000	0.00000000	0.00000000	0.00000000	0.00000000	0.05555556	0.00000000	0.00000000	0.05555556	0.00000000	0.05555556	0.05555556	0.05555556	0.05555556	0.00000000	0.00000000	0.00000000	0.00000000	0.00000000	0.00000000	0.00000000	0.22222222	0.00000000	0.00000000	0.00000000	0.00000000	0.00000000	0.00000000	0.00000000	0.00000000	0.00000000	0.05555556	0.05555556	0.00000000	0.00000000	0.00000000	0.05555556	0.00000000	0.05555556	0.00000000	0.00000000	0.05555556	0.05555556	0.00000000	0.00000000	0.00000000	0.00000000	0.05555556	0.05555556	0.00000000	0.00000000
0.03211009	0.02293578	0.00917431	0.00458716	0.02752294	0.00917431	0.00917431	0.00000000	0.01834862	0.01376147	0.00458716	0.00458716	0.00000000	0.00000000	0.02752294	0.00458716	0.07798165	0.04587156	0.03211009	0.00917431	0.01376147	0.01834862	0.01834862	0.00000000	0.01376147	0.00458716	0.00458716	0.00000000	0.00000000	0.04587156	0.01376147	0.01834862	0.01834862	0.00000000	0.00000000	0.02752294	0.01376147	0.02752294	0.00917431	0.00917431	0.01376147	0.00917431	0.14678899	0.01834862	0.10550459	0.00458716	0.08715596	0.00458716	0.00000000	0.00000000	0.00000000	0.00000000
0.04000000	0.01684211	0.01473684	0.01263158	0.03789474	0.01473684	0.00842105	0.00210526	0.03157895	0.01894737	0.01684211	0.00210526	0.01263158	0.01052632	0.02736842	0.00842105	0.07368421	0.03157895	0.02526316	0.01894737	0.00210526	0.01052632	0.00631579	0.00210526	0.01473684	0.02736842	0.01263158	0.01052632	0.00631579	0.06105263	0.02315789	0.02105263	0.01473684	0.00421053	0.00421053	0.05263158	0.01473684	0.04631579	0.02736842	0.01263158	0.01684211	0.01473684	0.06947368	0.04000000	0.01473684	0.00631579	0.00421053	0.00210526	0.01473684	0.01263158	0.00210526	0.00210526
0.07317073	0.07317073	0.00000000	0.00000000	0.09756098	0.04878049	0.00000000	0.00000000	0.02439024	0.04878049	0.04878049	0.00000000	0.00000000	0.00000000	0.02439024	0.02439024	0.09756098	0.09756098	0.00000000	0.00000000	0.00000000	0.00000000	0.00000000	0.00000000	0.00000000	0.00000000	0.00000000	0.00000000	0.00000000	0.09756098	0.04878049	0.02439024	0.00000000	0.00000000	0.00000000	0.02439024	0.00000000	0.07317073	0.07317073	0.00000000	0.00000000	0.00000000	0.00000000	0.00000000	0.00000000	0.00000000	0.00000000	0.00000000	0.00000000	0.00000000	0.00000000	0.00000000
0.08333333	0.00000000	0.00000000	0.00000000	0.00000000	0.00000000	0.08333333	0.08333333	0.00000000	0.08333333	0.08333333	0.00000000	0.00000000	0.00000000	0.00000000	0.00000000	0.08333333	0.00000000	0.00000000	0.00000000	0.00000000	0.00000000	0.00000000	0.00000000	0.00000000	0.08333333	0.08333333	0.00000000	0.00000000	0.00000000	0.00000000	0.00000000	0.08333333	0.00000000	0.08333333	0.00000000	0.00000000	0.08333333	0.08333333	0.00000000	0.00000000	0.00000000	0.00000000	0.00000000	0.00000000	0.00000000	0.00000000	0.00000000	0.00000000	0.00000000	0.00000000	0.00000000
0.00000000	0.00000000	0.00000000	0.00000000	0.15151515	0.03030303	0.00000000	0.00000000	0.03030303	0.00000000	0.00000000	0.00000000	0.00000000	0.00000000	0.30303030	0.03030303	0.06060606	0.06060606	0.00000000	0.00000000	0.00000000	0.03030303	0.00000000	0.00000000	0.00000000	0.00000000	0.00000000	0.00000000	0.00000000	0.18181818	0.03030303	0.03030303	0.00000000	0.00000000	0.00000000	0.03030303	0.03030303	0.00000000	0.00000000	0.00000000	0.00000000	0.00000000	0.00000000	0.00000000	0.00000000	0.00000000	0.00000000	0.00000000	0.00000000	0.00000000	0.00000000	0.00000000
0.00000000	0.00000000	0.00000000	0.00000000	0.04827586	0.04137931	0.03448276	0.00689655	0.04827586	0.05517241	0.05517241	0.00000000	0.00000000	0.00000000	0.00000000	0.00000000	0.00000000	0.00000000	0.00000000	0.00000000	0.00000000	0.04137931	0.08965517	0.00689655	0.01379310	0.03448276	0.03448276	0.00000000	0.00000000	0.06896552	0.05517241	0.00000000	0.05517241	0.02758621	0.01379310	0.09655172	0.02068966	0.07586207	0.07586207	0.00000000	0.00000000	0.00000000	0.00000000	0.00000000	0.00000000	0.00000000	0.00000000	0.00000000	0.00000000	0.00000000	0.00000000	0.00000000
0.05664488	0.01960784	0.02832244	0.00653595	0.00653595	0.00000000	0.03485839	0.01525054	0.00435730	0.00653595	0.00217865	0.00217865	0.00000000	0.00000000	0.00435730	0.00000000	0.10893246	0.04357298	0.04575163	0.00653595	0.03485839	0.01960784	0.01960784	0.00653595	0.00435730	0.02178649	0.00000000	0.01960784	0.01089325	0.00871460	0.00000000	0.00871460	0.04357298	0.00435730	0.01525054	0.00435730	0.00217865	0.00653595	0.00217865	0.00217865	0.02614379	0.00653595	0.13943355	0.06100218	0.06753813	0.03921569	0.02178649	0.01089325	0.00000000	0.00000000	0.00000000	0.00000000
0.03278689	0.02732240	0.00000000	0.00000000	0.08743169	0.06010929	0.01639344	0.01092896	0.03825137	0.03278689	0.01639344	0.00546448	0.00000000	0.00000000	0.01639344	0.01092896	0.05464481	0.04918033	0.00000000	0.00000000	0.00000000	0.00000000	0.01092896	0.01092896	0.01639344	0.02732240	0.02185792	0.00000000	0.00000000	0.12021858	0.08196721	0.02185792	0.02185792	0.00546448	0.01092896	0.06010929	0.02185792	0.04371585	0.02732240	0.00546448	0.01639344	0.00546448	0.00546448	0.00546448	0.00000000	0.00000000	0.00000000	0.00000000	0.00000000	0.00000000	0.00000000	0.00000000
0.00000000	0.00000000	0.00000000	0.00000000	0.09375000	0.09375000	0.00000000	0.00000000	0.09375000	0.03125000	0.03125000	0.00000000	0.00000000	0.00000000	0.06250000	0.00000000	0.00000000	0.00000000	0.00000000	0.00000000	0.00000000	0.03125000	0.00000000	0.00000000	0.00000000	0.00000000	0.00000000	0.00000000	0.00000000	0.12500000	0.12500000	0.00000000	0.00000000	0.00000000	0.00000000	0.09375000	0.03125000	0.09375000	0.09375000	0.00000000	0.00000000	0.00000000	0.00000000	0.00000000	0.00000000	0.00000000	0.00000000	0.00000000	0.00000000	0.00000000	0.00000000	0.00000000
0.00000000	0.00000000	0.00000000	0.00000000	0.00000000	0.00000000	0.00000000	0.00000000	0.00000000	0.00000000	0.00000000	0.00000000	0.25000000	0.00000000	0.00000000	0.00000000	0.00000000	0.00000000	0.00000000	0.00000000	0.00000000	0.00000000	0.00000000	0.00000000	0.00000000	0.00000000	0.00000000	0.00000000	0.00000000	0.00000000	0.00000000	0.00000000	0.00000000	0.00000000	0.00000000	0.00000000	0.00000000	0.00000000	0.00000000	0.00000000	0.00000000	0.00000000	0.00000000	0.00000000	0.00000000	0.00000000	0.00000000	0.00000000	0.50000000	0.00000000	0.25000000	0.00000000
0.08743169	0.05464481	0.03278689	0.02185792	0.02185792	0.00000000	0.00546448	0.00000000	0.00000000	0.02732240	0.00000000	0.02185792	0.00000000	0.00000000	0.02732240	0.01092896	0.12021858	0.08196721	0.03825137	0.02732240	0.01092896	0.00546448	0.00000000	0.00000000	0.01639344	0.00546448	0.00546448	0.00000000	0.00000000	0.02732240	0.00000000	0.02185792	0.01639344	0.00000000	0.00000000	0.00546448	0.00000000	0.03278689	0.00000000	0.02732240	0.01092896	0.00000000	0.10928962	0.07650273	0.02732240	0.02185792	0.00000000	0.00000000	0.00000000	0.00000000	0.00000000	0.00000000
0.03273810	0.02380952	0.00892857	0.00595238	0.00595238	0.00297619	0.03273810	0.01190476	0.04464286	0.05357143	0.03869048	0.01190476	0.00000000	0.00000000	0.00595238	0.02083333	0.03571429	0.02380952	0.00892857	0.00595238	0.00297619	0.00892857	0.02976190	0.00595238	0.02678571	0.03571429	0.02678571	0.00595238	0.00297619	0.02083333	0.01190476	0.00297619	0.05059524	0.01488095	0.01488095	0.07142857	0.01190476	0.07142857	0.05357143	0.01190476	0.00595238	0.00297619	0.05357143	0.03273810	0.02083333	0.01190476	0.00892857	0.00595238	0.00000000	0.00000000	0.00000000	0.00000000
0.00000000	0.00000000	0.00000000	0.00000000	0.04310345	0.02586207	0.04310345	0.03448276	0.04310345	0.06034483	0.06034483	0.00000000	0.00862069	0.00862069	0.00000000	0.00000000	0.01724138	0.01724138	0.00000000	0.00000000	0.00000000	0.01724138	0.00862069	0.00000000	0.00862069	0.06896552	0.06896552	0.00000000	0.00000000	0.04310345	0.02586207	0.01724138	0.06034483	0.00862069	0.04310345	0.04310345	0.00000000	0.07758621	0.06896552	0.00862069	0.00000000	0.00000000	0.00862069	0.00862069	0.00000000	0.00000000	0.00000000	0.00000000	0.02586207	0.02586207	0.00000000	0.00000000
0.00000000	0.00000000	0.00000000	0.00000000	0.04705882	0.04705882	0.02352941	0.01764706	0.01176471	0.04117647	0.04117647	0.00000000	0.04705882	0.02352941	0.00000000	0.00000000	0.00000000	0.00000000	0.00000000	0.00000000	0.00000000	0.01764706	0.04705882	0.00000000	0.02352941	0.03529412	0.03529412	0.00000000	0.00000000	0.05294118	0.05294118	0.00000000	0.04117647	0.01764706	0.02352941	0.02352941	0.00000000	0.04705882	0.04117647	0.00588235	0.00000000	0.00000000	0.01176471	0.00588235	0.00588235	0.00588235	0.00000000	0.00000000	0.08823529	0.05882353	0.02941176	0.02941176
0.02990033	0.00000000	0.02990033	0.01661130	0.01328904	0.00332226	0.00996678	0.00332226	0.00996678	0.00664452	0.00332226	0.00000000	0.02325581	0.00332226	0.00000000	0.00332226	0.03654485	0.00000000	0.03654485	0.01661130	0.01661130	0.00000000	0.00000000	0.00000000	0.00332226	0.01661130	0.00000000	0.01661130	0.01328904	0.01328904	0.00332226	0.00664452	0.01328904	0.00000000	0.00664452	0.01328904	0.00000000	0.01661130	0.00664452	0.00664452	0.00000000	0.00996678	0.17940199	0.08305648	0.09302326	0.05315615	0.03986711	0.01993355	0.05315615	0.02325581	0.02657807	0.01993355
0.02831858	0.00000000	0.02654867	0.01061947	0.01238938	0.00000000	0.00000000	0.00000000	0.01061947	0.00884956	0.00000000	0.00530973	0.00707965	0.00353982	0.02477876	0.01946903	0.06017699	0.00176991	0.04955752	0.01238938	0.03539823	0.01238938	0.00530973	0.00353982	0.00353982	0.01238938	0.00176991	0.00884956	0.00707965	0.02477876	0.00000000	0.01061947	0.00530973	0.00000000	0.00000000	0.02123894	0.00530973	0.01238938	0.00000000	0.00530973	0.01592920	0.00707965	0.18053097	0.05840708	0.11681416	0.04424779	0.07079646	0.02654867	0.01238938	0.00530973	0.00353982	0.00176991
0.01851852	0.01481481	0.00370370	0.00370370	0.01111111	0.01111111	0.04074074	0.01851852	0.01851852	0.05925926	0.04814815	0.00740741	0.01111111	0.00740741	0.00000000	0.00740741	0.01851852	0.01481481	0.00370370	0.00370370	0.00000000	0.00000000	0.07777778	0.02592593	0.01111111	0.05555556	0.05185185	0.00000000	0.00000000	0.01851852	0.01851852	0.00000000	0.04814815	0.01851852	0.01851852	0.02222222	0.00370370	0.07037037	0.05185185	0.01481481	0.00000000	0.00740741	0.04814815	0.02592593	0.01851852	0.00740741	0.00740741	0.00740741	0.02222222	0.01481481	0.00740741	0.00370370
0.04961832	0.00000000	0.04580153	0.02671756	0.01526718	0.00000000	0.00381679	0.00381679	0.01908397	0.01908397	0.00000000	0.01145038	0.00381679	0.00381679	0.01145038	0.01145038	0.08396947	0.01145038	0.06870229	0.04198473	0.02290076	0.00381679	0.00000000	0.00000000	0.00763359	0.00381679	0.00000000	0.00381679	0.00381679	0.02290076	0.00381679	0.01526718	0.00381679	0.00000000	0.00381679	0.01908397	0.00763359	0.03053435	0.00000000	0.01908397	0.01908397	0.00000000	0.14885496	0.08778626	0.05725191	0.04580153	0.01145038	0.01145038	0.00763359	0.00763359	0.00000000	0.00000000
0.00000000	0.00000000	0.00000000	0.00000000	0.04210526	0.03157895	0.02105263	0.01052632	0.04210526	0.02105263	0.02105263	0.00000000	0.05263158	0.02105263	0.00000000	0.00000000	0.01052632	0.01052632	0.00000000	0.00000000	0.00000000	0.00000000	0.01052632	0.01052632	0.02105263	0.05263158	0.05263158	0.00000000	0.00000000	0.05263158	0.04210526	0.01052632	0.04210526	0.01052632	0.02105263	0.04210526	0.01052632	0.05263158	0.04210526	0.00000000	0.00000000	0.01052632	0.00000000	0.00000000	0.00000000	0.00000000	0.00000000	0.00000000	0.10526316	0.05263158	0.04210526	0.03157895
0.00000000	0.00000000	0.00000000	0.00000000	0.01796407	0.01197605	0.05389222	0.01197605	0.02994012	0.04191617	0.03592814	0.00000000	0.02395210	0.02395210	0.00000000	0.00000000	0.00598802	0.00598802	0.00000000	0.00000000	0.00000000	0.00000000	0.08982036	0.02994012	0.02395210	0.07784431	0.06586826	0.00598802	0.00000000	0.01796407	0.01197605	0.00598802	0.08383234	0.02994012	0.03592814	0.02994012	0.00000000	0.06586826	0.05988024	0.00000000	0.00000000	0.00000000	0.00598802	0.00598802	0.00000000	0.00000000	0.00000000	0.00000000	0.04191617	0.03592814	0.00598802	0.00598802
0.00591716	0.00591716	0.00000000	0.00000000	0.00591716	0.00591716	0.04142012	0.03550296	0.00591716	0.04142012	0.04142012	0.00000000	0.06508876	0.04142012	0.00000000	0.00000000	0.00591716	0.00591716	0.00000000	0.00000000	0.00000000	0.00000000	0.02958580	0.02366864	0.00591716	0.07100592	0.06508876	0.00000000	0.00000000	0.00591716	0.00591716	0.00000000	0.05325444	0.01775148	0.03550296	0.01183432	0.00000000	0.04142012	0.04142012	0.00000000	0.00000000	0.00000000	0.00000000	0.00000000	0.00000000	0.00000000	0.00000000	0.00000000	0.13017751	0.07100592	0.05325444	0.02958580
0.04065041	0.01626016	0.02439024	0.02439024	0.05691057	0.01626016	0.00000000	0.00000000	0.01626016	0.03252033	0.01626016	0.01626016	0.04065041	0.01626016	0.02439024	0.02439024	0.04878049	0.02439024	0.02439024	0.02439024	0.00000000	0.00000000	0.00813008	0.00000000	0.00000000	0.01626016	0.00813008	0.00813008	0.00000000	0.05691057	0.01626016	0.00813008	0.00000000	0.00000000	0.00000000	0.02439024	0.00000000	0.04878049	0.03252033	0.01626016	0.00000000	0.01626016	0.04878049	0.03252033	0.00000000	0.00000000	0.00000000	0.00000000	0.07317073	0.04878049	0.02439024	0.02439024
0.04020101	0.01005025	0.03015075	0.02512563	0.01507538	0.00000000	0.00000000	0.00000000	0.05527638	0.02010050	0.00502513	0.01005025	0.00502513	0.00502513	0.03517588	0.01005025	0.07035176	0.03015075	0.03517588	0.02512563	0.01005025	0.01005025	0.00000000	0.00000000	0.00502513	0.00000000	0.00000000	0.00000000	0.00000000	0.03015075	0.01005025	0.01005025	0.00502513	0.00000000	0.00000000	0.09045226	0.01507538	0.07035176	0.02512563	0.02512563	0.02010050	0.01005025	0.09045226	0.06030151	0.02512563	0.02010050	0.00502513	0.00502513	0.01507538	0.01507538	0.00000000	0.00000000
0.06766917	0.00000000	0.03759398	0.02255639	0.00751880	0.00000000	0.02255639	0.00751880	0.00000000	0.00751880	0.00000000	0.00751880	0.00751880	0.00751880	0.01503759	0.00000000	0.12030075	0.02255639	0.06766917	0.03759398	0.03007519	0.01503759	0.00000000	0.00000000	0.00000000	0.00751880	0.00000000	0.00751880	0.00751880	0.00751880	0.00000000	0.00751880	0.02255639	0.00000000	0.00751880	0.00000000	0.00000000	0.00751880	0.00000000	0.00751880	0.03007519	0.00000000	0.14285714	0.07518797	0.06015038	0.03759398	0.02255639	0.01503759	0.01503759	0.01503759	0.00000000	0.00000000
0.04000000	0.04000000	0.00000000	0.00000000	0.00000000	0.00000000	0.04000000	0.00000000	0.08000000	0.08000000	0.04000000	0.00000000	0.04000000	0.00000000	0.00000000	0.00000000	0.04000000	0.04000000	0.00000000	0.00000000	0.00000000	0.00000000	0.04000000	0.00000000	0.00000000	0.00000000	0.00000000	0.00000000	0.00000000	0.00000000	0.00000000	0.00000000	0.04000000	0.04000000	0.00000000	0.08000000	0.00000000	0.08000000	0.04000000	0.00000000	0.04000000	0.00000000	0.00000000	0.00000000	0.00000000	0.00000000	0.00000000	0.00000000	0.08000000	0.04000000	0.04000000	0.04000000
0.00552486	0.00552486	0.00000000	0.00000000	0.02209945	0.01104972	0.03867403	0.00552486	0.02209945	0.02209945	0.01104972	0.01104972	0.01104972	0.00552486	0.00000000	0.00552486	0.02762431	0.01657459	0.00552486	0.00000000	0.00552486	0.01104972	0.09944751	0.02209945	0.04419890	0.08287293	0.03867403	0.01104972	0.00000000	0.03314917	0.01104972	0.02209945	0.06077348	0.02762431	0.00552486	0.02762431	0.00000000	0.04972376	0.02762431	0.01657459	0.00552486	0.05524862	0.03867403	0.02762431	0.00552486	0.00552486	0.00000000	0.00000000	0.01657459	0.01104972	0.00552486	0.00552486
0.00000000	0.00000000	0.00000000	0.00000000	0.04545455	0.01515152	0.00000000	0.00000000	0.06060606	0.04545455	0.04545455	0.00000000	0.00000000	0.00000000	0.00000000	0.00000000	0.00000000	0.00000000	0.00000000	0.00000000	0.00000000	0.00000000	0.03030303	0.01515152	0.00000000	0.01515152	0.01515152	0.00000000	0.00000000	0.04545455	0.01515152	0.00000000	0.01515152	0.01515152	0.00000000	0.09090909	0.00000000	0.09090909	0.09090909	0.00000000	0.00000000	0.00000000	0.00000000	0.00000000	0.00000000	0.00000000	0.00000000	0.00000000	0.16666667	0.03030303	0.12121212	0.03030303
0.00000000	0.00000000	0.00000000	0.00000000	0.02702703	0.02702703	0.02702703	0.01351351	0.05405405	0.08108108	0.08108108	0.00000000	0.01351351	0.00000000	0.00000000	0.00000000	0.00000000	0.00000000	0.00000000	0.00000000	0.00000000	0.01351351	0.01351351	0.01351351	0.00000000	0.04054054	0.02702703	0.00000000	0.00000000	0.02702703	0.02702703	0.00000000	0.04054054	0.01351351	0.02702703	0.05405405	0.00000000	0.10810811	0.10810811	0.00000000	0.00000000	0.00000000	0.00000000	0.00000000	0.00000000	0.00000000	0.00000000	0.00000000	0.06756757	0.04054054	0.02702703	0.02702703
0.00000000	0.00000000	0.00000000	0.00000000	0.00000000	0.00000000	0.00000000	0.00000000	0.16666667	0.16666667	0.16666667	0.00000000	0.00000000	0.00000000	0.00000000	0.00000000	0.00000000	0.00000000	0.00000000	0.00000000	0.00000000	0.00000000	0.00000000	0.00000000	0.00000000	0.00000000	0.00000000	0.00000000	0.00000000	0.00000000	0.00000000	0.00000000	0.00000000	0.00000000	0.00000000	0.16666667	0.00000000	0.16666667	0.16666667	0.00000000	0.00000000	0.00000000	0.00000000	0.00000000	0.00000000	0.00000000	0.00000000	0.00000000	0.00000000	0.00000000	0.00000000	0.00000000
0.00000000	0.00000000	0.00000000	0.00000000	0.12500000	0.12500000	0.00000000	0.00000000	0.00000000	0.00000000	0.00000000	0.00000000	0.00000000	0.00000000	0.00000000	0.00000000	0.00000000	0.00000000	0.00000000	0.00000000	0.00000000	0.00000000	0.00000000	0.00000000	0.00000000	0.00000000	0.00000000	0.00000000	0.00000000	0.12500000	0.12500000	0.00000000	0.00000000	0.00000000	0.00000000	0.00000000	0.00000000	0.00000000	0.00000000	0.00000000	0.00000000	0.00000000	0.00000000	0.00000000	0.00000000	0.00000000	0.00000000	0.00000000	0.25000000	0.25000000	0.00000000	0.00000000
0.02222222	0.02222222	0.00000000	0.00000000	0.01111111	0.01111111	0.04444444	0.02222222	0.02222222	0.05555556	0.05555556	0.00000000	0.02222222	0.01111111	0.00000000	0.01111111	0.02222222	0.02222222	0.00000000	0.00000000	0.00000000	0.02222222	0.05555556	0.01111111	0.01111111	0.06666667	0.05555556	0.00000000	0.00000000	0.01111111	0.01111111	0.00000000	0.05555556	0.01111111	0.03333333	0.02222222	0.00000000	0.06666667	0.06666667	0.00000000	0.00000000	0.00000000	0.01111111	0.01111111	0.00000000	0.00000000	0.00000000	0.00000000	0.06666667	0.02222222	0.03333333	0.00000000
0.03047091	0.01385042	0.01385042	0.01108033	0.02493075	0.00277008	0.01108033	0.00831025	0.00831025	0.02216066	0.00000000	0.01662050	0.00277008	0.00000000	0.01385042	0.01385042	0.06371191	0.02770083	0.02770083	0.01939058	0.00831025	0.01385042	0.03047091	0.00554017	0.00831025	0.03324100	0.00831025	0.02493075	0.01385042	0.02770083	0.00277008	0.01385042	0.02770083	0.00554017	0.01108033	0.00831025	0.00000000	0.02493075	0.00000000	0.01939058	0.01108033	0.00554017	0.13573407	0.06648199	0.05817175	0.02493075	0.03047091	0.01662050	0.01385042	0.00831025	0.00554017	0.00277008
0.00000000	0.00000000	0.00000000	0.00000000	0.00000000	0.00000000	0.06250000	0.00000000	0.00000000	0.00000000	0.00000000	0.00000000	0.12500000	0.00000000	0.00000000	0.00000000	0.00000000	0.00000000	0.00000000	0.00000000	0.00000000	0.00000000	0.06250000	0.00000000	0.00000000	0.00000000	0.00000000	0.00000000	0.00000000	0.00000000	0.00000000	0.00000000	0.06250000	0.06250000	0.00000000	0.00000000	0.00000000	0.00000000	0.00000000	0.00000000	0.00000000	0.00000000	0.00000000	0.00000000	0.00000000	0.00000000	0.00000000	0.00000000	0.31250000	0.06250000	0.18750000	0.06250000
0.00000000	0.00000000	0.00000000	0.00000000	0.02290076	0.02290076	0.01526718	0.00763359	0.00000000	0.06870229	0.05343511	0.00763359	0.06870229	0.03816794	0.00000000	0.00763359	0.00000000	0.00000000	0.00000000	0.00000000	0.00000000	0.00763359	0.03053435	0.00763359	0.00763359	0.03053435	0.01526718	0.00000000	0.00000000	0.02290076	0.02290076	0.00000000	0.01526718	0.00000000	0.00763359	0.00763359	0.00000000	0.09160305	0.06106870	0.01526718	0.00000000	0.02290076	0.01526718	0.01526718	0.00000000	0.00000000	0.00000000	0.00000000	0.12977099	0.08396947	0.03816794	0.03816794
0.00000000	0.00000000	0.00000000	0.00000000	0.00000000	0.00000000	0.06521739	0.06521739	0.00000000	0.02173913	0.02173913	0.00000000	0.04347826	0.02173913	0.00000000	0.00000000	0.00000000	0.00000000	0.00000000	0.00000000	0.00000000	0.00000000	0.04347826	0.04347826	0.00000000	0.13043478	0.10869565	0.02173913	0.00000000	0.00000000	0.00000000	0.00000000	0.06521739	0.00000000	0.06521739	0.00000000	0.00000000	0.02173913	0.02173913	0.00000000	0.00000000	0.00000000	0.06521739	0.06521739	0.00000000	0.00000000	0.00000000	0.00000000	0.06521739	0.02173913	0.02173913	0.00000000
0.01104972	0.00552486	0.00552486	0.00000000	0.00552486	0.00000000	0.03314917	0.01657459	0.01104972	0.09392265	0.07734807	0.01104972	0.03314917	0.01657459	0.00552486	0.00000000	0.01657459	0.00552486	0.01104972	0.00000000	0.01104972	0.00000000	0.01104972	0.00552486	0.01104972	0.03867403	0.02209945	0.00552486	0.00000000	0.01104972	0.00000000	0.00552486	0.03314917	0.00552486	0.01657459	0.02209945	0.00000000	0.09944751	0.08287293	0.01104972	0.00552486	0.00552486	0.04972376	0.02209945	0.02209945	0.01657459	0.00552486	0.00552486	0.06077348	0.03867403	0.01104972	0.00552486
0.06382979	0.06382979	0.00000000	0.00000000	0.02127660	0.00000000	0.04255319	0.02127660	0.02127660	0.04255319	0.00000000	0.04255319	0.00000000	0.00000000	0.00000000	0.00000000	0.10638298	0.10638298	0.00000000	0.00000000	0.00000000	0.02127660	0.00000000	0.00000000	0.00000000	0.04255319	0.04255319	0.00000000	0.00000000	0.04255319	0.00000000	0.04255319	0.04255319	0.00000000	0.02127660	0.02127660	0.02127660	0.04255319	0.00000000	0.04255319	0.00000000	0.00000000	0.04255319	0.04255319	0.00000000	0.00000000	0.00000000	0.00000000	0.00000000	0.00000000	0.00000000	0.00000000
0.00000000	0.00000000	0.00000000	0.00000000	0.10447761	0.05970149	0.01492537	0.00000000	0.01492537	0.08955224	0.07462687	0.01492537	0.00000000	0.00000000	0.00000000	0.02985075	0.04477612	0.04477612	0.00000000	0.00000000	0.00000000	0.01492537	0.00000000	0.00000000	0.00000000	0.00000000	0.00000000	0.00000000	0.00000000	0.11940299	0.05970149	0.02985075	0.01492537	0.00000000	0.00000000	0.04477612	0.01492537	0.08955224	0.07462687	0.01492537	0.00000000	0.00000000	0.01492537	0.01492537	0.00000000	0.00000000	0.00000000	0.00000000	0.00000000	0.00000000	0.00000000	0.00000000
0.00684932	0.00000000	0.00684932	0.00000000	0.01369863	0.00684932	0.02054795	0.00000000	0.00000000	0.02739726	0.01369863	0.01369863	0.06849315	0.04109589	0.00000000	0.00000000	0.02054795	0.00684932	0.01369863	0.00684932	0.00684932	0.00000000	0.00000000	0.00000000	0.00684932	0.01369863	0.00000000	0.00684932	0.00684932	0.01369863	0.00684932	0.00684932	0.02054795	0.00000000	0.00000000	0.00000000	0.00000000	0.03424658	0.01369863	0.01369863	0.00684932	0.00684932	0.10958904	0.03424658	0.07534247	0.02054795	0.05479452	0.01369863	0.12328767	0.06849315	0.04794521	0.02054795
0.00000000	0.00000000	0.00000000	0.00000000	0.11111111	0.07407407	0.03703704	0.00000000	0.03703704	0.07407407	0.07407407	0.00000000	0.00000000	0.00000000	0.00000000	0.00000000	0.03703704	0.03703704	0.00000000	0.00000000	0.00000000	0.00000000	0.00000000	0.00000000	0.00000000	0.00000000	0.00000000	0.00000000	0.00000000	0.11111111	0.07407407	0.03703704	0.03703704	0.00000000	0.00000000	0.03703704	0.00000000	0.11111111	0.11111111	0.00000000	0.00000000	0.00000000	0.00000000	0.00000000	0.00000000	0.00000000	0.00000000	0.00000000	0.00000000	0.00000000	0.00000000	0.00000000
0.02325581	0.02325581	0.00000000	0.00000000	0.06976744	0.04651163	0.04651163	0.00000000	0.00000000	0.02325581	0.02325581	0.00000000	0.06976744	0.04651163	0.00000000	0.00000000	0.04651163	0.04651163	0.00000000	0.00000000	0.00000000	0.00000000	0.09302326	0.00000000	0.02325581	0.00000000	0.00000000	0.00000000	0.00000000	0.06976744	0.04651163	0.02325581	0.04651163	0.02325581	0.00000000	0.00000000	0.00000000	0.04651163	0.04651163	0.00000000	0.00000000	0.00000000	0.00000000	0.00000000	0.00000000	0.00000000	0.00000000	0.00000000	0.06976744	0.04651163	0.00000000	0.00000000
0.07407407	0.00000000	0.05925926	0.04444444	0.00740741	0.00000000	0.00000000	0.00000000	0.00740741	0.00000000	0.00000000	0.00000000	0.01481481	0.00000000	0.04444444	0.00000000	0.13333333	0.02222222	0.06666667	0.04444444	0.01481481	0.00740741	0.00000000	0.00000000	0.00000000	0.00000000	0.00000000	0.00000000	0.00000000	0.01481481	0.00000000	0.00740741	0.00000000	0.00000000	0.00000000	0.02962963	0.00740741	0.00740741	0.00000000	0.00000000	0.02222222	0.00740741	0.09629630	0.05925926	0.02962963	0.01481481	0.01481481	0.00740741	0.05925926	0.02962963	0.02962963	0.02222222
0.00000000	0.00000000	0.00000000	0.00000000	0.05882353	0.05882353	0.05882353	0.05882353	0.11764706	0.00000000	0.00000000	0.00000000	0.00000000	0.00000000	0.00000000	0.05882353	0.00000000	0.00000000	0.00000000	0.00000000	0.00000000	0.05882353	0.00000000	0.00000000	0.00000000	0.05882353	0.00000000	0.00000000	0.00000000	0.11764706	0.05882353	0.00000000	0.05882353	0.00000000	0.05882353	0.11764706	0.05882353	0.00000000	0.00000000	0.00000000	0.00000000	0.00000000	0.00000000	0.00000000	0.00000000	0.00000000	0.00000000	0.00000000	0.00000000	0.00000000	0.00000000	0.00000000
0.00000000	0.00000000	0.00000000	0.00000000	0.00000000	0.00000000	0.00000000	0.00000000	0.00000000	0.06250000	0.06250000	0.00000000	0.18750000	0.06250000	0.00000000	0.00000000	0.00000000	0.00000000	0.00000000	0.00000000	0.00000000	0.00000000	0.00000000	0.00000000	0.00000000	0.00000000	0.00000000	0.00000000	0.00000000	0.00000000	0.00000000	0.00000000	0.00000000	0.00000000	0.00000000	0.00000000	0.00000000	0.06250000	0.06250000	0.00000000	0.00000000	0.00000000	0.00000000	0.00000000	0.00000000	0.00000000	0.00000000	0.00000000	0.25000000	0.12500000	0.06250000	0.06250000
0.01503759	0.01503759	0.00000000	0.00000000	0.05263158	0.03759398	0.02255639	0.00751880	0.04511278	0.05263158	0.04511278	0.00751880	0.00751880	0.00751880	0.00000000	0.02255639	0.03759398	0.03007519	0.00751880	0.00751880	0.00000000	0.02255639	0.03007519	0.01503759	0.00000000	0.02255639	0.01503759	0.00751880	0.00000000	0.06015038	0.04511278	0.00751880	0.03759398	0.01503759	0.00751880	0.04511278	0.00751880	0.07518797	0.06015038	0.00751880	0.00751880	0.00000000	0.02255639	0.02255639	0.00000000	0.00000000	0.00000000	0.00000000	0.02255639	0.02255639	0.00000000	0.00000000
0.02380952	0.00649351	0.01515152	0.00216450	0.01515152	0.00000000	0.01515152	0.00000000	0.02380952	0.02164502	0.00000000	0.01298701	0.00216450	0.00216450	0.00649351	0.00865801	0.05627706	0.01731602	0.02813853	0.00649351	0.02164502	0.01082251	0.02164502	0.01515152	0.00000000	0.03896104	0.00000000	0.03679654	0.02380952	0.02164502	0.00216450	0.01515152	0.02813853	0.01082251	0.00432900	0.02380952	0.00649351	0.02164502	0.00000000	0.01298701	0.00865801	0.02164502	0.15151515	0.06926407	0.07359307	0.05194805	0.01948052	0.01515152	0.00432900	0.00432900	0.00000000	0.00000000
0.02898551	0.00966184	0.01932367	0.00966184	0.00724638	0.00000000	0.00724638	0.00483092	0.00724638	0.01932367	0.00000000	0.01690821	0.00000000	0.00000000	0.00483092	0.00724638	0.06521739	0.01690821	0.04106280	0.01449275	0.01207729	0.02657005	0.03623188	0.00483092	0.01449275	0.01932367	0.00241546	0.01690821	0.00966184	0.00966184	0.00000000	0.00966184	0.01932367	0.00483092	0.00483092	0.01449275	0.00241546	0.02898551	0.00241546	0.02173913	0.01207729	0.02415459	0.17874396	0.06038647	0.08937198	0.03381643	0.04347826	0.01690821	0.00000000	0.00000000	0.00000000	0.00000000
0.00000000	0.00000000	0.00000000	0.00000000	0.11111111	0.11111111	0.00000000	0.00000000	0.11111111	0.00000000	0.00000000	0.00000000	0.00000000	0.00000000	0.00000000	0.00000000	0.00000000	0.00000000	0.00000000	0.00000000	0.00000000	0.00000000	0.00000000	0.00000000	0.00000000	0.00000000	0.00000000	0.00000000	0.00000000	0.22222222	0.22222222	0.00000000	0.00000000	0.00000000	0.00000000	0.11111111	0.11111111	0.00000000	0.00000000	0.00000000	0.00000000	0.00000000	0.00000000	0.00000000	0.00000000	0.00000000	0.00000000	0.00000000	0.00000000	0.00000000	0.00000000	0.00000000
0.00000000	0.00000000	0.00000000	0.00000000	0.00000000	0.00000000	0.08196721	0.01639344	0.04918033	0.08196721	0.08196721	0.00000000	0.03278689	0.01639344	0.00000000	0.00000000	0.00000000	0.00000000	0.00000000	0.00000000	0.00000000	0.03278689	0.00000000	0.00000000	0.04918033	0.01639344	0.00000000	0.01639344	0.00000000	0.00000000	0.00000000	0.00000000	0.09836066	0.00000000	0.01639344	0.06557377	0.00000000	0.13114754	0.13114754	0.00000000	0.01639344	0.00000000	0.01639344	0.00000000	0.00000000	0.00000000	0.00000000	0.00000000	0.03278689	0.01639344	0.00000000	0.00000000
0.00000000	0.00000000	0.00000000	0.00000000	0.06521739	0.04347826	0.06521739	0.02173913	0.10869565	0.00000000	0.00000000	0.00000000	0.00000000	0.00000000	0.06521739	0.00000000	0.00000000	0.00000000	0.00000000	0.00000000	0.00000000	0.02173913	0.00000000	0.00000000	0.04347826	0.02173913	0.02173913	0.00000000	0.00000000	0.10869565	0.06521739	0.00000000	0.08695652	0.00000000	0.02173913	0.15217391	0.04347826	0.02173913	0.02173913	0.00000000	0.00000000	0.00000000	0.00000000	0.00000000	0.00000000	0.00000000	0.00000000	0.00000000	0.00000000	0.00000000	0.00000000	0.00000000
