cluster 0 low performance: 
0.00989682,0.005237929230769231,8.032338461538461E-4,5.823076923076923E-5,0.006554559230769231,0.010793747692307693,0.009742773846153848,8.523538461538461E-4,0.005201883076923077,0.010680675384615385,0.00364647076923077,0.015077287692307694,0.0025043246153846157,0.015652887692307695,0.0047633076923076926,0.004445107692307692,0.016219736153846157,0.005065409230769232,0.013992583076923075,0.0030839684615384614,0.006273445384615384,0.003570596923076923,0.0014212753846153845,8.010599999999999E-4,0.0027970676923076924,0.002634067692307692,0.0012760084615384614,8.934446153846155E-4,0.011291996153846157
0.0068185642872923375,0.007265814850054235,0.001510687156197666,2.0171730174302162E-4,0.006079264454410027,0.012132282983555233,0.007904464726024282,0.002217500494148028,0.00547736997528135,0.013384966238566436,0.002742488304790887,0.007870493988810021,0.005383162958566868,0.00561800185979671,0.004956303649880398,0.002860791954829598,0.009021621000708446,0.003993873109804878,0.01713366786214314,0.003263278838664351,0.003879416642459802,0.0037962938860286125,0.00246496526372659,0.0013612896818712872,0.0035815573153440776,0.0027476194987833876,0.0015301468717481698,0.001441936839370069,0.01583219051462389

cluster 1 low performance: 
8.547007692307693E-4,0.014465165384615382,0.010195651538461538,0.0044428753846153845,0.0013030876923076922,0.021620476153846154,0.030856334615384617,0.006905026923076923,5.59326923076923E-4,0.0011981784615384616,2.396353846153846E-4,6.230530769230769E-4,0.006743376153846153,0.0013484684615384613,7.031084615384616E-4,9.585461538461538E-5,0.0017522423076923076,3.5779692307692307E-4,0.0012774684615384614,5.205723076923077E-4,0.018232876153846153,0.00552687,0.01725250692307692,0.004711652307692308,0.005519453076923077,0.00416468,0.0013646676923076925,0.0024397553846153847,0.013323185384615386
0.0018159121356516956,0.014095265233541047,0.010235593413074145,0.005379827232159635,0.0037081787354444453,0.023202498685482974,0.03687121150650373,0.009464586325656601,0.0010686461096127812,0.004150611943838653,8.301213228903105E-4,0.0021583191700857785,0.008464307883890165,0.00285991501634858,0.00132918836403068,3.3205012797225434E-4,0.0037139806667347212,8.944360398286613E-4,0.004079003111428549,0.0016318648585786461,0.018381847199133314,0.006880519055404513,0.03317563669353308,0.006334133369330324,0.00615567247628295,0.005131415938035336,0.00215069119480997,0.0031529307381487647,0.017385353317924575

cluster 0 hi performance: 
0.009861483124999997,0.0038252737500000006,0.002700750625,4.3043437500000007E-4,0.010906265624999998,0.0107223075,0.007287540000000002,0.001135790625,0.004128988124999999,0.010911620000000002,0.0037941224999999998,0.014683169374999996,0.0034642637499999996,0.016085285625,0.003187741875,0.005450155000000001,0.01963479375,0.00591293,0.018834655,0.005026133125,0.007120526249999999,0.0019153693750000001,0.00284965125,0.001300249375,0.0015508656250000001,0.0026713824999999997,0.00105599125,0.001350871875,0.0041012093749999996
0.0074493326030605905,0.003987750414266913,0.005771533896189846,8.850809686475635E-4,0.008820902293734587,0.00818674170474547,0.006222414795118732,0.0024742045276196062,0.003746459905414408,0.013217973661731875,0.00285175736010381,0.005869124804906466,0.005004354390809162,0.007729162169036312,0.002658732926518332,0.005367603258952034,0.007762475534822055,0.0070556357917811,0.017656070151443666,0.003290198039210024,0.005989287960938967,0.0029700203682876247,0.006286603762359366,0.0023908074102629764,0.0017415265013271,0.0038760848374140688,0.0014210413444103013,0.002584110712615218,0.004799474150265669

cluster 1 hi performance: 
0.0017496615384615386,0.01411901230769231,0.010513363076923077,0.004288173846153846,0.0018711561538461538,0.03545710923076924,0.018791858461538462,0.0036484492307692308,4.182646153846154E-4,0.0018960061538461537,5.371653846153846E-4,0.0019294530769230769,0.02091534,0.001692906923076923,2.8789846153846156E-4,3.5534538461538465E-4,0.0029751661538461533,0.0013847715384615383,0.00222843,0.0011204761538461537,0.033439439999999994,0.0038769530769230767,0.009937213846153849,0.00534179,0.009041627692307692,0.007506213076923078,0.0033650869230769233,0.00360992,0.007254440769230771
0.0038974862295564627,0.013230007211999403,0.01234648078325616,0.007262819978329607,0.002745034914906264,0.03035411792136193,0.02532254192778164,0.004239273444542955,0.0010926063933169895,0.004449154746755558,0.0010988085180119514,0.00352496816967273,0.03253974627784611,0.00325234105376274,6.7675873294182E-4,8.427978687189236E-4,0.003891310728066075,0.0024037863951653954,0.003438504751995016,0.0022464053630686666,0.03630463386329947,0.004913457954745524,0.012251794858948086,0.005614911815303138,0.009555334590098111,0.005844608610398508,0.0034608224086932872,0.004109245084940504,0.009148507816130842

