[0.02242057 0.03071987 0.03479254 0.03325809 0.02936485 0.04913165
 0.02991057 0.01752045 0.01903322 0.02999471 0.02857618 0.01848088
 0.03948668 0.01682751 0.009074  ]
[0.02887573 0.0487263  0.02791045 0.03546462 0.03056845 0.01510341
 0.0473414  0.03111366 0.01107388 0.01218346 0.02804412 0.0205846
 0.01992532 0.02376838 0.03638878]
[0.03135214 0.03170019 0.03004966 0.02712394 0.03191019 0.02352925
 0.02328197 0.02341948 0.04659716 0.04194443 0.02388888 0.02181516
 0.01371985 0.01016566 0.0271528 ]
[0.03743464 0.03346504 0.03467134 0.03348008 0.03603167 0.00872864
 0.0171274  0.0297677  0.0290419  0.03839575 0.04056294 0.03672495
 0.04100541 0.0436875  0.02917741]
[0.03845043 0.03328056 0.04224994 0.02941463 0.03293234 0.0419324
 0.04062999 0.03908666 0.03485373 0.01690839 0.03222053 0.03998528
 0.02054387 0.03501785 0.02852965]
