dsa24	0.03864734,0.00966184,0.02415459,0.01449275,0.00966184,0.00966184,0.00483092,0.01449275,0.01449275,0.03381643,0.01932367,0.01449275,0.00483092,0.00483092,0.00483092,0.00000000,0.00483092,0.00000000,0.15458937,0.08695652,0.05797101,0.03864734,0.01449275,0.01449275,0.00966184,0.00483092,0.03381643,0.02415459,0.00483092,0.00483092,0.03381643,0.01932367,0.01932367,0.03864734,0.01932367,0.01449275,0.01449275,0.00483092,0.01932367,0.00483092,0.01449275,0.00966184,0.00000000,0.00000000,0.00000000,0.00966184,0.00000000,0.03381643,0.00483092,0.02415459,0.01932367,0.01932367
saa128	0.00000000,0.00000000,0.00000000,0.00000000,0.00000000,0.00000000,0.00000000,0.00000000,0.00000000,0.00000000,0.00000000,0.04166667,0.00000000,0.04166667,0.08333333,0.00000000,0.04166667,0.04166667,0.08333333,0.08333333,0.00000000,0.00000000,0.00000000,0.00000000,0.00000000,0.00000000,0.00000000,0.00000000,0.00000000,0.00000000,0.00000000,0.00000000,0.00000000,0.08333333,0.04166667,0.04166667,0.04166667,0.00000000,0.12500000,0.04166667,0.04166667,0.04166667,0.04166667,0.04166667,0.04166667,0.00000000,0.00000000,0.00000000,0.00000000,0.00000000,0.00000000,0.00000000
jhb32	0.06837607,0.00854701,0.05982906,0.02564103,0.03418803,0.03418803,0.00000000,0.00000000,0.00000000,0.00000000,0.00000000,0.00854701,0.00854701,0.00000000,0.02564103,0.01709402,0.00854701,0.00000000,0.17094017,0.07692308,0.09401709,0.05982906,0.03418803,0.03418803,0.00000000,0.00000000,0.00000000,0.00000000,0.00000000,0.00000000,0.00854701,0.00854701,0.00854701,0.02564103,0.02564103,0.00000000,0.00000000,0.00000000,0.03418803,0.02564103,0.00854701,0.00854701,0.00000000,0.00000000,0.00854701,0.01709402,0.00854701,0.00854701,0.00854701,0.00000000,0.01709402,0.00854701
snb39	0.07762557,0.03196347,0.03652968,0.02283105,0.01369863,0.00913242,0.00913242,0.00456621,0.00000000,0.00000000,0.00000000,0.01369863,0.00456621,0.00456621,0.00913242,0.00456621,0.00456621,0.00000000,0.16438356,0.09132420,0.05936073,0.03196347,0.02283105,0.00913242,0.01369863,0.00913242,0.02283105,0.00913242,0.01369863,0.01369863,0.00000000,0.00000000,0.02283105,0.03196347,0.02283105,0.00456621,0.00456621,0.00456621,0.00913242,0.00456621,0.00456621,0.00456621,0.00000000,0.00000000,0.00456621,0.00456621,0.02283105,0.02283105,0.00000000,0.02283105,0.07762557,0.02283105
nrg14	0.10256410,0.02564103,0.05128205,0.05128205,0.00000000,0.00000000,0.02564103,0.00000000,0.00000000,0.00000000,0.00000000,0.02564103,0.02564103,0.00000000,0.00000000,0.00000000,0.00000000,0.00000000,0.15384615,0.07692308,0.05128205,0.05128205,0.00000000,0.00000000,0.02564103,0.00000000,0.02564103,0.00000000,0.02564103,0.02564103,0.00000000,0.00000000,0.00000000,0.05128205,0.05128205,0.00000000,0.00000000,0.00000000,0.00000000,0.00000000,0.00000000,0.00000000,0.00000000,0.00000000,0.00000000,0.02564103,0.02564103,0.05128205,0.05128205,0.00000000,0.00000000,0.00000000
pmp27	0.06417112,0.01604278,0.04812834,0.02139037,0.02673797,0.02139037,0.00000000,0.00000000,0.00000000,0.00534759,0.00000000,0.01069519,0.00000000,0.01069519,0.00000000,0.00000000,0.00000000,0.00000000,0.20855615,0.09625668,0.11229947,0.05882353,0.05347594,0.03743316,0.00000000,0.00000000,0.00000000,0.00000000,0.00000000,0.00000000,0.00534759,0.00000000,0.01069519,0.01069519,0.00000000,0.01069519,0.00534759,0.00000000,0.00000000,0.00000000,0.00000000,0.00000000,0.00000000,0.00000000,0.02139037,0.01069519,0.00534759,0.02673797,0.01604278,0.01069519,0.04812834,0.02673797
rdp23	0.11184211,0.03947368,0.07236842,0.02631579,0.04605263,0.04605263,0.00000000,0.00000000,0.00000000,0.00000000,0.00000000,0.00000000,0.00000000,0.00000000,0.00000000,0.00000000,0.00000000,0.00000000,0.23684211,0.11842105,0.11842105,0.07236842,0.04605263,0.04605263,0.00000000,0.00000000,0.00000000,0.00000000,0.00000000,0.00000000,0.00000000,0.00000000,0.00000000,0.00000000,0.00000000,0.00000000,0.00000000,0.00000000,0.00000000,0.00000000,0.00000000,0.00000000,0.00000000,0.00000000,0.00000000,0.00657895,0.00000000,0.00657895,0.00000000,0.00657895,0.00000000,0.00000000
mjm248	0.12500000,0.08928571,0.03571429,0.01785714,0.01785714,0.01785714,0.00000000,0.00000000,0.00000000,0.03571429,0.03571429,0.00000000,0.00000000,0.00000000,0.00000000,0.00000000,0.00000000,0.00000000,0.23214286,0.16071429,0.07142857,0.05357143,0.01785714,0.01785714,0.00000000,0.00000000,0.00000000,0.00000000,0.00000000,0.00000000,0.03571429,0.03571429,0.00000000,0.00000000,0.00000000,0.00000000,0.00000000,0.00000000,0.00000000,0.00000000,0.00000000,0.00000000,0.00000000,0.00000000,0.00000000,0.00000000,0.00000000,0.00000000,0.00000000,0.00000000,0.00000000,0.00000000
ams396	0.11818182,0.05454545,0.06363636,0.04545455,0.01818182,0.01818182,0.00000000,0.00000000,0.00000000,0.00000000,0.00000000,0.00909091,0.00909091,0.00000000,0.00000000,0.00000000,0.00000000,0.00000000,0.24545455,0.15454545,0.09090909,0.07272727,0.01818182,0.01818182,0.00000000,0.00000000,0.00000000,0.00000000,0.00000000,0.00000000,0.00000000,0.00000000,0.00000000,0.00909091,0.00909091,0.00000000,0.00000000,0.00000000,0.00000000,0.00000000,0.00000000,0.00000000,0.00000000,0.00000000,0.03636364,0.00000000,0.00909091,0.00000000,0.00000000,0.00000000,0.00000000,0.00000000
jmk195	0.00000000,0.00000000,0.00000000,0.00000000,0.00000000,0.00000000,0.00000000,0.00000000,0.00000000,0.00000000,0.00000000,0.00000000,0.00000000,0.00000000,0.00000000,0.00000000,0.00000000,0.00000000,0.33333333,0.22222222,0.11111111,0.11111111,0.00000000,0.00000000,0.00000000,0.00000000,0.00000000,0.00000000,0.00000000,0.00000000,0.00000000,0.00000000,0.00000000,0.00000000,0.00000000,0.00000000,0.00000000,0.00000000,0.00000000,0.00000000,0.00000000,0.00000000,0.00000000,0.00000000,0.11111111,0.00000000,0.11111111,0.00000000,0.00000000,0.00000000,0.00000000,0.00000000
atg23	0.12500000,0.12500000,0.00000000,0.00000000,0.00000000,0.00000000,0.00000000,0.00000000,0.00000000,0.00000000,0.00000000,0.12500000,0.12500000,0.00000000,0.00000000,0.00000000,0.00000000,0.00000000,0.12500000,0.12500000,0.00000000,0.00000000,0.00000000,0.00000000,0.00000000,0.00000000,0.00000000,0.00000000,0.00000000,0.00000000,0.00000000,0.00000000,0.00000000,0.12500000,0.12500000,0.00000000,0.00000000,0.00000000,0.00000000,0.00000000,0.00000000,0.00000000,0.00000000,0.00000000,0.00000000,0.00000000,0.00000000,0.00000000,0.00000000,0.00000000,0.00000000,0.00000000
jaw154	0.09836066,0.03278689,0.06557377,0.03278689,0.03278689,0.03278689,0.00000000,0.00000000,0.00000000,0.00000000,0.00000000,0.01639344,0.01639344,0.00000000,0.00000000,0.00000000,0.00000000,0.00000000,0.22950820,0.11475410,0.11475410,0.08196721,0.03278689,0.03278689,0.00000000,0.00000000,0.00000000,0.00000000,0.00000000,0.00000000,0.00000000,0.00000000,0.00000000,0.01639344,0.01639344,0.00000000,0.00000000,0.00000000,0.00000000,0.00000000,0.00000000,0.00000000,0.00000000,0.00000000,0.00000000,0.00000000,0.00000000,0.01639344,0.00000000,0.01639344,0.00000000,0.00000000
mac276	0.03896104,0.02597403,0.00000000,0.00000000,0.00000000,0.00000000,0.01298701,0.00000000,0.00000000,0.00000000,0.00000000,0.03896104,0.02597403,0.00000000,0.09090909,0.05194805,0.02597403,0.01298701,0.03896104,0.02597403,0.00000000,0.00000000,0.00000000,0.00000000,0.01298701,0.00000000,0.03896104,0.02597403,0.01298701,0.01298701,0.00000000,0.00000000,0.00000000,0.07792208,0.06493506,0.00000000,0.00000000,0.01298701,0.14285714,0.07792208,0.02597403,0.02597403,0.03896104,0.02597403,0.00000000,0.00000000,0.01298701,0.00000000,0.00000000,0.00000000,0.00000000,0.00000000
hwf2	0.11235955,0.04494382,0.06741573,0.04494382,0.01123596,0.01123596,0.00000000,0.01123596,0.01123596,0.00000000,0.00000000,0.01123596,0.00000000,0.01123596,0.00000000,0.00000000,0.00000000,0.00000000,0.21348315,0.12359551,0.07865169,0.05617978,0.01123596,0.01123596,0.01123596,0.01123596,0.03370787,0.03370787,0.00000000,0.00000000,0.00000000,0.00000000,0.00000000,0.01123596,0.00000000,0.01123596,0.01123596,0.00000000,0.00000000,0.00000000,0.00000000,0.00000000,0.00000000,0.00000000,0.00000000,0.00000000,0.01123596,0.02247191,0.00000000,0.01123596,0.00000000,0.00000000
wah7	0.05882353,0.00000000,0.05882353,0.00000000,0.05882353,0.05882353,0.00000000,0.00000000,0.00000000,0.00000000,0.00000000,0.05882353,0.05882353,0.00000000,0.00000000,0.00000000,0.00000000,0.00000000,0.17647059,0.05882353,0.11764706,0.05882353,0.05882353,0.05882353,0.00000000,0.00000000,0.00000000,0.00000000,0.00000000,0.00000000,0.00000000,0.00000000,0.00000000,0.05882353,0.05882353,0.00000000,0.00000000,0.00000000,0.00000000,0.00000000,0.00000000,0.00000000,0.00000000,0.00000000,0.00000000,0.00000000,0.00000000,0.00000000,0.00000000,0.00000000,0.00000000,0.00000000
mhr19	0.06194690,0.03539823,0.01769912,0.00884956,0.00884956,0.00000000,0.00884956,0.02654867,0.00884956,0.00000000,0.00000000,0.01769912,0.00884956,0.00000000,0.00884956,0.00000000,0.00884956,0.00000000,0.17699115,0.10619469,0.06194690,0.04424779,0.01769912,0.00884956,0.00884956,0.00000000,0.04424779,0.01769912,0.02654867,0.01769912,0.02654867,0.01769912,0.00884956,0.06194690,0.03539823,0.01769912,0.00884956,0.00884956,0.00884956,0.00000000,0.00884956,0.00884956,0.00000000,0.00000000,0.01769912,0.00000000,0.00000000,0.00884956,0.00884956,0.00000000,0.00000000,0.00000000
mlk93	0.09433962,0.01886792,0.07547170,0.03773585,0.03773585,0.03773585,0.00000000,0.00000000,0.00000000,0.01886792,0.00000000,0.00000000,0.00000000,0.00000000,0.00000000,0.00000000,0.00000000,0.00000000,0.20754717,0.09433962,0.11320755,0.07547170,0.03773585,0.03773585,0.00000000,0.00000000,0.01886792,0.00000000,0.01886792,0.01886792,0.01886792,0.00000000,0.00000000,0.01886792,0.01886792,0.00000000,0.00000000,0.00000000,0.00000000,0.00000000,0.00000000,0.00000000,0.00000000,0.00000000,0.00000000,0.00000000,0.00000000,0.00000000,0.00000000,0.00000000,0.00000000,0.00000000
kko4	0.10833333,0.06666667,0.04166667,0.03333333,0.00833333,0.00833333,0.00000000,0.00833333,0.00000000,0.00000000,0.00000000,0.01666667,0.01666667,0.00000000,0.00000000,0.00000000,0.00000000,0.00000000,0.22500000,0.14166667,0.07500000,0.05000000,0.01666667,0.01666667,0.00833333,0.00000000,0.01666667,0.00000000,0.01666667,0.00000000,0.00000000,0.00000000,0.00000000,0.04166667,0.01666667,0.02500000,0.01666667,0.00000000,0.00000000,0.00000000,0.00000000,0.00000000,0.00000000,0.00000000,0.00833333,0.00000000,0.00000000,0.00833333,0.00000000,0.00833333,0.00000000,0.00000000
afd10	0.08064516,0.03225806,0.03763441,0.02150538,0.01612903,0.01612903,0.01075269,0.01075269,0.00537634,0.00000000,0.00000000,0.01075269,0.00000000,0.01075269,0.03225806,0.02150538,0.00537634,0.00537634,0.17741935,0.09139785,0.07526882,0.04838710,0.02688172,0.02688172,0.01075269,0.01075269,0.02150538,0.01612903,0.00000000,0.00000000,0.00000000,0.00000000,0.00000000,0.01612903,0.00537634,0.01075269,0.00537634,0.00000000,0.04301075,0.03225806,0.00537634,0.00537634,0.00537634,0.00537634,0.01075269,0.00537634,0.00537634,0.00537634,0.00537634,0.00000000,0.00537634,0.00537634
mjd78	0.07936508,0.02380952,0.05555556,0.03968254,0.01587302,0.00793651,0.00000000,0.00000000,0.00000000,0.01587302,0.01587302,0.00000000,0.00000000,0.00000000,0.00000000,0.00000000,0.00000000,0.00000000,0.23015873,0.12698413,0.10317460,0.07936508,0.02380952,0.01587302,0.00000000,0.00000000,0.00000000,0.00000000,0.00000000,0.00000000,0.02380952,0.02380952,0.00793651,0.00000000,0.00000000,0.00000000,0.00000000,0.00000000,0.00000000,0.00000000,0.00000000,0.00000000,0.00000000,0.00000000,0.00000000,0.00793651,0.01587302,0.02380952,0.00000000,0.02380952,0.02380952,0.01587302
sws19	0.00000000,0.00000000,0.00000000,0.00000000,0.00000000,0.00000000,0.00000000,0.05882353,0.00000000,0.00000000,0.00000000,0.05882353,0.05882353,0.00000000,0.00000000,0.00000000,0.00000000,0.00000000,0.11764706,0.05882353,0.05882353,0.05882353,0.00000000,0.00000000,0.00000000,0.00000000,0.05882353,0.00000000,0.05882353,0.05882353,0.00000000,0.00000000,0.00000000,0.17647059,0.11764706,0.05882353,0.00000000,0.00000000,0.00000000,0.00000000,0.00000000,0.00000000,0.00000000,0.00000000,0.00000000,0.00000000,0.00000000,0.00000000,0.00000000,0.00000000,0.00000000,0.00000000
rkh9	0.25000000,0.25000000,0.00000000,0.00000000,0.00000000,0.00000000,0.00000000,0.00000000,0.00000000,0.00000000,0.00000000,0.00000000,0.00000000,0.00000000,0.00000000,0.00000000,0.00000000,0.00000000,0.25000000,0.25000000,0.00000000,0.00000000,0.00000000,0.00000000,0.00000000,0.00000000,0.00000000,0.00000000,0.00000000,0.00000000,0.00000000,0.00000000,0.00000000,0.00000000,0.00000000,0.00000000,0.00000000,0.00000000,0.00000000,0.00000000,0.00000000,0.00000000,0.00000000,0.00000000,0.00000000,0.00000000,0.00000000,0.00000000,0.00000000,0.00000000,0.00000000,0.00000000
skm37	0.14285714,0.11428571,0.02857143,0.02857143,0.00000000,0.00000000,0.00000000,0.02857143,0.02857143,0.00000000,0.00000000,0.02857143,0.00000000,0.02857143,0.00000000,0.00000000,0.00000000,0.00000000,0.20000000,0.17142857,0.02857143,0.02857143,0.00000000,0.00000000,0.00000000,0.00000000,0.02857143,0.02857143,0.00000000,0.00000000,0.00000000,0.00000000,0.00000000,0.02857143,0.00000000,0.02857143,0.02857143,0.00000000,0.00000000,0.00000000,0.00000000,0.00000000,0.00000000,0.00000000,0.00000000,0.00000000,0.00000000,0.00000000,0.00000000,0.00000000,0.00000000,0.00000000
ril13	0.00000000,0.00000000,0.00000000,0.00000000,0.00000000,0.00000000,0.00000000,0.00000000,0.00000000,0.00000000,0.00000000,0.00000000,0.00000000,0.00000000,0.00000000,0.00000000,0.00000000,0.00000000,0.00000000,0.00000000,0.00000000,0.00000000,0.00000000,0.00000000,0.00000000,0.00000000,0.00000000,0.00000000,0.00000000,0.00000000,0.00000000,0.00000000,0.00000000,0.00000000,0.00000000,0.00000000,0.00000000,0.00000000,0.00000000,0.00000000,0.00000000,0.00000000,0.00000000,0.00000000,0.00000000,1.00000000,0.00000000,0.00000000,0.00000000,0.00000000,0.00000000,0.00000000
kan63	0.25000000,0.25000000,0.00000000,0.00000000,0.00000000,0.00000000,0.00000000,0.00000000,0.00000000,0.00000000,0.00000000,0.00000000,0.00000000,0.00000000,0.00000000,0.00000000,0.00000000,0.00000000,0.25000000,0.25000000,0.00000000,0.00000000,0.00000000,0.00000000,0.00000000,0.00000000,0.00000000,0.00000000,0.00000000,0.00000000,0.00000000,0.00000000,0.00000000,0.00000000,0.00000000,0.00000000,0.00000000,0.00000000,0.00000000,0.00000000,0.00000000,0.00000000,0.00000000,0.00000000,0.00000000,0.00000000,0.00000000,0.00000000,0.00000000,0.00000000,0.00000000,0.00000000
jme42	0.08333333,0.05555556,0.02777778,0.02777778,0.00000000,0.00000000,0.00000000,0.02777778,0.02777778,0.00000000,0.00000000,0.02777778,0.00000000,0.00000000,0.05555556,0.05555556,0.00000000,0.00000000,0.11111111,0.08333333,0.02777778,0.02777778,0.00000000,0.00000000,0.00000000,0.00000000,0.05555556,0.02777778,0.02777778,0.02777778,0.00000000,0.00000000,0.00000000,0.05555556,0.02777778,0.00000000,0.00000000,0.02777778,0.05555556,0.05555556,0.00000000,0.00000000,0.00000000,0.00000000,0.00000000,0.00000000,0.00000000,0.00000000,0.00000000,0.00000000,0.00000000,0.00000000
bpc20	0.00000000,0.00000000,0.00000000,0.00000000,0.00000000,0.00000000,0.00000000,0.00000000,0.00000000,0.00000000,0.00000000,0.00000000,0.00000000,0.00000000,0.00000000,0.00000000,0.00000000,0.00000000,0.00000000,0.00000000,0.00000000,0.00000000,0.00000000,0.00000000,0.00000000,0.00000000,0.00000000,0.00000000,0.00000000,0.00000000,0.00000000,0.00000000,0.00000000,0.00000000,0.00000000,0.00000000,0.00000000,0.00000000,0.00000000,0.00000000,0.00000000,0.00000000,0.00000000,0.00000000,0.00000000,0.00000000,0.00000000,0.00000000,0.00000000,0.00000000,0.00000000,0.00000000
jum48	0.18181818,0.09090909,0.00000000,0.00000000,0.00000000,0.00000000,0.09090909,0.00000000,0.00000000,0.00000000,0.00000000,0.00000000,0.00000000,0.00000000,0.00000000,0.00000000,0.00000000,0.00000000,0.18181818,0.09090909,0.00000000,0.00000000,0.00000000,0.00000000,0.09090909,0.09090909,0.09090909,0.09090909,0.00000000,0.00000000,0.00000000,0.00000000,0.00000000,0.00000000,0.00000000,0.00000000,0.00000000,0.00000000,0.00000000,0.00000000,0.00000000,0.00000000,0.00000000,0.00000000,0.00000000,0.00000000,0.00000000,0.00000000,0.00000000,0.00000000,0.00000000,0.00000000
rde8	0.00000000,0.00000000,0.00000000,0.00000000,0.00000000,0.00000000,0.00000000,0.00000000,0.00000000,0.16666667,0.16666667,0.00000000,0.00000000,0.00000000,0.00000000,0.00000000,0.00000000,0.00000000,0.16666667,0.16666667,0.00000000,0.00000000,0.00000000,0.00000000,0.00000000,0.00000000,0.00000000,0.00000000,0.00000000,0.00000000,0.16666667,0.16666667,0.00000000,0.00000000,0.00000000,0.00000000,0.00000000,0.00000000,0.00000000,0.00000000,0.00000000,0.00000000,0.00000000,0.00000000,0.00000000,0.00000000,0.00000000,0.00000000,0.00000000,0.00000000,0.00000000,0.00000000
kbs29	0.03960396,0.00990099,0.01980198,0.01980198,0.00000000,0.00000000,0.00990099,0.01980198,0.00000000,0.00000000,0.00000000,0.00990099,0.00000000,0.00000000,0.08910891,0.04950495,0.00990099,0.02970297,0.06930693,0.03960396,0.01980198,0.01980198,0.00000000,0.00000000,0.00990099,0.00000000,0.04950495,0.00990099,0.01980198,0.00990099,0.00000000,0.00000000,0.00000000,0.04950495,0.01980198,0.00990099,0.00990099,0.01980198,0.14851485,0.08910891,0.01980198,0.00990099,0.03960396,0.02970297,0.00000000,0.00000000,0.00000000,0.00000000,0.00000000,0.00000000,0.00000000,0.00000000
dkd15	0.00000000,0.00000000,0.00000000,0.00000000,0.00000000,0.00000000,0.00000000,0.00000000,0.00000000,0.00000000,0.00000000,0.00000000,0.00000000,0.00000000,0.14285714,0.00000000,0.14285714,0.00000000,0.00000000,0.00000000,0.00000000,0.00000000,0.00000000,0.00000000,0.00000000,0.00000000,0.00000000,0.00000000,0.00000000,0.00000000,0.00000000,0.00000000,0.00000000,0.14285714,0.14285714,0.00000000,0.00000000,0.00000000,0.14285714,0.00000000,0.14285714,0.14285714,0.00000000,0.00000000,0.00000000,0.00000000,0.00000000,0.00000000,0.00000000,0.00000000,0.00000000,0.00000000
ecu4	0.06382979,0.02127660,0.00000000,0.00000000,0.00000000,0.00000000,0.04255319,0.00000000,0.00000000,0.00000000,0.00000000,0.04255319,0.02127660,0.02127660,0.02127660,0.00000000,0.02127660,0.00000000,0.08510638,0.04255319,0.00000000,0.00000000,0.00000000,0.00000000,0.04255319,0.02127660,0.06382979,0.04255319,0.02127660,0.02127660,0.00000000,0.00000000,0.02127660,0.10638298,0.06382979,0.02127660,0.02127660,0.02127660,0.04255319,0.00000000,0.04255319,0.02127660,0.00000000,0.00000000,0.02127660,0.00000000,0.00000000,0.00000000,0.00000000,0.00000000,0.02127660,0.00000000
mjg82	0.22222222,0.22222222,0.00000000,0.00000000,0.00000000,0.00000000,0.00000000,0.00000000,0.00000000,0.00000000,0.00000000,0.00000000,0.00000000,0.00000000,0.00000000,0.00000000,0.00000000,0.00000000,0.22222222,0.22222222,0.00000000,0.00000000,0.00000000,0.00000000,0.00000000,0.00000000,0.00000000,0.00000000,0.00000000,0.00000000,0.00000000,0.00000000,0.00000000,0.00000000,0.00000000,0.00000000,0.00000000,0.00000000,0.00000000,0.00000000,0.00000000,0.00000000,0.00000000,0.00000000,0.11111111,0.00000000,0.00000000,0.00000000,0.00000000,0.00000000,0.00000000,0.00000000
tar57	0.11111111,0.07407407,0.03703704,0.00000000,0.03703704,0.03703704,0.00000000,0.00000000,0.00000000,0.00000000,0.00000000,0.00000000,0.00000000,0.00000000,0.00000000,0.00000000,0.00000000,0.00000000,0.25925926,0.14814815,0.11111111,0.07407407,0.03703704,0.03703704,0.00000000,0.00000000,0.00000000,0.00000000,0.00000000,0.00000000,0.00000000,0.00000000,0.00000000,0.00000000,0.00000000,0.00000000,0.00000000,0.00000000,0.00000000,0.00000000,0.00000000,0.00000000,0.00000000,0.00000000,0.03703704,0.00000000,0.00000000,0.00000000,0.00000000,0.00000000,0.00000000,0.00000000
koj1	0.00000000,0.00000000,0.00000000,0.00000000,0.00000000,0.00000000,0.00000000,0.00000000,0.00000000,0.07142857,0.00000000,0.00000000,0.00000000,0.00000000,0.00000000,0.00000000,0.00000000,0.00000000,0.21428571,0.07142857,0.14285714,0.07142857,0.07142857,0.07142857,0.00000000,0.00000000,0.00000000,0.00000000,0.00000000,0.00000000,0.07142857,0.00000000,0.07142857,0.00000000,0.00000000,0.00000000,0.00000000,0.00000000,0.00000000,0.00000000,0.00000000,0.00000000,0.00000000,0.00000000,0.00000000,0.00000000,0.00000000,0.07142857,0.00000000,0.07142857,0.00000000,0.00000000
clk93	0.04201681,0.03361345,0.00000000,0.00000000,0.00000000,0.00000000,0.00840336,0.05042017,0.03361345,0.00000000,0.00000000,0.00840336,0.00000000,0.00000000,0.08403361,0.03361345,0.01680672,0.03361345,0.05042017,0.04201681,0.00000000,0.00000000,0.00000000,0.00000000,0.00840336,0.00840336,0.07563025,0.05882353,0.00840336,0.00840336,0.00000000,0.00000000,0.00000000,0.05042017,0.02521008,0.00840336,0.00840336,0.01680672,0.12605042,0.05882353,0.03361345,0.01680672,0.03361345,0.01680672,0.00000000,0.00000000,0.00000000,0.00000000,0.00000000,0.00000000,0.00000000,0.00000000
mjf68	0.15555556,0.08888889,0.06666667,0.06666667,0.00000000,0.00000000,0.00000000,0.00000000,0.00000000,0.00000000,0.00000000,0.00000000,0.00000000,0.00000000,0.02222222,0.02222222,0.00000000,0.00000000,0.22222222,0.15555556,0.06666667,0.06666667,0.00000000,0.00000000,0.00000000,0.00000000,0.00000000,0.00000000,0.00000000,0.00000000,0.00000000,0.00000000,0.00000000,0.00000000,0.00000000,0.00000000,0.00000000,0.00000000,0.02222222,0.02222222,0.00000000,0.00000000,0.00000000,0.00000000,0.00000000,0.00000000,0.02222222,0.00000000,0.00000000,0.00000000,0.00000000,0.00000000
res106	0.07017544,0.02923977,0.03508772,0.02339181,0.00584795,0.00000000,0.00584795,0.00000000,0.00000000,0.00000000,0.00000000,0.01169591,0.01169591,0.00000000,0.00584795,0.00584795,0.00000000,0.00000000,0.21637427,0.07017544,0.12865497,0.04093567,0.07602339,0.00584795,0.01754386,0.01754386,0.01754386,0.01754386,0.00000000,0.00000000,0.00000000,0.00000000,0.01754386,0.01169591,0.01169591,0.00000000,0.00000000,0.00000000,0.00584795,0.00584795,0.00000000,0.00000000,0.00000000,0.00000000,0.00000000,0.00000000,0.00000000,0.02923977,0.01169591,0.01754386,0.06432749,0.01169591
mad205	0.11224490,0.07142857,0.04081633,0.04081633,0.00000000,0.00000000,0.00000000,0.01020408,0.00000000,0.01020408,0.00000000,0.02040816,0.00000000,0.02040816,0.01020408,0.00000000,0.00000000,0.01020408,0.19387755,0.12244898,0.06122449,0.04081633,0.01020408,0.00000000,0.01020408,0.01020408,0.02040816,0.01020408,0.01020408,0.01020408,0.01020408,0.00000000,0.00000000,0.04081633,0.02040816,0.02040816,0.01020408,0.00000000,0.02040816,0.00000000,0.01020408,0.01020408,0.01020408,0.00000000,0.00000000,0.00000000,0.00000000,0.00000000,0.00000000,0.00000000,0.00000000,0.00000000
ams404	0.09677419,0.03225806,0.06451613,0.03225806,0.03225806,0.03225806,0.00000000,0.00000000,0.00000000,0.03225806,0.00000000,0.00000000,0.00000000,0.00000000,0.00000000,0.00000000,0.00000000,0.00000000,0.22580645,0.12903226,0.09677419,0.06451613,0.03225806,0.03225806,0.00000000,0.00000000,0.00000000,0.00000000,0.00000000,0.00000000,0.03225806,0.00000000,0.00000000,0.00000000,0.00000000,0.00000000,0.00000000,0.00000000,0.00000000,0.00000000,0.00000000,0.00000000,0.00000000,0.00000000,0.00000000,0.00000000,0.06451613,0.00000000,0.00000000,0.00000000,0.00000000,0.00000000
qim8	0.00000000,0.00000000,0.00000000,0.00000000,0.00000000,0.00000000,0.00000000,0.00000000,0.00000000,0.00000000,0.00000000,0.00000000,0.00000000,0.00000000,0.14285714,0.00000000,0.00000000,0.14285714,0.00000000,0.00000000,0.00000000,0.00000000,0.00000000,0.00000000,0.00000000,0.00000000,0.00000000,0.00000000,0.00000000,0.00000000,0.00000000,0.00000000,0.00000000,0.00000000,0.00000000,0.00000000,0.00000000,0.00000000,0.28571429,0.14285714,0.00000000,0.00000000,0.14285714,0.14285714,0.00000000,0.00000000,0.00000000,0.00000000,0.00000000,0.00000000,0.00000000,0.00000000
alh130	0.08333333,0.00000000,0.08333333,0.08333333,0.00000000,0.00000000,0.00000000,0.00000000,0.00000000,0.00000000,0.00000000,0.00000000,0.00000000,0.00000000,0.00000000,0.00000000,0.00000000,0.00000000,0.25000000,0.12500000,0.12500000,0.12500000,0.00000000,0.00000000,0.00000000,0.00000000,0.00000000,0.00000000,0.00000000,0.00000000,0.00000000,0.00000000,0.04166667,0.00000000,0.00000000,0.00000000,0.00000000,0.00000000,0.00000000,0.00000000,0.00000000,0.00000000,0.00000000,0.00000000,0.00000000,0.00000000,0.00000000,0.04166667,0.00000000,0.04166667,0.00000000,0.00000000
brs112	0.07692308,0.00000000,0.07692308,0.07692308,0.00000000,0.00000000,0.00000000,0.00000000,0.00000000,0.00000000,0.00000000,0.00000000,0.00000000,0.00000000,0.00000000,0.00000000,0.00000000,0.00000000,0.15384615,0.07692308,0.07692308,0.07692308,0.00000000,0.00000000,0.00000000,0.00000000,0.00000000,0.00000000,0.00000000,0.00000000,0.00000000,0.00000000,0.07692308,0.00000000,0.00000000,0.00000000,0.00000000,0.00000000,0.00000000,0.00000000,0.00000000,0.00000000,0.00000000,0.00000000,0.00000000,0.00000000,0.00000000,0.07692308,0.07692308,0.00000000,0.07692308,0.07692308
anv35	0.05217391,0.00869565,0.03478261,0.02608696,0.00869565,0.00869565,0.00869565,0.00000000,0.00000000,0.04347826,0.04347826,0.00000000,0.00000000,0.00000000,0.00000000,0.00000000,0.00000000,0.00000000,0.20869565,0.12173913,0.07826087,0.06086957,0.01739130,0.01739130,0.00869565,0.00000000,0.00869565,0.00000000,0.00869565,0.00869565,0.05217391,0.05217391,0.00000000,0.00869565,0.00869565,0.00000000,0.00000000,0.00000000,0.00000000,0.00000000,0.00000000,0.00000000,0.00000000,0.00000000,0.02608696,0.01739130,0.00869565,0.02608696,0.00869565,0.01739130,0.00000000,0.00000000
inf4	0.08284024,0.04142012,0.04142012,0.03550296,0.00591716,0.00591716,0.00000000,0.02366864,0.00591716,0.00591716,0.00591716,0.01183432,0.01183432,0.00000000,0.02366864,0.01183432,0.00000000,0.01183432,0.16568047,0.10059172,0.05917160,0.05325444,0.00591716,0.00591716,0.00591716,0.00591716,0.02958580,0.01183432,0.01183432,0.00591716,0.00591716,0.00591716,0.00000000,0.02958580,0.01775148,0.01183432,0.00591716,0.00000000,0.04733728,0.02958580,0.00000000,0.00000000,0.01775148,0.01183432,0.00591716,0.00591716,0.00591716,0.00591716,0.00591716,0.00000000,0.00000000,0.00000000
jey16	0.08737864,0.00970874,0.07766990,0.04854369,0.01941748,0.00970874,0.00000000,0.00000000,0.00000000,0.00000000,0.00000000,0.00970874,0.00000000,0.00970874,0.00970874,0.00970874,0.00000000,0.00000000,0.24271845,0.08737864,0.14563107,0.07766990,0.05825243,0.01941748,0.00970874,0.00970874,0.00970874,0.00970874,0.00000000,0.00000000,0.00000000,0.00000000,0.00000000,0.00970874,0.00000000,0.00970874,0.00000000,0.00000000,0.00970874,0.00970874,0.00000000,0.00000000,0.00000000,0.00000000,0.00000000,0.00000000,0.00000000,0.00000000,0.00000000,0.00000000,0.00000000,0.00000000
jdh98	0.03932584,0.01685393,0.01685393,0.00000000,0.01685393,0.01685393,0.00561798,0.01685393,0.00561798,0.00000000,0.00000000,0.01123596,0.00561798,0.00561798,0.02808989,0.00561798,0.01685393,0.00561798,0.15168539,0.06179775,0.07865169,0.03932584,0.03932584,0.03932584,0.01123596,0.00561798,0.03370787,0.01685393,0.01685393,0.01123596,0.00000000,0.00000000,0.02247191,0.05056180,0.02808989,0.01685393,0.00000000,0.00561798,0.04494382,0.01123596,0.02247191,0.01123596,0.01123596,0.00561798,0.00000000,0.00000000,0.00000000,0.01685393,0.00000000,0.01685393,0.01123596,0.00561798
atr16	0.09160305,0.03816794,0.05343511,0.03053435,0.02290076,0.02290076,0.00000000,0.01526718,0.00763359,0.00763359,0.00000000,0.01526718,0.00000000,0.00763359,0.01526718,0.00763359,0.00763359,0.00000000,0.19083969,0.11450382,0.07633588,0.05343511,0.02290076,0.02290076,0.00000000,0.00000000,0.02290076,0.01526718,0.00763359,0.00000000,0.00763359,0.00000000,0.00000000,0.03053435,0.00763359,0.01526718,0.01526718,0.00763359,0.01526718,0.00763359,0.00763359,0.00763359,0.00000000,0.00000000,0.00763359,0.00000000,0.00000000,0.00000000,0.00000000,0.00000000,0.00000000,0.00000000
pjs52	0.05882353,0.05882353,0.00000000,0.00000000,0.00000000,0.00000000,0.00000000,0.00000000,0.00000000,0.00000000,0.00000000,0.05882353,0.00000000,0.05882353,0.00000000,0.00000000,0.00000000,0.00000000,0.17647059,0.17647059,0.00000000,0.00000000,0.00000000,0.00000000,0.00000000,0.00000000,0.00000000,0.00000000,0.00000000,0.00000000,0.00000000,0.00000000,0.11764706,0.05882353,0.00000000,0.05882353,0.05882353,0.00000000,0.00000000,0.00000000,0.00000000,0.00000000,0.00000000,0.00000000,0.00000000,0.00000000,0.00000000,0.05882353,0.00000000,0.05882353,0.00000000,0.00000000
cev9	0.08974359,0.02564103,0.05128205,0.03846154,0.01282051,0.01282051,0.01282051,0.00000000,0.00000000,0.00000000,0.00000000,0.01282051,0.00000000,0.01282051,0.00000000,0.00000000,0.00000000,0.00000000,0.24358974,0.10256410,0.12820513,0.07692308,0.05128205,0.02564103,0.01282051,0.01282051,0.01282051,0.01282051,0.00000000,0.00000000,0.00000000,0.00000000,0.00000000,0.01282051,0.00000000,0.01282051,0.00000000,0.00000000,0.00000000,0.00000000,0.00000000,0.00000000,0.00000000,0.00000000,0.00000000,0.00000000,0.00000000,0.01282051,0.00000000,0.01282051,0.00000000,0.00000000
egm18	0.06862745,0.03921569,0.02941176,0.02941176,0.00000000,0.00000000,0.00000000,0.00000000,0.00000000,0.04901961,0.03921569,0.00000000,0.00000000,0.00000000,0.00000000,0.00000000,0.00000000,0.00000000,0.22549020,0.13725490,0.08823529,0.06862745,0.01960784,0.01960784,0.00000000,0.00000000,0.00000000,0.00000000,0.00000000,0.00000000,0.05882353,0.04901961,0.00000000,0.00000000,0.00000000,0.00000000,0.00000000,0.00000000,0.00000000,0.00000000,0.00000000,0.00000000,0.00000000,0.00000000,0.00000000,0.00980392,0.00980392,0.02941176,0.00980392,0.01960784,0.00000000,0.00000000
jhg10	0.10000000,0.04761905,0.05238095,0.01904762,0.03333333,0.02380952,0.00000000,0.00000000,0.00000000,0.00476190,0.00000000,0.00476190,0.00000000,0.00476190,0.00000000,0.00000000,0.00000000,0.00000000,0.24761905,0.12380952,0.12380952,0.06666667,0.05714286,0.03809524,0.00000000,0.00000000,0.00000000,0.00000000,0.00000000,0.00000000,0.00476190,0.00000000,0.00000000,0.00476190,0.00000000,0.00476190,0.00476190,0.00000000,0.00000000,0.00000000,0.00000000,0.00000000,0.00000000,0.00000000,0.00952381,0.00476190,0.00000000,0.00952381,0.00000000,0.00952381,0.00000000,0.00000000
jdh73	0.12037037,0.03703704,0.08333333,0.06481481,0.01851852,0.01851852,0.00000000,0.00925926,0.00925926,0.00925926,0.00000000,0.00000000,0.00000000,0.00000000,0.00000000,0.00000000,0.00000000,0.00000000,0.23148148,0.12962963,0.10185185,0.08333333,0.01851852,0.01851852,0.00000000,0.00000000,0.00925926,0.00925926,0.00000000,0.00000000,0.01851852,0.00000000,0.00000000,0.00000000,0.00000000,0.00000000,0.00000000,0.00000000,0.00000000,0.00000000,0.00000000,0.00000000,0.00000000,0.00000000,0.00925926,0.00000000,0.00000000,0.00000000,0.00000000,0.00000000,0.00000000,0.00000000
leg33	0.06666667,0.06666667,0.00000000,0.00000000,0.00000000,0.00000000,0.00000000,0.00000000,0.00000000,0.06666667,0.00000000,0.06666667,0.00000000,0.06666667,0.00000000,0.00000000,0.00000000,0.00000000,0.20000000,0.20000000,0.00000000,0.00000000,0.00000000,0.00000000,0.00000000,0.00000000,0.00000000,0.00000000,0.00000000,0.00000000,0.06666667,0.00000000,0.00000000,0.06666667,0.00000000,0.06666667,0.06666667,0.00000000,0.00000000,0.00000000,0.00000000,0.00000000,0.00000000,0.00000000,0.00000000,0.00000000,0.00000000,0.00000000,0.00000000,0.00000000,0.00000000,0.00000000
kav33	0.01562500,0.01562500,0.00000000,0.00000000,0.00000000,0.00000000,0.00000000,0.00000000,0.00000000,0.00000000,0.00000000,0.01562500,0.00000000,0.00000000,0.04687500,0.00000000,0.01562500,0.03125000,0.07812500,0.04687500,0.03125000,0.01562500,0.01562500,0.01562500,0.00000000,0.00000000,0.01562500,0.00000000,0.01562500,0.01562500,0.00000000,0.00000000,0.01562500,0.06250000,0.01562500,0.03125000,0.01562500,0.01562500,0.07812500,0.01562500,0.03125000,0.00000000,0.03125000,0.01562500,0.00000000,0.01562500,0.00000000,0.03125000,0.03125000,0.00000000,0.17187500,0.03125000
cap77	0.09210526,0.02631579,0.06578947,0.02631579,0.03947368,0.03947368,0.00000000,0.01315789,0.01315789,0.00000000,0.00000000,0.00000000,0.00000000,0.00000000,0.00000000,0.00000000,0.00000000,0.00000000,0.19736842,0.09210526,0.10526316,0.06578947,0.03947368,0.03947368,0.00000000,0.00000000,0.01315789,0.01315789,0.00000000,0.00000000,0.00000000,0.00000000,0.01315789,0.00000000,0.00000000,0.00000000,0.00000000,0.00000000,0.00000000,0.00000000,0.00000000,0.00000000,0.00000000,0.00000000,0.00000000,0.00000000,0.00000000,0.01315789,0.01315789,0.00000000,0.06578947,0.01315789
kmh117	0.04411765,0.01470588,0.02941176,0.02941176,0.00000000,0.00000000,0.00000000,0.00000000,0.00000000,0.04411765,0.01470588,0.01470588,0.01470588,0.00000000,0.00000000,0.00000000,0.00000000,0.00000000,0.16176471,0.10294118,0.04411765,0.04411765,0.00000000,0.00000000,0.01470588,0.00000000,0.02941176,0.00000000,0.00000000,0.00000000,0.05882353,0.02941176,0.00000000,0.05882353,0.04411765,0.01470588,0.01470588,0.00000000,0.04411765,0.01470588,0.02941176,0.02941176,0.00000000,0.00000000,0.00000000,0.00000000,0.00000000,0.02941176,0.00000000,0.02941176,0.00000000,0.00000000
djp60	0.01052632,0.01052632,0.00000000,0.00000000,0.00000000,0.00000000,0.00000000,0.01052632,0.00000000,0.01052632,0.01052632,0.02105263,0.01052632,0.01052632,0.05263158,0.01052632,0.02105263,0.02105263,0.12631579,0.03157895,0.08421053,0.02105263,0.06315789,0.02105263,0.01052632,0.01052632,0.04210526,0.03157895,0.01052632,0.01052632,0.02105263,0.02105263,0.00000000,0.06315789,0.03157895,0.01052632,0.00000000,0.02105263,0.07368421,0.02105263,0.03157895,0.01052632,0.02105263,0.01052632,0.00000000,0.00000000,0.00000000,0.00000000,0.00000000,0.00000000,0.00000000,0.00000000
mjf68	0.05000000,0.01666667,0.03333333,0.03333333,0.00000000,0.00000000,0.00000000,0.00000000,0.00000000,0.00000000,0.00000000,0.01666667,0.01666667,0.00000000,0.05000000,0.00000000,0.05000000,0.00000000,0.13333333,0.08333333,0.05000000,0.05000000,0.00000000,0.00000000,0.00000000,0.00000000,0.03333333,0.03333333,0.00000000,0.00000000,0.00000000,0.00000000,0.00000000,0.08333333,0.03333333,0.01666667,0.01666667,0.03333333,0.05000000,0.00000000,0.05000000,0.01666667,0.00000000,0.00000000,0.00000000,0.00000000,0.01666667,0.01666667,0.00000000,0.01666667,0.00000000,0.00000000
ryc17	0.06250000,0.00000000,0.00000000,0.00000000,0.00000000,0.00000000,0.06250000,0.00000000,0.00000000,0.00000000,0.00000000,0.00000000,0.00000000,0.00000000,0.06250000,0.00000000,0.06250000,0.00000000,0.06250000,0.00000000,0.00000000,0.00000000,0.00000000,0.00000000,0.06250000,0.00000000,0.06250000,0.00000000,0.06250000,0.06250000,0.00000000,0.00000000,0.00000000,0.12500000,0.12500000,0.00000000,0.00000000,0.00000000,0.06250000,0.00000000,0.06250000,0.06250000,0.00000000,0.00000000,0.00000000,0.00000000,0.00000000,0.00000000,0.00000000,0.00000000,0.00000000,0.00000000
tol16	0.00000000,0.00000000,0.00000000,0.00000000,0.00000000,0.00000000,0.00000000,0.04109589,0.01369863,0.00000000,0.00000000,0.01369863,0.00000000,0.01369863,0.10958904,0.04109589,0.01369863,0.05479452,0.02739726,0.02739726,0.00000000,0.00000000,0.00000000,0.00000000,0.00000000,0.00000000,0.04109589,0.01369863,0.01369863,0.00000000,0.00000000,0.00000000,0.00000000,0.05479452,0.02739726,0.02739726,0.02739726,0.00000000,0.17808219,0.09589041,0.02739726,0.02739726,0.05479452,0.05479452,0.00000000,0.00000000,0.00000000,0.00000000,0.00000000,0.00000000,0.00000000,0.00000000
yaz44	0.06122449,0.02040816,0.03061224,0.02040816,0.01020408,0.00000000,0.01020408,0.02040816,0.02040816,0.00000000,0.00000000,0.05102041,0.03061224,0.02040816,0.02040816,0.00000000,0.02040816,0.00000000,0.14285714,0.07142857,0.05102041,0.02040816,0.02040816,0.00000000,0.02040816,0.02040816,0.05102041,0.05102041,0.00000000,0.00000000,0.00000000,0.00000000,0.00000000,0.07142857,0.03061224,0.03061224,0.03061224,0.01020408,0.02040816,0.00000000,0.02040816,0.00000000,0.00000000,0.00000000,0.00000000,0.00000000,0.00000000,0.00000000,0.00000000,0.00000000,0.00000000,0.00000000
bjs49	0.06796117,0.01941748,0.04854369,0.02912621,0.01941748,0.01941748,0.00000000,0.00000000,0.00000000,0.00970874,0.00970874,0.00970874,0.00000000,0.00970874,0.00000000,0.00000000,0.00000000,0.00000000,0.20388350,0.10679612,0.09708738,0.06796117,0.02912621,0.02912621,0.00000000,0.00000000,0.00970874,0.00970874,0.00000000,0.00000000,0.01941748,0.01941748,0.01941748,0.00970874,0.00000000,0.00970874,0.00970874,0.00000000,0.00000000,0.00000000,0.00000000,0.00000000,0.00000000,0.00000000,0.00000000,0.00970874,0.00970874,0.02912621,0.00970874,0.00970874,0.03883495,0.00970874
fek10	0.09375000,0.00000000,0.06250000,0.03125000,0.03125000,0.00000000,0.03125000,0.00000000,0.00000000,0.00000000,0.00000000,0.00000000,0.00000000,0.00000000,0.00000000,0.00000000,0.00000000,0.00000000,0.21875000,0.06250000,0.12500000,0.06250000,0.06250000,0.03125000,0.03125000,0.00000000,0.03125000,0.00000000,0.03125000,0.03125000,0.00000000,0.00000000,0.00000000,0.03125000,0.03125000,0.00000000,0.00000000,0.00000000,0.00000000,0.00000000,0.00000000,0.00000000,0.00000000,0.00000000,0.00000000,0.00000000,0.00000000,0.00000000,0.00000000,0.00000000,0.00000000,0.00000000
chg57	0.11728395,0.05555556,0.05555556,0.04320988,0.01234568,0.01234568,0.00617284,0.00000000,0.00000000,0.00000000,0.00000000,0.01851852,0.00617284,0.01234568,0.00617284,0.00000000,0.00617284,0.00000000,0.21604938,0.12962963,0.08024691,0.06790123,0.01234568,0.01234568,0.00617284,0.00617284,0.00617284,0.00617284,0.00000000,0.00000000,0.00000000,0.00000000,0.00000000,0.02469136,0.01234568,0.01234568,0.00000000,0.00000000,0.00617284,0.00000000,0.00617284,0.00617284,0.00000000,0.00000000,0.00000000,0.01234568,0.00000000,0.00617284,0.00617284,0.00000000,0.00617284,0.00617284
art47	0.16666667,0.08333333,0.08333333,0.08333333,0.00000000,0.00000000,0.00000000,0.00000000,0.00000000,0.00000000,0.00000000,0.00000000,0.00000000,0.00000000,0.00000000,0.00000000,0.00000000,0.00000000,0.25000000,0.16666667,0.08333333,0.08333333,0.00000000,0.00000000,0.00000000,0.00000000,0.00000000,0.00000000,0.00000000,0.00000000,0.00000000,0.00000000,0.00000000,0.00000000,0.00000000,0.00000000,0.00000000,0.00000000,0.00000000,0.00000000,0.00000000,0.00000000,0.00000000,0.00000000,0.00000000,0.00000000,0.00000000,0.00000000,0.00000000,0.00000000,0.00000000,0.00000000
jky3	0.08547009,0.04273504,0.03418803,0.02564103,0.00000000,0.00000000,0.00854701,0.00000000,0.00000000,0.00854701,0.00000000,0.02564103,0.00854701,0.00854701,0.03418803,0.00854701,0.02564103,0.00000000,0.14529915,0.09401709,0.03418803,0.02564103,0.00000000,0.00000000,0.01709402,0.01709402,0.03418803,0.02564103,0.00854701,0.00854701,0.00854701,0.00000000,0.00000000,0.05982906,0.01709402,0.02564103,0.02564103,0.01709402,0.03418803,0.00854701,0.02564103,0.00000000,0.00000000,0.00000000,0.00000000,0.00854701,0.00854701,0.01709402,0.01709402,0.00000000,0.00000000,0.00000000
abr26	0.04255319,0.00000000,0.04255319,0.02127660,0.02127660,0.02127660,0.00000000,0.02127660,0.00000000,0.00000000,0.00000000,0.04255319,0.00000000,0.02127660,0.00000000,0.00000000,0.00000000,0.00000000,0.12765957,0.06382979,0.06382979,0.04255319,0.02127660,0.02127660,0.00000000,0.00000000,0.04255319,0.00000000,0.04255319,0.04255319,0.00000000,0.00000000,0.00000000,0.08510638,0.04255319,0.02127660,0.02127660,0.02127660,0.02127660,0.02127660,0.00000000,0.00000000,0.00000000,0.00000000,0.00000000,0.02127660,0.00000000,0.02127660,0.02127660,0.00000000,0.00000000,0.00000000
mjs187	0.11180124,0.04968944,0.05590062,0.03726708,0.01863354,0.00621118,0.00621118,0.00000000,0.00000000,0.00621118,0.00621118,0.00000000,0.00000000,0.00000000,0.00621118,0.00000000,0.00621118,0.00000000,0.22981366,0.11801242,0.10559006,0.05590062,0.04968944,0.01863354,0.00621118,0.00621118,0.00621118,0.00621118,0.00000000,0.00000000,0.00621118,0.00621118,0.00621118,0.00621118,0.00000000,0.00621118,0.00621118,0.00000000,0.00621118,0.00000000,0.00621118,0.00000000,0.00000000,0.00000000,0.00000000,0.00000000,0.00621118,0.00621118,0.00621118,0.00000000,0.01863354,0.00000000
vac24	0.09615385,0.03846154,0.03846154,0.03846154,0.00000000,0.00000000,0.01923077,0.01923077,0.00000000,0.00000000,0.00000000,0.03846154,0.01923077,0.00000000,0.01923077,0.00000000,0.00000000,0.01923077,0.13461538,0.07692308,0.03846154,0.03846154,0.00000000,0.00000000,0.01923077,0.01923077,0.05769231,0.01923077,0.00000000,0.00000000,0.00000000,0.00000000,0.00000000,0.03846154,0.01923077,0.00000000,0.00000000,0.01923077,0.07692308,0.05769231,0.00000000,0.00000000,0.01923077,0.01923077,0.00000000,0.00000000,0.00000000,0.00000000,0.00000000,0.00000000,0.00000000,0.00000000
avn10	0.07692308,0.01538462,0.06153846,0.06153846,0.00000000,0.00000000,0.00000000,0.00000000,0.00000000,0.03076923,0.00000000,0.00000000,0.00000000,0.00000000,0.00000000,0.00000000,0.00000000,0.00000000,0.20000000,0.10769231,0.09230769,0.07692308,0.01538462,0.01538462,0.00000000,0.00000000,0.00000000,0.00000000,0.00000000,0.00000000,0.03076923,0.00000000,0.06153846,0.01538462,0.01538462,0.00000000,0.00000000,0.00000000,0.00000000,0.00000000,0.00000000,0.00000000,0.00000000,0.00000000,0.00000000,0.00000000,0.00000000,0.04615385,0.01538462,0.03076923,0.01538462,0.01538462
ang92	0.03947368,0.01315789,0.01315789,0.01315789,0.00000000,0.00000000,0.01315789,0.02631579,0.00000000,0.02631579,0.02631579,0.00000000,0.00000000,0.00000000,0.05263158,0.02631579,0.02631579,0.00000000,0.09210526,0.03947368,0.02631579,0.02631579,0.00000000,0.00000000,0.02631579,0.00000000,0.07894737,0.02631579,0.02631579,0.01315789,0.02631579,0.02631579,0.01315789,0.05263158,0.02631579,0.00000000,0.00000000,0.02631579,0.07894737,0.05263158,0.02631579,0.01315789,0.00000000,0.00000000,0.00000000,0.00000000,0.00000000,0.01315789,0.01315789,0.00000000,0.00000000,0.00000000
kmt51	0.02608696,0.00869565,0.00869565,0.00869565,0.00000000,0.00000000,0.00869565,0.03478261,0.01739130,0.01739130,0.01739130,0.01739130,0.01739130,0.00000000,0.03478261,0.01739130,0.00869565,0.00869565,0.07826087,0.04347826,0.01739130,0.01739130,0.00000000,0.00000000,0.01739130,0.00000000,0.06956522,0.03478261,0.02608696,0.01739130,0.01739130,0.01739130,0.00000000,0.06956522,0.03478261,0.01739130,0.00869565,0.01739130,0.09565217,0.04347826,0.01739130,0.00000000,0.03478261,0.01739130,0.00000000,0.00869565,0.00000000,0.00000000,0.00000000,0.00000000,0.02608696,0.00000000
sbb28	0.02542373,0.00847458,0.01694915,0.00847458,0.00847458,0.00847458,0.00000000,0.02542373,0.02542373,0.00000000,0.00000000,0.00847458,0.00847458,0.00000000,0.00847458,0.00000000,0.00847458,0.00000000,0.14406780,0.06779661,0.07627119,0.03389831,0.04237288,0.01694915,0.00000000,0.00000000,0.03389831,0.02542373,0.00847458,0.00000000,0.00000000,0.00000000,0.04237288,0.05084746,0.02542373,0.02542373,0.01694915,0.00000000,0.01694915,0.00000000,0.01694915,0.00847458,0.00000000,0.00000000,0.00847458,0.01694915,0.00847458,0.02542373,0.00847458,0.00847458,0.08474576,0.02542373
ksd19	0.00000000,0.00000000,0.00000000,0.00000000,0.00000000,0.00000000,0.00000000,0.00000000,0.00000000,0.00000000,0.00000000,0.00000000,0.00000000,0.00000000,0.10526316,0.00000000,0.00000000,0.10526316,0.00000000,0.00000000,0.00000000,0.00000000,0.00000000,0.00000000,0.00000000,0.00000000,0.00000000,0.00000000,0.00000000,0.00000000,0.00000000,0.00000000,0.00000000,0.00000000,0.00000000,0.00000000,0.00000000,0.00000000,0.31578947,0.15789474,0.00000000,0.00000000,0.15789474,0.15789474,0.00000000,0.00000000,0.00000000,0.00000000,0.00000000,0.00000000,0.00000000,0.00000000
rsb45	0.05263158,0.02631579,0.01315789,0.01315789,0.00000000,0.00000000,0.01315789,0.06578947,0.02631579,0.02631579,0.02631579,0.01315789,0.00000000,0.01315789,0.01315789,0.01315789,0.00000000,0.00000000,0.11842105,0.07894737,0.02631579,0.02631579,0.00000000,0.00000000,0.01315789,0.00000000,0.09210526,0.03947368,0.03947368,0.02631579,0.02631579,0.02631579,0.00000000,0.05263158,0.02631579,0.01315789,0.01315789,0.01315789,0.02631579,0.02631579,0.00000000,0.00000000,0.00000000,0.00000000,0.00000000,0.00000000,0.00000000,0.00000000,0.00000000,0.00000000,0.00000000,0.00000000
