dsa24	0.02,0.02,0.00,0.00,0.02,0.00,0.02,0.00,0.03,0.00,0.34,0.02,0.10,0.03,0.00,0.20,0.00,0.00,0.02,0.00,0.02,0.03,0.02,0.10,0.00,0.00,0.05,0.05,0.00,0.02,0.05,0.00,0.00,0.00,0.08,0.05,0.02,0.20,0.00,0.02,0.05,0.00,0.00,0.26,0.00,0.07,0.03,0.00,0.00,0.03,0.11,0.05,0.03,0.70,0.03,0.00,0.02,0.00,0.08,0.02,0.00,0.00,0.00,0.13,0.00,0.00,0.00,0.02,0.00,0.07,0.15,0.00,0.00,0.00,0.03,0.00,0.34
saa128	0.00,0.00,0.00,0.00,0.00,0.00,0.00,0.00,0.00,0.00,0.00,0.00,0.00,0.00,0.00,0.00,0.00,0.00,0.00,0.00,0.00,0.00,0.00,0.00,0.00,0.00,0.00,0.50,0.00,0.00,0.00,0.00,0.00,0.00,0.00,0.00,0.00,0.00,0.00,0.00,0.00,0.00,0.00,0.50,0.00,0.00,0.00,0.00,0.00,0.00,0.00,0.00,0.50,0.00,0.00,0.00,0.00,0.00,0.00,0.00,0.00,0.00,0.00,0.50,0.00,0.00,0.00,0.00,0.00,0.00,0.00,0.00,0.00,0.00,0.00,0.00,0.00
jhb32	0.01,0.11,0.00,0.04,0.04,0.03,0.03,0.00,0.08,0.00,0.25,0.04,0.03,0.01,0.00,0.11,0.03,0.04,0.03,0.04,0.03,0.01,0.12,0.01,0.00,0.04,0.13,0.12,0.04,0.08,0.11,0.03,0.00,0.00,0.33,0.03,0.03,0.15,0.01,0.08,0.03,0.03,0.00,0.34,0.03,0.00,0.20,0.03,0.03,0.07,0.04,0.15,0.01,0.61,0.00,0.00,0.00,0.08,0.08,0.04,0.04,0.00,0.01,0.05,0.03,0.00,0.04,0.03,0.01,0.01,0.13,0.00,0.01,0.01,0.00,0.07,0.29
snb39	0.00,0.01,0.02,0.01,0.03,0.03,0.01,0.00,0.05,0.02,0.41,0.01,0.09,0.01,0.00,0.19,0.01,0.01,0.03,0.01,0.01,0.02,0.03,0.03,0.00,0.01,0.06,0.02,0.00,0.01,0.11,0.01,0.00,0.00,0.12,0.03,0.01,0.11,0.01,0.01,0.05,0.01,0.00,0.14,0.01,0.01,0.05,0.00,0.00,0.01,0.07,0.04,0.01,0.74,0.02,0.02,0.01,0.06,0.03,0.00,0.05,0.01,0.00,0.04,0.00,0.04,0.03,0.01,0.01,0.04,0.20,0.01,0.08,0.03,0.01,0.13,0.29
nrg14	0.06,0.00,0.00,0.04,0.00,0.00,0.00,0.00,0.00,0.00,0.00,0.00,0.00,0.00,0.04,0.00,0.00,0.02,0.00,0.10,0.21,0.00,0.17,0.00,0.02,0.06,0.23,0.50,0.00,0.00,0.00,0.00,0.02,0.08,0.44,0.00,0.00,0.00,0.00,0.04,0.00,0.00,0.02,0.52,0.00,0.00,0.00,0.00,0.00,0.06,0.00,0.11,0.23,0.10,0.00,0.00,0.00,0.00,0.00,0.00,0.02,0.00,0.00,0.23,0.00,0.00,0.00,0.00,0.00,0.00,0.00,0.00,0.00,0.00,0.00,0.02,0.10
pmp27	0.00,0.03,0.01,0.00,0.04,0.01,0.00,0.01,0.03,0.01,0.41,0.01,0.06,0.00,0.00,0.20,0.01,0.02,0.01,0.02,0.00,0.03,0.05,0.04,0.01,0.02,0.05,0.02,0.01,0.03,0.11,0.01,0.01,0.00,0.13,0.05,0.01,0.11,0.00,0.01,0.03,0.01,0.01,0.16,0.01,0.00,0.09,0.01,0.00,0.01,0.07,0.03,0.00,0.74,0.01,0.00,0.01,0.07,0.02,0.01,0.02,0.00,0.00,0.05,0.03,0.02,0.02,0.02,0.01,0.01,0.19,0.00,0.07,0.05,0.02,0.10,0.27
rdp23	0.09,0.02,0.00,0.02,0.02,0.00,0.00,0.02,0.00,0.00,0.02,0.00,0.00,0.00,0.02,0.02,0.02,0.03,0.00,0.03,0.14,0.00,0.09,0.00,0.02,0.03,0.14,0.55,0.02,0.00,0.00,0.00,0.02,0.03,0.29,0.00,0.00,0.00,0.00,0.03,0.00,0.00,0.02,0.55,0.00,0.00,0.03,0.00,0.00,0.09,0.00,0.14,0.31,0.12,0.00,0.00,0.00,0.00,0.00,0.00,0.05,0.00,0.00,0.31,0.00,0.00,0.02,0.00,0.00,0.00,0.00,0.00,0.00,0.00,0.00,0.05,0.09
mjm248	0.03,0.05,0.00,0.03,0.02,0.00,0.01,0.02,0.06,0.00,0.02,0.02,0.00,0.00,0.01,0.02,0.01,0.02,0.01,0.12,0.10,0.01,0.29,0.03,0.03,0.13,0.22,0.26,0.07,0.11,0.00,0.01,0.08,0.06,0.57,0.02,0.01,0.10,0.00,0.10,0.00,0.03,0.00,0.48,0.02,0.02,0.16,0.04,0.02,0.06,0.02,0.18,0.09,0.16,0.00,0.00,0.00,0.00,0.05,0.04,0.01,0.01,0.00,0.17,0.05,0.00,0.04,0.03,0.01,0.00,0.00,0.00,0.00,0.00,0.01,0.01,0.10
ams396	0.00,0.00,0.00,0.04,0.00,0.00,0.00,0.00,0.09,0.00,0.04,0.09,0.00,0.00,0.04,0.04,0.00,0.04,0.00,0.04,0.04,0.00,0.13,0.00,0.00,0.04,0.13,0.35,0.04,0.04,0.00,0.00,0.00,0.04,0.35,0.04,0.00,0.13,0.00,0.09,0.00,0.00,0.00,0.52,0.00,0.00,0.04,0.04,0.04,0.09,0.04,0.17,0.22,0.35,0.00,0.00,0.00,0.00,0.09,0.00,0.00,0.00,0.00,0.26,0.04,0.00,0.00,0.09,0.00,0.00,0.00,0.00,0.00,0.00,0.00,0.00,0.30
jmk195	0.00,0.04,0.01,0.01,0.03,0.02,0.00,0.01,0.03,0.03,0.46,0.01,0.14,0.05,0.00,0.17,0.03,0.01,0.03,0.02,0.00,0.04,0.06,0.04,0.02,0.04,0.04,0.01,0.01,0.01,0.12,0.01,0.02,0.00,0.11,0.02,0.04,0.12,0.03,0.02,0.10,0.02,0.01,0.14,0.00,0.00,0.06,0.01,0.00,0.01,0.10,0.03,0.00,0.70,0.03,0.03,0.03,0.02,0.02,0.01,0.00,0.02,0.00,0.04,0.00,0.03,0.01,0.00,0.01,0.09,0.27,0.02,0.05,0.01,0.00,0.05,0.20
atg23	0.00,0.13,0.00,0.00,0.07,0.00,0.00,0.00,0.00,0.00,0.13,0.00,0.00,0.00,0.00,0.07,0.07,0.20,0.00,0.00,0.00,0.00,0.13,0.00,0.00,0.07,0.00,0.07,0.00,0.07,0.00,0.00,0.00,0.00,0.34,0.07,0.13,0.13,0.00,0.00,0.00,0.00,0.07,0.27,0.00,0.00,0.20,0.00,0.07,0.00,0.07,0.07,0.07,0.60,0.00,0.00,0.07,0.00,0.07,0.07,0.13,0.07,0.00,0.07,0.00,0.00,0.07,0.00,0.00,0.00,0.00,0.00,0.00,0.00,0.00,0.13,0.40
jaw154	0.12,0.00,0.00,0.00,0.00,0.00,0.00,0.00,0.00,0.00,0.23,0.00,0.12,0.00,0.00,0.12,0.00,0.12,0.00,0.00,0.12,0.12,0.12,0.12,0.00,0.00,0.12,0.23,0.00,0.00,0.00,0.00,0.00,0.00,0.35,0.00,0.00,0.12,0.12,0.12,0.00,0.00,0.00,0.35,0.00,0.00,0.00,0.00,0.12,0.12,0.12,0.23,0.12,0.47,0.12,0.00,0.00,0.00,0.00,0.00,0.00,0.00,0.00,0.23,0.00,0.00,0.00,0.00,0.00,0.12,0.12,0.00,0.00,0.00,0.00,0.00,0.23
tjg49	0.00,0.01,0.02,0.00,0.02,0.03,0.00,0.00,0.01,0.01,0.51,0.01,0.08,0.02,0.00,0.11,0.01,0.01,0.01,0.00,0.00,0.01,0.01,0.01,0.00,0.00,0.01,0.01,0.00,0.00,0.28,0.01,0.00,0.00,0.04,0.00,0.01,0.03,0.01,0.00,0.05,0.00,0.00,0.03,0.00,0.00,0.03,0.00,0.00,0.01,0.03,0.01,0.00,0.66,0.00,0.01,0.01,0.21,0.00,0.00,0.00,0.01,0.00,0.01,0.01,0.03,0.01,0.00,0.00,0.02,0.37,0.00,0.03,0.01,0.00,0.03,0.11
mac276	0.00,0.00,0.00,0.00,0.00,0.00,0.00,0.00,0.00,0.00,0.00,0.00,0.00,0.00,0.00,0.00,0.00,0.10,0.00,0.00,0.00,0.00,0.10,0.10,0.00,0.05,0.00,0.35,0.05,0.05,0.00,0.00,0.00,0.00,0.25,0.00,0.00,0.20,0.00,0.05,0.00,0.00,0.10,0.61,0.00,0.10,0.05,0.00,0.00,0.00,0.00,0.15,0.25,0.20,0.00,0.00,0.00,0.00,0.20,0.00,0.00,0.00,0.00,0.35,0.05,0.00,0.00,0.00,0.00,0.00,0.00,0.00,0.00,0.00,0.00,0.00,0.20
hwf2	0.13,0.00,0.00,0.03,0.00,0.00,0.00,0.03,0.00,0.00,0.00,0.00,0.00,0.00,0.03,0.00,0.00,0.00,0.00,0.07,0.27,0.00,0.13,0.00,0.03,0.07,0.27,0.47,0.03,0.00,0.00,0.00,0.03,0.07,0.40,0.00,0.00,0.00,0.00,0.07,0.00,0.00,0.00,0.47,0.00,0.00,0.00,0.00,0.00,0.13,0.00,0.20,0.20,0.10,0.00,0.00,0.00,0.00,0.00,0.00,0.10,0.00,0.00,0.20,0.00,0.00,0.00,0.00,0.00,0.00,0.00,0.00,0.00,0.00,0.00,0.10,0.10
wah7	0.00,0.00,0.19,0.00,0.00,0.00,0.00,0.00,0.00,0.00,0.38,0.00,0.19,0.00,0.00,0.19,0.00,0.00,0.00,0.00,0.00,0.00,0.00,0.00,0.00,0.00,0.00,0.00,0.00,0.00,0.00,0.00,0.00,0.00,0.00,0.00,0.00,0.00,0.00,0.00,0.00,0.00,0.00,0.00,0.00,0.00,0.00,0.00,0.00,0.00,0.00,0.00,0.00,0.67,0.00,0.00,0.00,0.00,0.00,0.00,0.10,0.00,0.00,0.00,0.00,0.19,0.00,0.00,0.00,0.00,0.19,0.00,0.19,0.00,0.00,0.29,0.29
mhr19	0.02,0.00,0.02,0.04,0.00,0.02,0.02,0.00,0.04,0.00,0.30,0.00,0.08,0.04,0.00,0.12,0.00,0.10,0.04,0.04,0.02,0.02,0.06,0.04,0.00,0.00,0.06,0.24,0.00,0.02,0.10,0.00,0.00,0.00,0.22,0.02,0.00,0.08,0.02,0.06,0.06,0.04,0.06,0.33,0.00,0.02,0.04,0.02,0.02,0.02,0.06,0.14,0.22,0.57,0.00,0.02,0.00,0.04,0.02,0.00,0.10,0.00,0.00,0.28,0.04,0.02,0.00,0.00,0.02,0.04,0.18,0.04,0.04,0.02,0.00,0.14,0.28
rwm27	0.10,0.00,0.00,0.05,0.00,0.00,0.00,0.00,0.00,0.00,0.00,0.00,0.00,0.00,0.05,0.00,0.00,0.05,0.00,0.05,0.15,0.00,0.05,0.00,0.00,0.00,0.15,0.55,0.00,0.00,0.00,0.00,0.00,0.05,0.25,0.00,0.00,0.00,0.00,0.05,0.00,0.00,0.05,0.55,0.00,0.00,0.00,0.00,0.00,0.10,0.00,0.20,0.30,0.05,0.00,0.00,0.00,0.00,0.00,0.00,0.05,0.00,0.00,0.30,0.00,0.00,0.00,0.00,0.00,0.00,0.00,0.00,0.00,0.00,0.00,0.05,0.05
mlk93	0.00,0.00,0.00,0.09,0.00,0.00,0.11,0.00,0.11,0.00,0.20,0.03,0.00,0.00,0.00,0.20,0.00,0.03,0.11,0.09,0.03,0.00,0.09,0.03,0.00,0.00,0.17,0.09,0.00,0.03,0.00,0.03,0.00,0.00,0.31,0.14,0.00,0.20,0.00,0.09,0.00,0.09,0.03,0.31,0.00,0.03,0.03,0.00,0.00,0.06,0.14,0.17,0.03,0.57,0.00,0.00,0.00,0.00,0.06,0.00,0.06,0.00,0.00,0.06,0.00,0.00,0.03,0.00,0.00,0.00,0.00,0.09,0.03,0.03,0.00,0.09,0.37
kko4	0.17,0.00,0.00,0.04,0.00,0.00,0.00,0.00,0.00,0.00,0.00,0.00,0.00,0.00,0.04,0.00,0.00,0.00,0.00,0.08,0.25,0.00,0.12,0.00,0.00,0.04,0.25,0.50,0.04,0.00,0.00,0.00,0.04,0.08,0.41,0.00,0.00,0.00,0.00,0.08,0.00,0.00,0.00,0.50,0.00,0.00,0.00,0.00,0.00,0.17,0.00,0.25,0.17,0.00,0.00,0.00,0.00,0.00,0.00,0.00,0.00,0.00,0.00,0.17,0.00,0.00,0.00,0.00,0.00,0.00,0.00,0.00,0.00,0.00,0.00,0.00,0.00
afd10	0.00,0.00,0.00,0.01,0.03,0.00,0.01,0.00,0.09,0.00,0.13,0.06,0.03,0.00,0.01,0.10,0.00,0.09,0.04,0.02,0.01,0.01,0.15,0.07,0.04,0.06,0.11,0.07,0.01,0.01,0.00,0.03,0.00,0.01,0.41,0.03,0.00,0.19,0.00,0.05,0.00,0.01,0.03,0.28,0.01,0.06,0.07,0.00,0.05,0.06,0.06,0.16,0.05,0.56,0.03,0.03,0.00,0.00,0.12,0.00,0.12,0.00,0.00,0.12,0.03,0.00,0.04,0.05,0.00,0.03,0.03,0.00,0.03,0.03,0.01,0.17,0.40
mjd78	0.02,0.05,0.00,0.00,0.03,0.00,0.00,0.00,0.02,0.01,0.15,0.01,0.02,0.00,0.00,0.10,0.02,0.00,0.00,0.01,0.03,0.03,0.01,0.05,0.00,0.00,0.05,0.09,0.00,0.01,0.02,0.00,0.00,0.01,0.08,0.03,0.03,0.13,0.00,0.00,0.02,0.00,0.00,0.23,0.02,0.01,0.08,0.01,0.00,0.03,0.03,0.03,0.00,0.69,0.00,0.00,0.00,0.00,0.08,0.01,0.21,0.01,0.00,0.07,0.00,0.01,0.01,0.01,0.01,0.00,0.04,0.00,0.03,0.02,0.03,0.24,0.51
sws19	0.35,0.00,0.00,0.00,0.00,0.00,0.00,0.00,0.00,0.00,0.00,0.00,0.00,0.00,0.00,0.00,0.00,0.00,0.00,0.00,0.35,0.00,0.00,0.00,0.00,0.00,0.35,0.35,0.00,0.00,0.00,0.00,0.00,0.00,0.35,0.00,0.00,0.00,0.00,0.00,0.00,0.00,0.00,0.35,0.00,0.00,0.00,0.00,0.00,0.35,0.00,0.35,0.00,0.00,0.00,0.00,0.00,0.00,0.00,0.00,0.00,0.00,0.00,0.00,0.00,0.00,0.00,0.00,0.00,0.00,0.00,0.00,0.00,0.00,0.00,0.00,0.00
rkh9	0.09,0.00,0.00,0.05,0.00,0.00,0.00,0.00,0.00,0.00,0.00,0.00,0.00,0.00,0.05,0.00,0.00,0.05,0.00,0.05,0.14,0.00,0.09,0.00,0.00,0.00,0.14,0.55,0.00,0.00,0.00,0.00,0.00,0.05,0.27,0.00,0.00,0.00,0.00,0.09,0.00,0.00,0.00,0.55,0.00,0.00,0.00,0.00,0.05,0.09,0.00,0.18,0.32,0.00,0.00,0.00,0.00,0.00,0.00,0.00,0.00,0.00,0.00,0.32,0.00,0.00,0.00,0.00,0.00,0.00,0.00,0.00,0.00,0.00,0.00,0.00,0.00
skm37	0.07,0.00,0.00,0.00,0.00,0.00,0.00,0.00,0.00,0.00,0.00,0.00,0.00,0.00,0.00,0.00,0.00,0.00,0.00,0.00,0.07,0.00,0.00,0.07,0.00,0.00,0.07,0.46,0.00,0.00,0.00,0.00,0.00,0.00,0.07,0.00,0.00,0.07,0.00,0.00,0.00,0.00,0.00,0.52,0.00,0.07,0.00,0.00,0.00,0.07,0.00,0.07,0.33,0.33,0.00,0.00,0.00,0.00,0.07,0.00,0.07,0.00,0.00,0.39,0.00,0.00,0.00,0.00,0.00,0.00,0.00,0.00,0.00,0.00,0.00,0.07,0.33
ril13	0.02,0.00,0.00,0.02,0.00,0.00,0.00,0.00,0.00,0.00,0.00,0.00,0.00,0.00,0.02,0.00,0.00,0.09,0.00,0.02,0.07,0.00,0.09,0.00,0.00,0.02,0.07,0.54,0.02,0.00,0.00,0.00,0.00,0.02,0.26,0.00,0.00,0.00,0.00,0.04,0.00,0.00,0.02,0.57,0.00,0.00,0.00,0.00,0.04,0.02,0.00,0.09,0.37,0.04,0.00,0.00,0.00,0.00,0.00,0.00,0.02,0.00,0.00,0.37,0.00,0.00,0.00,0.00,0.00,0.00,0.00,0.00,0.00,0.00,0.00,0.02,0.04
skw17	0.00,0.00,0.00,0.12,0.00,0.00,0.00,0.00,0.00,0.00,0.00,0.00,0.00,0.00,0.12,0.00,0.00,0.00,0.00,0.12,0.12,0.00,0.12,0.00,0.00,0.00,0.12,0.49,0.00,0.00,0.00,0.00,0.00,0.12,0.24,0.00,0.00,0.00,0.00,0.12,0.00,0.00,0.00,0.49,0.00,0.00,0.00,0.00,0.00,0.00,0.00,0.12,0.37,0.12,0.00,0.00,0.00,0.00,0.00,0.00,0.12,0.00,0.00,0.37,0.00,0.00,0.00,0.00,0.00,0.00,0.00,0.00,0.00,0.00,0.00,0.12,0.12
kan63	0.00,0.00,0.00,0.00,0.00,0.00,0.00,0.00,0.00,0.00,0.00,0.00,0.00,0.00,0.00,0.00,0.00,0.00,0.00,0.00,0.00,0.00,0.00,0.35,0.00,0.00,0.00,0.00,0.00,0.00,0.00,0.00,0.00,0.00,0.00,0.00,0.00,0.35,0.00,0.00,0.00,0.00,0.00,0.35,0.00,0.35,0.00,0.00,0.00,0.00,0.00,0.00,0.00,0.35,0.00,0.00,0.00,0.00,0.35,0.00,0.00,0.00,0.00,0.35,0.00,0.00,0.00,0.00,0.00,0.00,0.00,0.00,0.00,0.00,0.00,0.00,0.35
sjt27	0.26,0.00,0.00,0.00,0.00,0.00,0.00,0.00,0.00,0.00,0.00,0.00,0.00,0.00,0.00,0.00,0.00,0.00,0.00,0.00,0.26,0.00,0.00,0.00,0.00,0.00,0.26,0.52,0.00,0.00,0.00,0.00,0.00,0.00,0.34,0.00,0.00,0.00,0.00,0.00,0.00,0.00,0.00,0.52,0.00,0.00,0.00,0.00,0.00,0.26,0.00,0.26,0.09,0.00,0.00,0.00,0.00,0.00,0.00,0.00,0.00,0.00,0.00,0.09,0.00,0.00,0.00,0.00,0.00,0.00,0.00,0.00,0.00,0.00,0.00,0.00,0.00
cpv3	0.00,0.00,0.00,0.00,0.00,0.00,0.00,0.00,0.00,0.00,0.00,0.00,0.00,0.00,0.00,0.00,0.00,0.00,0.00,0.00,0.00,0.00,0.00,0.00,0.00,0.00,0.00,0.00,0.00,0.00,0.00,0.00,0.00,0.00,0.00,0.00,0.00,0.00,0.00,0.00,0.00,0.00,0.00,0.00,0.00,0.00,0.00,0.00,0.00,0.00,0.00,0.00,0.00,0.71,0.00,0.00,0.00,0.00,0.00,0.00,0.00,0.00,0.00,0.00,0.00,0.00,0.00,0.00,0.00,0.00,0.00,0.00,0.00,0.00,0.00,0.00,0.71
jrw98	0.01,0.01,0.01,0.00,0.01,0.01,0.01,0.01,0.02,0.00,0.29,0.02,0.06,0.02,0.00,0.18,0.00,0.02,0.02,0.00,0.01,0.02,0.05,0.05,0.01,0.02,0.03,0.07,0.01,0.00,0.05,0.02,0.00,0.00,0.10,0.02,0.01,0.09,0.02,0.02,0.02,0.00,0.00,0.16,0.00,0.02,0.05,0.00,0.02,0.03,0.07,0.06,0.05,0.72,0.02,0.01,0.01,0.02,0.02,0.00,0.13,0.00,0.01,0.09,0.03,0.01,0.00,0.00,0.03,0.05,0.10,0.00,0.08,0.07,0.00,0.22,0.42
jme42	0.00,0.00,0.00,0.00,0.00,0.00,0.04,0.00,0.09,0.00,0.17,0.04,0.00,0.00,0.00,0.17,0.00,0.00,0.04,0.04,0.00,0.04,0.09,0.13,0.00,0.04,0.09,0.17,0.04,0.00,0.00,0.00,0.04,0.00,0.17,0.09,0.00,0.22,0.00,0.04,0.00,0.04,0.00,0.39,0.00,0.09,0.00,0.00,0.00,0.04,0.09,0.09,0.13,0.57,0.00,0.00,0.00,0.00,0.13,0.00,0.00,0.00,0.00,0.26,0.00,0.00,0.00,0.04,0.00,0.00,0.00,0.04,0.00,0.00,0.04,0.00,0.39
teh26	0.00,0.00,0.00,0.00,0.00,0.00,0.00,0.00,0.00,0.00,0.00,0.00,0.00,0.00,0.00,0.00,0.00,0.00,0.00,0.00,0.00,0.00,0.00,0.00,0.00,0.00,0.00,0.00,0.00,0.00,0.00,0.00,0.00,0.00,0.00,0.00,0.00,0.00,0.00,0.00,0.00,0.00,0.00,0.00,0.00,0.00,0.00,0.00,0.00,0.00,0.00,0.00,0.00,0.63,0.00,0.00,0.00,0.00,0.00,0.00,0.32,0.00,0.00,0.00,0.00,0.00,0.00,0.00,0.00,0.00,0.00,0.00,0.00,0.00,0.00,0.32,0.63
bpc20	0.00,0.04,0.00,0.00,0.04,0.00,0.04,0.00,0.04,0.01,0.29,0.00,0.05,0.00,0.00,0.17,0.01,0.00,0.04,0.02,0.01,0.00,0.02,0.04,0.00,0.00,0.06,0.04,0.00,0.01,0.04,0.00,0.00,0.00,0.10,0.04,0.02,0.11,0.00,0.00,0.04,0.02,0.00,0.19,0.00,0.04,0.07,0.00,0.00,0.00,0.04,0.00,0.01,0.76,0.00,0.00,0.00,0.00,0.07,0.01,0.07,0.01,0.01,0.06,0.00,0.01,0.02,0.00,0.01,0.00,0.09,0.02,0.07,0.05,0.00,0.15,0.40
jdh99	0.00,0.06,0.00,0.00,0.06,0.00,0.00,0.00,0.03,0.00,0.21,0.00,0.00,0.00,0.00,0.12,0.03,0.06,0.03,0.00,0.06,0.06,0.06,0.09,0.00,0.00,0.09,0.21,0.00,0.09,0.00,0.00,0.00,0.00,0.31,0.06,0.00,0.15,0.00,0.03,0.00,0.00,0.03,0.49,0.00,0.03,0.21,0.06,0.00,0.00,0.09,0.06,0.06,0.52,0.00,0.03,0.00,0.00,0.06,0.00,0.03,0.00,0.03,0.21,0.09,0.00,0.06,0.00,0.03,0.03,0.03,0.00,0.06,0.03,0.06,0.09,0.24
wli1	0.00,0.00,0.00,0.11,0.00,0.00,0.00,0.00,0.00,0.00,0.07,0.00,0.04,0.00,0.11,0.04,0.00,0.07,0.00,0.11,0.19,0.00,0.19,0.11,0.00,0.04,0.19,0.30,0.04,0.00,0.00,0.00,0.00,0.11,0.45,0.00,0.00,0.11,0.00,0.15,0.00,0.00,0.04,0.41,0.00,0.11,0.00,0.00,0.04,0.00,0.00,0.19,0.04,0.37,0.00,0.00,0.00,0.00,0.11,0.00,0.07,0.00,0.00,0.15,0.00,0.00,0.00,0.00,0.00,0.00,0.04,0.00,0.00,0.00,0.00,0.07,0.30
jum48	0.09,0.09,0.00,0.00,0.00,0.00,0.00,0.09,0.00,0.00,0.00,0.00,0.00,0.00,0.00,0.00,0.00,0.09,0.00,0.00,0.09,0.00,0.26,0.00,0.09,0.17,0.09,0.35,0.09,0.00,0.00,0.00,0.00,0.00,0.43,0.00,0.09,0.09,0.00,0.09,0.00,0.00,0.00,0.43,0.00,0.00,0.09,0.00,0.09,0.09,0.00,0.17,0.26,0.26,0.00,0.00,0.00,0.00,0.09,0.00,0.00,0.00,0.00,0.26,0.00,0.00,0.00,0.00,0.00,0.00,0.00,0.00,0.00,0.00,0.00,0.00,0.26
doc23	0.00,0.00,0.00,0.00,0.00,0.00,0.00,0.00,0.00,0.00,0.00,0.00,0.00,0.00,0.00,0.00,0.00,0.00,0.00,0.00,0.00,0.00,0.00,0.13,0.00,0.00,0.00,0.13,0.00,0.00,0.00,0.00,0.00,0.00,0.00,0.00,0.00,0.13,0.00,0.00,0.00,0.00,0.00,0.25,0.00,0.13,0.00,0.00,0.00,0.00,0.00,0.00,0.13,0.50,0.00,0.00,0.00,0.00,0.13,0.00,0.38,0.00,0.00,0.25,0.00,0.00,0.00,0.00,0.00,0.00,0.00,0.00,0.00,0.00,0.00,0.38,0.50
aag45	0.00,0.07,0.00,0.00,0.01,0.01,0.01,0.01,0.03,0.00,0.26,0.03,0.05,0.00,0.00,0.12,0.01,0.03,0.01,0.01,0.01,0.01,0.08,0.05,0.01,0.04,0.07,0.09,0.03,0.00,0.05,0.01,0.00,0.00,0.20,0.03,0.07,0.15,0.00,0.03,0.03,0.00,0.01,0.30,0.00,0.04,0.07,0.00,0.00,0.03,0.04,0.07,0.05,0.70,0.00,0.00,0.01,0.03,0.09,0.00,0.07,0.01,0.04,0.11,0.00,0.00,0.00,0.01,0.04,0.00,0.11,0.00,0.04,0.03,0.01,0.11,0.40
wag7	0.00,0.00,0.00,0.05,0.00,0.00,0.00,0.00,0.00,0.00,0.00,0.00,0.00,0.00,0.05,0.00,0.00,0.11,0.00,0.05,0.05,0.00,0.05,0.00,0.00,0.00,0.05,0.54,0.00,0.00,0.00,0.00,0.00,0.05,0.27,0.00,0.00,0.00,0.00,0.05,0.00,0.00,0.05,0.54,0.00,0.00,0.00,0.00,0.00,0.00,0.00,0.16,0.38,0.05,0.00,0.00,0.00,0.00,0.00,0.00,0.00,0.00,0.00,0.38,0.00,0.00,0.00,0.00,0.00,0.00,0.00,0.00,0.00,0.00,0.00,0.00,0.05
rde8	0.06,0.09,0.00,0.00,0.03,0.00,0.00,0.00,0.00,0.00,0.15,0.00,0.00,0.00,0.00,0.15,0.03,0.00,0.00,0.00,0.09,0.00,0.00,0.06,0.00,0.00,0.15,0.30,0.00,0.06,0.00,0.00,0.00,0.00,0.15,0.06,0.03,0.12,0.00,0.00,0.00,0.00,0.00,0.48,0.00,0.06,0.09,0.00,0.00,0.09,0.06,0.09,0.12,0.54,0.00,0.00,0.03,0.00,0.06,0.06,0.09,0.00,0.00,0.18,0.00,0.00,0.00,0.00,0.00,0.00,0.00,0.00,0.03,0.03,0.00,0.12,0.36
kbs29	0.00,0.02,0.00,0.00,0.00,0.03,0.00,0.00,0.00,0.02,0.35,0.00,0.09,0.02,0.00,0.12,0.00,0.00,0.00,0.00,0.02,0.02,0.00,0.05,0.00,0.00,0.02,0.03,0.00,0.00,0.11,0.00,0.00,0.00,0.02,0.00,0.02,0.06,0.02,0.00,0.06,0.00,0.00,0.09,0.00,0.03,0.02,0.00,0.00,0.00,0.02,0.00,0.00,0.78,0.00,0.00,0.00,0.05,0.05,0.00,0.11,0.00,0.02,0.05,0.00,0.02,0.00,0.00,0.02,0.02,0.20,0.00,0.05,0.03,0.00,0.15,0.37
dkd15	0.35,0.00,0.00,0.00,0.00,0.00,0.00,0.00,0.00,0.00,0.00,0.00,0.00,0.00,0.00,0.00,0.00,0.00,0.00,0.00,0.35,0.00,0.00,0.00,0.00,0.00,0.35,0.35,0.00,0.00,0.00,0.00,0.00,0.00,0.35,0.00,0.00,0.00,0.00,0.00,0.00,0.00,0.00,0.35,0.00,0.00,0.00,0.00,0.00,0.35,0.00,0.35,0.00,0.00,0.00,0.00,0.00,0.00,0.00,0.00,0.00,0.00,0.00,0.00,0.00,0.00,0.00,0.00,0.00,0.00,0.00,0.00,0.00,0.00,0.00,0.00,0.00
ecu4	0.00,0.04,0.01,0.00,0.01,0.00,0.00,0.00,0.00,0.00,0.24,0.00,0.04,0.00,0.00,0.19,0.01,0.00,0.00,0.00,0.00,0.02,0.01,0.07,0.00,0.00,0.00,0.06,0.00,0.01,0.00,0.00,0.00,0.00,0.02,0.04,0.03,0.11,0.00,0.01,0.00,0.00,0.00,0.18,0.00,0.05,0.04,0.01,0.00,0.00,0.05,0.01,0.05,0.73,0.01,0.00,0.03,0.00,0.06,0.01,0.09,0.00,0.01,0.13,0.00,0.01,0.00,0.00,0.01,0.01,0.04,0.00,0.09,0.07,0.02,0.18,0.48
mjg82	0.00,0.07,0.00,0.02,0.02,0.00,0.02,0.01,0.06,0.00,0.14,0.02,0.04,0.00,0.02,0.09,0.02,0.02,0.05,0.06,0.04,0.01,0.15,0.09,0.04,0.07,0.13,0.08,0.02,0.05,0.00,0.01,0.02,0.02,0.32,0.05,0.05,0.20,0.00,0.05,0.00,0.04,0.00,0.34,0.01,0.07,0.14,0.01,0.02,0.04,0.07,0.09,0.00,0.59,0.01,0.01,0.01,0.00,0.12,0.01,0.11,0.02,0.01,0.11,0.02,0.00,0.05,0.01,0.04,0.01,0.04,0.04,0.01,0.01,0.01,0.12,0.42
tar57	0.08,0.00,0.00,0.00,0.00,0.00,0.00,0.00,0.00,0.00,0.08,0.00,0.00,0.00,0.00,0.08,0.00,0.08,0.00,0.00,0.08,0.08,0.08,0.15,0.00,0.00,0.08,0.38,0.00,0.08,0.00,0.00,0.00,0.00,0.23,0.08,0.00,0.15,0.00,0.00,0.00,0.00,0.00,0.61,0.00,0.08,0.08,0.00,0.08,0.08,0.08,0.08,0.23,0.23,0.00,0.00,0.00,0.00,0.08,0.00,0.00,0.00,0.00,0.38,0.00,0.00,0.08,0.00,0.00,0.00,0.00,0.00,0.00,0.00,0.08,0.00,0.15
koj1	0.00,0.00,0.00,0.00,0.00,0.00,0.00,0.00,0.00,0.00,0.30,0.00,0.00,0.00,0.00,0.30,0.00,0.00,0.00,0.00,0.00,0.00,0.00,0.00,0.00,0.00,0.00,0.00,0.00,0.00,0.00,0.00,0.00,0.00,0.00,0.00,0.00,0.00,0.00,0.00,0.00,0.00,0.00,0.00,0.00,0.00,0.00,0.00,0.00,0.00,0.00,0.00,0.00,0.75,0.00,0.00,0.00,0.00,0.00,0.00,0.15,0.00,0.00,0.00,0.00,0.00,0.00,0.00,0.00,0.00,0.00,0.00,0.00,0.00,0.00,0.15,0.45
clk93	0.01,0.07,0.00,0.01,0.02,0.00,0.01,0.00,0.02,0.00,0.25,0.01,0.05,0.01,0.00,0.18,0.02,0.00,0.01,0.02,0.03,0.02,0.03,0.04,0.00,0.00,0.05,0.08,0.00,0.02,0.01,0.01,0.00,0.01,0.09,0.04,0.05,0.18,0.00,0.02,0.01,0.01,0.00,0.28,0.01,0.02,0.08,0.01,0.00,0.02,0.08,0.04,0.03,0.71,0.02,0.00,0.02,0.00,0.08,0.02,0.08,0.02,0.01,0.08,0.01,0.00,0.00,0.00,0.02,0.03,0.06,0.00,0.05,0.05,0.02,0.13,0.43
mjf68	0.03,0.00,0.00,0.03,0.00,0.00,0.00,0.00,0.00,0.00,0.00,0.00,0.00,0.00,0.03,0.00,0.00,0.00,0.00,0.06,0.11,0.00,0.08,0.00,0.00,0.03,0.11,0.59,0.03,0.00,0.00,0.00,0.03,0.06,0.20,0.00,0.00,0.00,0.00,0.06,0.00,0.00,0.00,0.59,0.00,0.00,0.00,0.00,0.00,0.03,0.00,0.08,0.31,0.03,0.00,0.00,0.00,0.00,0.00,0.00,0.03,0.00,0.00,0.31,0.00,0.00,0.00,0.00,0.00,0.00,0.00,0.00,0.00,0.00,0.00,0.03,0.03
res106	0.01,0.04,0.00,0.01,0.04,0.03,0.01,0.00,0.05,0.00,0.42,0.01,0.07,0.04,0.00,0.14,0.03,0.00,0.04,0.01,0.01,0.02,0.01,0.02,0.00,0.00,0.06,0.03,0.00,0.01,0.15,0.01,0.00,0.00,0.09,0.02,0.03,0.12,0.01,0.01,0.05,0.01,0.00,0.17,0.01,0.00,0.06,0.00,0.00,0.02,0.10,0.03,0.02,0.73,0.02,0.03,0.03,0.09,0.00,0.00,0.07,0.02,0.01,0.04,0.00,0.00,0.01,0.00,0.01,0.07,0.24,0.01,0.02,0.02,0.00,0.10,0.25
wsh5	0.00,0.00,0.00,0.00,0.00,0.00,0.00,0.00,0.13,0.00,0.00,0.13,0.00,0.00,0.00,0.00,0.00,0.13,0.00,0.00,0.00,0.00,0.25,0.13,0.00,0.13,0.13,0.00,0.00,0.00,0.00,0.00,0.00,0.00,0.51,0.00,0.00,0.25,0.00,0.00,0.00,0.00,0.00,0.25,0.00,0.13,0.00,0.00,0.13,0.13,0.00,0.13,0.00,0.38,0.00,0.00,0.00,0.00,0.25,0.00,0.00,0.00,0.00,0.13,0.00,0.00,0.00,0.13,0.00,0.00,0.00,0.00,0.00,0.00,0.00,0.00,0.38
jah208	0.00,0.03,0.00,0.03,0.03,0.00,0.00,0.00,0.07,0.00,0.21,0.00,0.03,0.03,0.00,0.03,0.03,0.00,0.03,0.07,0.03,0.00,0.14,0.00,0.00,0.03,0.17,0.24,0.00,0.07,0.03,0.00,0.00,0.00,0.34,0.00,0.03,0.10,0.00,0.03,0.03,0.07,0.00,0.41,0.00,0.00,0.14,0.00,0.00,0.07,0.03,0.10,0.21,0.58,0.00,0.03,0.00,0.00,0.07,0.00,0.00,0.03,0.00,0.21,0.00,0.00,0.07,0.03,0.00,0.03,0.10,0.03,0.00,0.00,0.00,0.00,0.17
mad205	0.03,0.05,0.00,0.00,0.01,0.00,0.00,0.00,0.01,0.00,0.14,0.00,0.03,0.00,0.00,0.08,0.00,0.00,0.01,0.01,0.05,0.04,0.03,0.09,0.00,0.01,0.06,0.31,0.00,0.01,0.00,0.00,0.01,0.01,0.13,0.03,0.03,0.13,0.01,0.00,0.00,0.00,0.00,0.45,0.00,0.05,0.11,0.00,0.00,0.03,0.05,0.05,0.23,0.55,0.03,0.01,0.00,0.00,0.08,0.00,0.06,0.00,0.00,0.31,0.05,0.00,0.01,0.00,0.01,0.03,0.04,0.00,0.01,0.01,0.03,0.09,0.34
rhl10	0.00,0.03,0.00,0.00,0.00,0.03,0.00,0.00,0.00,0.03,0.30,0.00,0.08,0.00,0.00,0.15,0.00,0.03,0.00,0.00,0.00,0.03,0.00,0.05,0.00,0.00,0.00,0.05,0.00,0.00,0.05,0.00,0.00,0.00,0.03,0.00,0.03,0.13,0.03,0.00,0.03,0.00,0.00,0.18,0.00,0.03,0.03,0.00,0.00,0.00,0.05,0.00,0.00,0.73,0.05,0.00,0.00,0.03,0.08,0.00,0.13,0.00,0.00,0.05,0.00,0.03,0.00,0.00,0.00,0.05,0.13,0.00,0.10,0.08,0.00,0.23,0.40
kmm137	0.00,0.18,0.00,0.00,0.00,0.00,0.00,0.00,0.00,0.00,0.00,0.00,0.00,0.00,0.00,0.00,0.00,0.00,0.00,0.00,0.00,0.00,0.00,0.00,0.00,0.00,0.00,0.35,0.00,0.00,0.00,0.00,0.00,0.00,0.00,0.00,0.18,0.18,0.00,0.00,0.00,0.00,0.00,0.53,0.00,0.00,0.18,0.00,0.00,0.00,0.00,0.00,0.18,0.35,0.00,0.00,0.00,0.00,0.18,0.00,0.18,0.00,0.18,0.18,0.00,0.00,0.00,0.00,0.18,0.00,0.00,0.00,0.00,0.00,0.00,0.18,0.35
kdd28	0.00,0.08,0.00,0.00,0.08,0.08,0.00,0.00,0.00,0.08,0.30,0.00,0.08,0.00,0.00,0.08,0.08,0.00,0.00,0.00,0.00,0.00,0.00,0.00,0.00,0.00,0.00,0.15,0.00,0.00,0.15,0.00,0.00,0.00,0.00,0.00,0.08,0.08,0.00,0.00,0.08,0.00,0.00,0.23,0.00,0.00,0.08,0.00,0.00,0.00,0.00,0.00,0.15,0.68,0.00,0.00,0.00,0.08,0.08,0.00,0.15,0.08,0.00,0.15,0.00,0.08,0.00,0.00,0.00,0.00,0.23,0.00,0.08,0.00,0.00,0.23,0.30
ams404	0.11,0.00,0.00,0.04,0.00,0.00,0.00,0.02,0.00,0.00,0.00,0.00,0.00,0.00,0.04,0.00,0.00,0.02,0.00,0.07,0.20,0.00,0.25,0.00,0.11,0.16,0.20,0.45,0.02,0.00,0.00,0.00,0.04,0.07,0.48,0.00,0.00,0.00,0.00,0.05,0.00,0.00,0.02,0.46,0.00,0.00,0.00,0.00,0.00,0.11,0.00,0.18,0.21,0.00,0.00,0.00,0.00,0.00,0.00,0.00,0.00,0.00,0.00,0.23,0.00,0.00,0.00,0.00,0.00,0.00,0.00,0.00,0.00,0.00,0.00,0.00,0.00
csf14	0.00,0.00,0.00,0.00,0.00,0.00,0.00,0.00,0.00,0.00,0.00,0.00,0.00,0.00,0.00,0.00,0.00,0.00,0.00,0.00,0.00,0.00,0.00,0.00,0.00,0.00,0.00,0.00,0.00,0.00,0.00,0.00,0.00,0.00,0.00,0.00,0.00,0.00,0.00,0.00,0.00,0.00,0.00,0.00,0.00,0.00,0.00,0.00,0.00,0.00,0.00,0.00,0.00,0.00,0.00,0.00,0.00,0.00,0.00,0.00,0.00,0.00,0.00,0.00,0.00,0.00,0.00,0.00,0.00,0.00,0.00,0.00,0.00,0.00,0.00,0.00,0.00
jlc201	0.00,0.00,0.07,0.00,0.02,0.01,0.00,0.00,0.05,0.01,0.41,0.03,0.12,0.00,0.00,0.19,0.00,0.03,0.02,0.01,0.00,0.00,0.02,0.01,0.00,0.00,0.05,0.00,0.00,0.00,0.07,0.01,0.00,0.00,0.11,0.00,0.00,0.10,0.00,0.00,0.02,0.01,0.02,0.10,0.00,0.00,0.04,0.00,0.00,0.03,0.04,0.04,0.00,0.74,0.03,0.01,0.00,0.05,0.04,0.00,0.05,0.00,0.00,0.01,0.00,0.08,0.03,0.02,0.00,0.04,0.21,0.00,0.08,0.00,0.00,0.14,0.30
qim8	0.00,0.06,0.00,0.00,0.03,0.00,0.00,0.00,0.00,0.00,0.06,0.00,0.00,0.00,0.00,0.06,0.03,0.06,0.00,0.03,0.06,0.00,0.06,0.06,0.00,0.00,0.06,0.33,0.00,0.03,0.00,0.00,0.00,0.03,0.21,0.00,0.00,0.06,0.00,0.00,0.00,0.00,0.00,0.42,0.00,0.06,0.09,0.00,0.03,0.00,0.00,0.00,0.12,0.55,0.00,0.00,0.00,0.00,0.06,0.00,0.15,0.00,0.00,0.18,0.00,0.00,0.03,0.00,0.00,0.00,0.00,0.00,0.03,0.03,0.00,0.18,0.45
cac189	0.11,0.00,0.00,0.00,0.00,0.00,0.00,0.00,0.00,0.00,0.00,0.00,0.00,0.00,0.00,0.00,0.00,0.00,0.00,0.00,0.11,0.00,0.00,0.00,0.00,0.00,0.11,0.53,0.00,0.00,0.00,0.00,0.00,0.00,0.11,0.00,0.00,0.00,0.00,0.00,0.00,0.00,0.00,0.53,0.00,0.00,0.00,0.00,0.00,0.11,0.00,0.11,0.43,0.00,0.00,0.00,0.00,0.00,0.00,0.00,0.00,0.00,0.00,0.43,0.00,0.00,0.00,0.00,0.00,0.00,0.00,0.00,0.00,0.00,0.00,0.00,0.00
alh130	0.00,0.00,0.00,0.00,0.00,0.00,0.00,0.00,0.00,0.00,0.00,0.00,0.00,0.00,0.00,0.00,0.00,0.00,0.00,0.00,0.00,0.00,0.00,0.00,0.00,0.00,0.00,0.00,0.00,0.00,0.00,0.00,0.00,0.00,0.00,0.00,0.00,0.00,0.00,0.00,0.00,0.00,0.00,0.00,0.00,0.00,0.00,0.00,0.00,0.00,0.00,0.00,0.00,0.00,0.00,0.00,0.00,0.00,0.00,0.00,0.00,0.00,0.00,0.00,0.00,0.00,0.00,0.00,0.00,0.00,0.00,0.00,0.00,0.00,0.00,0.00,0.00
brs112	0.00,0.03,0.05,0.00,0.00,0.00,0.00,0.01,0.00,0.01,0.25,0.00,0.06,0.00,0.00,0.17,0.00,0.01,0.00,0.00,0.00,0.02,0.06,0.05,0.03,0.05,0.00,0.03,0.01,0.00,0.01,0.00,0.00,0.00,0.08,0.03,0.02,0.07,0.00,0.01,0.01,0.00,0.00,0.10,0.00,0.02,0.03,0.00,0.01,0.00,0.03,0.01,0.01,0.74,0.00,0.00,0.01,0.00,0.03,0.00,0.12,0.00,0.03,0.06,0.00,0.06,0.00,0.00,0.03,0.00,0.07,0.00,0.10,0.05,0.02,0.23,0.48
alh133	0.02,0.03,0.00,0.01,0.03,0.01,0.00,0.01,0.03,0.03,0.22,0.01,0.05,0.00,0.01,0.10,0.02,0.04,0.00,0.03,0.04,0.00,0.10,0.03,0.01,0.04,0.08,0.23,0.02,0.01,0.05,0.00,0.01,0.03,0.25,0.00,0.02,0.12,0.00,0.03,0.04,0.01,0.02,0.36,0.01,0.03,0.07,0.00,0.01,0.03,0.02,0.08,0.11,0.64,0.01,0.00,0.01,0.01,0.08,0.00,0.11,0.01,0.02,0.14,0.01,0.03,0.02,0.02,0.02,0.02,0.11,0.00,0.05,0.03,0.00,0.16,0.36
anv35	0.04,0.02,0.00,0.02,0.00,0.00,0.00,0.00,0.00,0.00,0.02,0.00,0.00,0.00,0.02,0.02,0.00,0.07,0.00,0.02,0.09,0.00,0.07,0.02,0.00,0.02,0.09,0.53,0.00,0.00,0.00,0.00,0.00,0.02,0.22,0.00,0.02,0.04,0.00,0.02,0.00,0.00,0.02,0.58,0.00,0.02,0.04,0.00,0.02,0.04,0.00,0.09,0.33,0.16,0.00,0.00,0.00,0.00,0.04,0.00,0.02,0.00,0.00,0.36,0.00,0.00,0.02,0.00,0.00,0.00,0.00,0.00,0.00,0.00,0.00,0.02,0.13
inf4	0.10,0.01,0.00,0.01,0.00,0.00,0.00,0.03,0.00,0.00,0.00,0.00,0.00,0.00,0.01,0.00,0.00,0.00,0.00,0.07,0.21,0.00,0.22,0.00,0.07,0.14,0.21,0.49,0.04,0.00,0.00,0.00,0.06,0.07,0.47,0.00,0.00,0.00,0.00,0.06,0.00,0.00,0.00,0.49,0.00,0.00,0.01,0.00,0.00,0.10,0.00,0.15,0.19,0.03,0.00,0.00,0.00,0.00,0.00,0.00,0.01,0.00,0.00,0.19,0.00,0.00,0.00,0.00,0.00,0.00,0.00,0.00,0.00,0.00,0.00,0.01,0.03
jey16	0.00,0.03,0.02,0.00,0.02,0.05,0.00,0.00,0.00,0.04,0.49,0.00,0.11,0.02,0.00,0.14,0.01,0.00,0.00,0.00,0.00,0.01,0.00,0.01,0.00,0.00,0.00,0.01,0.00,0.00,0.24,0.00,0.00,0.00,0.01,0.01,0.03,0.04,0.01,0.00,0.06,0.00,0.00,0.05,0.00,0.00,0.03,0.00,0.00,0.00,0.03,0.00,0.00,0.68,0.01,0.00,0.02,0.17,0.01,0.00,0.00,0.01,0.01,0.01,0.00,0.06,0.00,0.00,0.01,0.03,0.35,0.00,0.07,0.01,0.00,0.08,0.16
jdh98	0.00,0.02,0.00,0.00,0.03,0.04,0.00,0.00,0.01,0.02,0.47,0.00,0.11,0.01,0.00,0.16,0.01,0.00,0.01,0.00,0.00,0.01,0.00,0.02,0.00,0.00,0.02,0.00,0.00,0.00,0.19,0.00,0.00,0.00,0.03,0.02,0.02,0.06,0.00,0.00,0.06,0.00,0.00,0.06,0.01,0.00,0.05,0.00,0.00,0.00,0.04,0.01,0.00,0.72,0.00,0.01,0.02,0.13,0.01,0.00,0.01,0.01,0.00,0.02,0.01,0.02,0.01,0.00,0.01,0.02,0.30,0.00,0.03,0.00,0.00,0.04,0.23
atr16	0.11,0.00,0.00,0.05,0.01,0.00,0.00,0.00,0.01,0.00,0.08,0.00,0.03,0.00,0.04,0.04,0.00,0.01,0.01,0.07,0.22,0.01,0.08,0.01,0.00,0.01,0.23,0.51,0.00,0.01,0.00,0.00,0.01,0.05,0.33,0.00,0.00,0.03,0.01,0.05,0.00,0.01,0.01,0.55,0.00,0.00,0.03,0.01,0.00,0.11,0.03,0.18,0.19,0.19,0.03,0.01,0.00,0.00,0.00,0.00,0.04,0.00,0.00,0.22,0.03,0.00,0.00,0.00,0.00,0.03,0.03,0.01,0.01,0.01,0.00,0.05,0.10
pjs52	0.00,0.03,0.01,0.01,0.02,0.00,0.02,0.00,0.04,0.00,0.32,0.02,0.05,0.00,0.00,0.26,0.02,0.00,0.03,0.01,0.00,0.03,0.01,0.04,0.00,0.00,0.04,0.00,0.00,0.01,0.01,0.02,0.00,0.00,0.05,0.07,0.03,0.12,0.00,0.01,0.01,0.01,0.00,0.12,0.02,0.00,0.04,0.01,0.00,0.02,0.09,0.03,0.00,0.76,0.02,0.01,0.02,0.00,0.01,0.01,0.02,0.02,0.00,0.05,0.00,0.01,0.00,0.00,0.01,0.02,0.06,0.00,0.08,0.07,0.03,0.10,0.41
cev9	0.09,0.09,0.00,0.00,0.00,0.00,0.00,0.00,0.00,0.00,0.00,0.00,0.00,0.00,0.00,0.00,0.00,0.00,0.00,0.00,0.14,0.00,0.00,0.00,0.00,0.00,0.18,0.55,0.00,0.05,0.00,0.00,0.00,0.00,0.18,0.00,0.00,0.00,0.00,0.00,0.00,0.00,0.00,0.60,0.00,0.00,0.09,0.00,0.00,0.09,0.00,0.09,0.32,0.00,0.00,0.00,0.00,0.00,0.00,0.05,0.00,0.00,0.05,0.32,0.00,0.00,0.00,0.00,0.05,0.00,0.00,0.00,0.00,0.00,0.00,0.00,0.00
egm18	0.05,0.00,0.00,0.00,0.00,0.00,0.00,0.02,0.00,0.00,0.00,0.00,0.00,0.00,0.00,0.00,0.00,0.00,0.00,0.05,0.15,0.00,0.24,0.02,0.10,0.15,0.17,0.49,0.02,0.00,0.00,0.00,0.02,0.05,0.46,0.00,0.00,0.02,0.00,0.05,0.00,0.00,0.00,0.54,0.00,0.02,0.00,0.00,0.00,0.05,0.00,0.10,0.20,0.02,0.00,0.00,0.00,0.00,0.02,0.00,0.00,0.00,0.00,0.22,0.00,0.00,0.00,0.00,0.00,0.00,0.00,0.00,0.00,0.00,0.00,0.00,0.02
jhg10	0.17,0.00,0.00,0.00,0.00,0.00,0.00,0.00,0.00,0.00,0.00,0.00,0.00,0.00,0.00,0.00,0.00,0.00,0.00,0.06,0.26,0.00,0.09,0.00,0.00,0.03,0.26,0.51,0.03,0.00,0.00,0.00,0.03,0.06,0.34,0.00,0.00,0.00,0.00,0.03,0.00,0.00,0.00,0.51,0.00,0.00,0.00,0.00,0.00,0.17,0.00,0.20,0.23,0.00,0.00,0.00,0.00,0.00,0.00,0.00,0.00,0.00,0.00,0.23,0.00,0.00,0.00,0.00,0.00,0.00,0.00,0.00,0.00,0.00,0.00,0.00,0.00
jdh73	0.05,0.15,0.00,0.00,0.05,0.00,0.00,0.00,0.00,0.00,0.10,0.00,0.00,0.00,0.00,0.10,0.05,0.15,0.00,0.00,0.05,0.00,0.00,0.10,0.00,0.00,0.05,0.25,0.00,0.05,0.00,0.00,0.00,0.00,0.25,0.00,0.05,0.15,0.00,0.00,0.00,0.00,0.15,0.45,0.05,0.05,0.25,0.05,0.00,0.05,0.00,0.25,0.05,0.45,0.00,0.00,0.00,0.00,0.10,0.00,0.05,0.05,0.00,0.20,0.10,0.00,0.00,0.00,0.05,0.00,0.00,0.00,0.10,0.10,0.00,0.15,0.30
leg33	0.02,0.03,0.00,0.00,0.00,0.00,0.00,0.00,0.03,0.02,0.24,0.02,0.05,0.00,0.00,0.17,0.00,0.00,0.00,0.02,0.02,0.02,0.03,0.08,0.00,0.02,0.06,0.05,0.00,0.02,0.02,0.00,0.02,0.00,0.11,0.03,0.02,0.16,0.00,0.00,0.02,0.02,0.00,0.22,0.00,0.06,0.08,0.00,0.00,0.05,0.03,0.05,0.00,0.73,0.00,0.00,0.00,0.00,0.10,0.00,0.03,0.00,0.02,0.08,0.02,0.02,0.02,0.02,0.02,0.00,0.06,0.00,0.08,0.06,0.02,0.11,0.46
kav33	0.00,0.01,0.00,0.00,0.02,0.03,0.01,0.00,0.02,0.01,0.47,0.01,0.06,0.01,0.00,0.13,0.01,0.01,0.02,0.00,0.00,0.02,0.00,0.02,0.00,0.00,0.02,0.00,0.00,0.00,0.26,0.01,0.00,0.00,0.03,0.03,0.01,0.06,0.00,0.00,0.03,0.00,0.01,0.06,0.00,0.00,0.02,0.00,0.00,0.01,0.05,0.02,0.00,0.69,0.01,0.01,0.01,0.21,0.00,0.00,0.03,0.01,0.00,0.02,0.00,0.01,0.01,0.00,0.00,0.02,0.33,0.00,0.03,0.02,0.01,0.05,0.19
cap77	0.00,0.00,0.00,0.00,0.00,0.06,0.00,0.00,0.00,0.06,0.45,0.00,0.13,0.00,0.00,0.13,0.00,0.13,0.00,0.00,0.00,0.00,0.06,0.00,0.00,0.00,0.00,0.06,0.00,0.00,0.19,0.00,0.00,0.00,0.19,0.00,0.00,0.00,0.00,0.06,0.13,0.00,0.06,0.06,0.00,0.00,0.00,0.00,0.06,0.00,0.00,0.13,0.06,0.65,0.00,0.00,0.00,0.06,0.00,0.00,0.06,0.00,0.00,0.06,0.00,0.06,0.00,0.00,0.00,0.00,0.32,0.00,0.06,0.00,0.00,0.13,0.19
kmh117	0.02,0.07,0.00,0.02,0.04,0.00,0.00,0.07,0.06,0.00,0.06,0.00,0.00,0.00,0.00,0.06,0.02,0.02,0.00,0.09,0.06,0.00,0.33,0.04,0.09,0.18,0.15,0.24,0.07,0.09,0.00,0.00,0.06,0.04,0.53,0.00,0.02,0.11,0.00,0.11,0.00,0.06,0.00,0.44,0.04,0.04,0.15,0.04,0.02,0.02,0.00,0.13,0.11,0.28,0.00,0.00,0.00,0.00,0.07,0.04,0.00,0.02,0.02,0.18,0.04,0.00,0.04,0.02,0.02,0.00,0.00,0.00,0.02,0.02,0.00,0.02,0.18
djp60	0.00,0.00,0.00,0.00,0.00,0.00,0.00,0.00,0.00,0.00,0.00,0.00,0.00,0.00,0.00,0.00,0.00,0.00,0.00,0.17,0.17,0.00,0.17,0.00,0.00,0.00,0.17,0.51,0.00,0.00,0.00,0.00,0.00,0.17,0.34,0.00,0.00,0.00,0.00,0.00,0.00,0.00,0.00,0.51,0.00,0.00,0.00,0.00,0.00,0.00,0.00,0.00,0.34,0.00,0.00,0.00,0.00,0.00,0.00,0.00,0.00,0.00,0.00,0.34,0.00,0.00,0.00,0.00,0.00,0.00,0.00,0.00,0.00,0.00,0.00,0.00,0.00
mjf68	0.21,0.00,0.00,0.00,0.00,0.00,0.00,0.00,0.00,0.00,0.00,0.00,0.00,0.00,0.00,0.00,0.00,0.00,0.00,0.00,0.27,0.00,0.00,0.00,0.00,0.00,0.27,0.55,0.00,0.00,0.00,0.00,0.00,0.00,0.27,0.00,0.00,0.00,0.00,0.00,0.00,0.00,0.00,0.55,0.00,0.00,0.00,0.00,0.00,0.21,0.00,0.21,0.14,0.07,0.00,0.00,0.00,0.00,0.00,0.00,0.00,0.00,0.00,0.14,0.00,0.00,0.00,0.00,0.00,0.00,0.00,0.00,0.00,0.00,0.00,0.00,0.07
ryc17	0.00,0.00,0.00,0.00,0.00,0.00,0.00,0.00,0.00,0.00,0.00,0.00,0.00,0.00,0.00,0.00,0.00,0.50,0.00,0.00,0.00,0.00,0.00,0.00,0.00,0.00,0.00,0.00,0.00,0.00,0.00,0.00,0.00,0.00,0.50,0.00,0.00,0.00,0.00,0.00,0.00,0.00,0.50,0.00,0.00,0.00,0.00,0.00,0.00,0.00,0.00,0.50,0.00,0.00,0.00,0.00,0.00,0.00,0.00,0.00,0.00,0.00,0.00,0.00,0.00,0.00,0.00,0.00,0.00,0.00,0.00,0.00,0.00,0.00,0.00,0.00,0.00
tol16	0.00,0.00,0.00,0.00,0.00,0.00,0.00,0.00,0.00,0.00,0.00,0.00,0.00,0.00,0.00,0.00,0.00,0.00,0.00,0.00,0.00,0.00,0.00,0.00,0.00,0.00,0.00,0.00,0.00,0.00,0.00,0.00,0.00,0.00,0.00,0.00,0.00,0.00,0.00,0.00,0.00,0.00,0.00,0.00,0.00,0.00,0.00,0.00,0.00,0.00,0.00,0.00,0.00,0.50,0.00,0.00,0.00,0.00,0.00,0.00,0.50,0.00,0.00,0.00,0.00,0.00,0.00,0.00,0.00,0.00,0.00,0.00,0.00,0.00,0.00,0.50,0.50
yaz44	0.04,0.00,0.00,0.00,0.00,0.00,0.00,0.04,0.00,0.00,0.00,0.00,0.00,0.00,0.00,0.00,0.00,0.04,0.00,0.04,0.07,0.00,0.18,0.00,0.07,0.11,0.07,0.50,0.04,0.04,0.00,0.00,0.00,0.04,0.28,0.00,0.00,0.00,0.00,0.04,0.00,0.00,0.00,0.53,0.00,0.00,0.07,0.04,0.04,0.04,0.00,0.07,0.32,0.14,0.00,0.00,0.00,0.00,0.00,0.00,0.14,0.00,0.00,0.35,0.04,0.00,0.04,0.00,0.04,0.00,0.00,0.00,0.00,0.00,0.00,0.14,0.14
bjs49	0.00,0.02,0.00,0.01,0.00,0.06,0.01,0.00,0.03,0.04,0.41,0.02,0.08,0.02,0.00,0.16,0.00,0.01,0.02,0.01,0.00,0.03,0.03,0.05,0.00,0.01,0.03,0.03,0.01,0.00,0.16,0.01,0.00,0.00,0.06,0.05,0.01,0.13,0.01,0.01,0.06,0.01,0.00,0.15,0.00,0.02,0.02,0.00,0.01,0.02,0.08,0.03,0.01,0.72,0.01,0.01,0.00,0.10,0.04,0.00,0.05,0.00,0.01,0.06,0.00,0.04,0.00,0.01,0.01,0.03,0.24,0.01,0.06,0.02,0.02,0.11,0.30
fek10	0.00,0.00,0.00,0.00,0.00,0.00,0.00,0.00,0.00,0.00,0.00,0.00,0.00,0.00,0.00,0.00,0.00,0.29,0.00,0.00,0.00,0.00,0.00,0.00,0.00,0.00,0.00,0.58,0.00,0.00,0.00,0.00,0.00,0.00,0.29,0.00,0.00,0.00,0.00,0.00,0.00,0.00,0.00,0.58,0.00,0.00,0.00,0.00,0.00,0.00,0.00,0.00,0.29,0.00,0.00,0.00,0.00,0.00,0.00,0.00,0.00,0.00,0.00,0.29,0.00,0.00,0.00,0.00,0.00,0.00,0.00,0.00,0.00,0.00,0.00,0.00,0.00
chg57	0.02,0.07,0.00,0.00,0.02,0.00,0.00,0.02,0.03,0.00,0.10,0.00,0.03,0.00,0.00,0.07,0.02,0.07,0.00,0.03,0.03,0.00,0.07,0.03,0.02,0.03,0.07,0.28,0.02,0.07,0.00,0.00,0.02,0.00,0.21,0.00,0.03,0.13,0.00,0.02,0.00,0.03,0.05,0.49,0.02,0.03,0.16,0.05,0.00,0.02,0.03,0.08,0.20,0.46,0.03,0.00,0.02,0.00,0.08,0.03,0.15,0.02,0.02,0.29,0.05,0.00,0.03,0.02,0.07,0.03,0.03,0.00,0.03,0.03,0.00,0.18,0.34
art47	0.14,0.00,0.00,0.00,0.00,0.00,0.00,0.00,0.07,0.00,0.00,0.00,0.00,0.00,0.00,0.00,0.00,0.00,0.00,0.00,0.14,0.00,0.00,0.00,0.00,0.00,0.20,0.47,0.00,0.00,0.00,0.00,0.00,0.00,0.20,0.00,0.00,0.14,0.00,0.00,0.00,0.00,0.00,0.61,0.00,0.00,0.07,0.00,0.00,0.14,0.00,0.14,0.07,0.27,0.00,0.00,0.00,0.00,0.14,0.00,0.14,0.00,0.00,0.07,0.00,0.00,0.07,0.07,0.07,0.00,0.00,0.00,0.00,0.00,0.00,0.14,0.27
jky3	0.02,0.02,0.02,0.02,0.00,0.00,0.00,0.00,0.02,0.00,0.14,0.02,0.05,0.00,0.02,0.09,0.00,0.07,0.00,0.05,0.11,0.02,0.07,0.02,0.00,0.02,0.18,0.43,0.00,0.02,0.00,0.00,0.02,0.05,0.32,0.05,0.00,0.07,0.00,0.02,0.00,0.00,0.02,0.54,0.00,0.00,0.05,0.00,0.00,0.09,0.05,0.14,0.25,0.34,0.00,0.00,0.00,0.00,0.00,0.00,0.05,0.00,0.02,0.27,0.00,0.02,0.02,0.00,0.02,0.00,0.05,0.00,0.02,0.00,0.02,0.07,0.18
ket38	0.15,0.00,0.00,0.00,0.00,0.00,0.00,0.00,0.07,0.00,0.00,0.07,0.00,0.00,0.00,0.00,0.00,0.00,0.00,0.00,0.15,0.00,0.00,0.15,0.00,0.00,0.22,0.22,0.00,0.00,0.00,0.00,0.00,0.00,0.22,0.00,0.00,0.22,0.00,0.00,0.00,0.00,0.00,0.45,0.00,0.15,0.00,0.00,0.00,0.22,0.00,0.22,0.07,0.37,0.00,0.00,0.00,0.00,0.22,0.00,0.00,0.00,0.00,0.22,0.00,0.00,0.00,0.07,0.00,0.00,0.00,0.00,0.00,0.00,0.00,0.00,0.37
abr26	0.00,0.05,0.00,0.00,0.00,0.05,0.00,0.00,0.05,0.00,0.33,0.00,0.05,0.05,0.00,0.14,0.00,0.00,0.05,0.05,0.00,0.05,0.09,0.05,0.00,0.05,0.05,0.24,0.05,0.05,0.14,0.00,0.05,0.00,0.14,0.05,0.00,0.09,0.00,0.05,0.05,0.05,0.00,0.38,0.00,0.00,0.14,0.00,0.00,0.00,0.09,0.05,0.24,0.57,0.00,0.05,0.00,0.09,0.00,0.00,0.00,0.00,0.00,0.28,0.05,0.00,0.00,0.00,0.00,0.05,0.19,0.05,0.00,0.00,0.05,0.00,0.19
mjs187	0.00,0.02,0.00,0.02,0.00,0.05,0.02,0.00,0.05,0.02,0.45,0.00,0.09,0.02,0.00,0.18,0.00,0.00,0.05,0.02,0.00,0.05,0.02,0.05,0.00,0.00,0.05,0.07,0.00,0.02,0.16,0.00,0.00,0.00,0.07,0.07,0.02,0.14,0.00,0.02,0.07,0.02,0.00,0.23,0.00,0.00,0.02,0.02,0.00,0.00,0.14,0.02,0.07,0.68,0.02,0.02,0.02,0.09,0.00,0.02,0.00,0.00,0.00,0.14,0.00,0.02,0.00,0.00,0.00,0.05,0.25,0.02,0.02,0.00,0.05,0.02,0.20
rjm105	0.00,0.00,0.00,0.00,0.00,0.00,0.00,0.00,0.00,0.00,0.00,0.00,0.00,0.00,0.00,0.00,0.00,0.12,0.00,0.00,0.00,0.00,0.00,0.00,0.00,0.00,0.00,0.48,0.00,0.00,0.00,0.00,0.00,0.00,0.12,0.00,0.00,0.00,0.00,0.00,0.00,0.00,0.12,0.48,0.00,0.00,0.00,0.00,0.00,0.00,0.00,0.12,0.48,0.12,0.00,0.00,0.00,0.00,0.00,0.00,0.00,0.00,0.00,0.48,0.00,0.00,0.00,0.00,0.00,0.00,0.00,0.00,0.00,0.00,0.00,0.00,0.12
vac24	0.00,0.00,0.00,0.00,0.00,0.00,0.00,0.00,0.00,0.00,0.00,0.00,0.00,0.00,0.00,0.00,0.00,0.20,0.00,0.00,0.00,0.00,0.31,0.10,0.00,0.10,0.00,0.31,0.10,0.00,0.00,0.00,0.00,0.00,0.51,0.00,0.00,0.10,0.00,0.20,0.00,0.00,0.00,0.41,0.00,0.10,0.00,0.00,0.20,0.00,0.00,0.20,0.20,0.10,0.00,0.00,0.00,0.00,0.10,0.00,0.00,0.00,0.00,0.31,0.00,0.00,0.00,0.00,0.00,0.00,0.00,0.00,0.00,0.00,0.00,0.00,0.10
avn10	0.00,0.02,0.02,0.00,0.00,0.04,0.00,0.00,0.00,0.02,0.30,0.00,0.06,0.02,0.00,0.15,0.00,0.00,0.00,0.00,0.00,0.00,0.00,0.00,0.00,0.00,0.00,0.00,0.00,0.00,0.09,0.00,0.00,0.00,0.00,0.00,0.02,0.02,0.00,0.00,0.04,0.00,0.00,0.02,0.00,0.00,0.02,0.00,0.00,0.00,0.02,0.00,0.00,0.78,0.00,0.00,0.02,0.04,0.00,0.00,0.00,0.00,0.00,0.00,0.00,0.04,0.00,0.00,0.00,0.02,0.15,0.00,0.11,0.06,0.00,0.11,0.45
jam267	0.00,0.00,0.00,0.00,0.00,0.00,0.00,0.00,0.00,0.00,0.00,0.00,0.00,0.00,0.00,0.00,0.00,0.22,0.00,0.22,0.22,0.00,0.22,0.00,0.00,0.00,0.22,0.22,0.00,0.00,0.00,0.00,0.00,0.22,0.65,0.00,0.00,0.00,0.00,0.00,0.00,0.00,0.22,0.22,0.00,0.00,0.00,0.00,0.00,0.00,0.00,0.22,0.00,0.22,0.00,0.00,0.00,0.00,0.00,0.00,0.00,0.00,0.00,0.00,0.00,0.00,0.00,0.00,0.00,0.00,0.00,0.00,0.00,0.00,0.00,0.00,0.22
ang92	0.00,0.00,0.00,0.00,0.00,0.00,0.00,0.00,0.00,0.00,0.00,0.00,0.00,0.00,0.00,0.00,0.00,0.00,0.00,0.00,0.00,0.00,0.00,0.00,0.00,0.00,0.00,0.63,0.00,0.00,0.00,0.00,0.00,0.00,0.00,0.00,0.00,0.00,0.00,0.00,0.00,0.00,0.00,0.63,0.00,0.00,0.00,0.00,0.00,0.00,0.00,0.00,0.32,0.00,0.00,0.00,0.00,0.00,0.00,0.00,0.00,0.00,0.00,0.32,0.00,0.00,0.00,0.00,0.00,0.00,0.00,0.00,0.00,0.00,0.00,0.00,0.00
kmt51	0.03,0.00,0.00,0.00,0.00,0.00,0.00,0.00,0.03,0.00,0.21,0.03,0.03,0.00,0.00,0.18,0.00,0.03,0.00,0.06,0.09,0.03,0.15,0.03,0.00,0.06,0.12,0.18,0.06,0.00,0.00,0.00,0.06,0.06,0.33,0.06,0.00,0.18,0.00,0.09,0.00,0.00,0.00,0.36,0.00,0.00,0.03,0.00,0.03,0.06,0.06,0.15,0.03,0.60,0.00,0.00,0.00,0.00,0.09,0.00,0.00,0.00,0.00,0.06,0.03,0.00,0.00,0.03,0.03,0.00,0.03,0.00,0.00,0.00,0.03,0.00,0.36
sbb28	0.00,0.08,0.00,0.00,0.04,0.02,0.00,0.00,0.04,0.02,0.40,0.01,0.09,0.03,0.00,0.21,0.04,0.02,0.02,0.01,0.01,0.01,0.02,0.02,0.00,0.00,0.05,0.01,0.00,0.02,0.07,0.00,0.00,0.00,0.09,0.03,0.07,0.13,0.00,0.00,0.05,0.01,0.00,0.17,0.02,0.01,0.11,0.01,0.00,0.02,0.08,0.03,0.00,0.75,0.02,0.02,0.05,0.02,0.02,0.01,0.01,0.04,0.00,0.03,0.01,0.02,0.02,0.00,0.00,0.05,0.17,0.00,0.05,0.02,0.01,0.06,0.29
emg65	0.25,0.00,0.00,0.00,0.00,0.00,0.00,0.00,0.00,0.00,0.00,0.00,0.00,0.00,0.00,0.00,0.00,0.00,0.00,0.00,0.25,0.00,0.00,0.00,0.00,0.00,0.25,0.50,0.00,0.00,0.00,0.00,0.00,0.00,0.25,0.00,0.00,0.00,0.00,0.00,0.00,0.00,0.00,0.50,0.00,0.00,0.00,0.00,0.00,0.25,0.00,0.25,0.25,0.00,0.00,0.00,0.00,0.00,0.00,0.00,0.00,0.00,0.00,0.25,0.00,0.00,0.00,0.00,0.00,0.00,0.00,0.00,0.00,0.00,0.00,0.00,0.00
sab155	0.01,0.04,0.01,0.00,0.08,0.01,0.01,0.01,0.05,0.01,0.36,0.02,0.08,0.01,0.00,0.14,0.04,0.01,0.03,0.03,0.01,0.02,0.13,0.04,0.05,0.09,0.06,0.07,0.02,0.01,0.07,0.01,0.02,0.00,0.24,0.02,0.03,0.12,0.00,0.02,0.05,0.02,0.00,0.22,0.01,0.01,0.10,0.01,0.01,0.03,0.07,0.05,0.04,0.72,0.01,0.02,0.01,0.02,0.04,0.00,0.04,0.03,0.00,0.09,0.01,0.01,0.01,0.01,0.00,0.04,0.17,0.01,0.03,0.01,0.01,0.06,0.27
ksd19	0.25,0.00,0.00,0.00,0.00,0.00,0.00,0.00,0.00,0.00,0.00,0.00,0.00,0.00,0.00,0.00,0.00,0.00,0.00,0.00,0.25,0.00,0.00,0.00,0.00,0.00,0.25,0.50,0.00,0.00,0.00,0.00,0.00,0.00,0.25,0.00,0.00,0.00,0.00,0.00,0.00,0.00,0.00,0.50,0.00,0.00,0.00,0.00,0.00,0.25,0.00,0.25,0.25,0.00,0.00,0.00,0.00,0.00,0.00,0.00,0.00,0.00,0.00,0.25,0.00,0.00,0.00,0.00,0.00,0.00,0.00,0.00,0.00,0.00,0.00,0.00,0.00
rsb45	0.00,0.00,0.00,0.00,0.00,0.00,0.00,0.00,0.00,0.00,0.04,0.00,0.00,0.00,0.00,0.04,0.00,0.00,0.00,0.00,0.00,0.00,0.09,0.00,0.00,0.04,0.00,0.48,0.04,0.00,0.00,0.00,0.00,0.00,0.13,0.04,0.00,0.09,0.00,0.04,0.00,0.00,0.00,0.57,0.00,0.00,0.00,0.00,0.00,0.00,0.04,0.04,0.43,0.13,0.00,0.00,0.00,0.00,0.04,0.00,0.00,0.00,0.00,0.43,0.00,0.00,0.00,0.00,0.00,0.00,0.00,0.00,0.00,0.00,0.00,0.00,0.09
drr38	0.14,0.00,0.00,0.00,0.00,0.00,0.00,0.00,0.00,0.00,0.00,0.00,0.00,0.00,0.00,0.00,0.00,0.29,0.00,0.00,0.14,0.00,0.29,0.00,0.00,0.14,0.14,0.14,0.00,0.00,0.00,0.00,0.00,0.00,0.72,0.00,0.00,0.00,0.00,0.00,0.00,0.00,0.14,0.14,0.00,0.00,0.00,0.00,0.14,0.14,0.00,0.29,0.00,0.14,0.00,0.00,0.00,0.00,0.00,0.00,0.00,0.00,0.00,0.00,0.00,0.00,0.00,0.00,0.00,0.00,0.00,0.00,0.00,0.00,0.00,0.00,0.14
