1,1,0,0,1,0,1,0,2,0,21,1,6,2,0,12,0,0,1,0,1,2,1,6,0,0,3,3,0,1,3,0,0,0,5,3,1,12,0,1,3,0,0,16,0,4,2,0,0,2,7,3,2,43,2,0,1,0,5,1,0,0,0,8,0,0,0,1,0,4,9,0,0,0,2,0,21
0,0,0,0,0,0,0,0,0,0,0,0,0,0,0,0,0,0,0,0,0,0,0,0,0,0,0,1,0,0,0,0,0,0,0,0,0,0,0,0,0,0,0,1,0,0,0,0,0,0,0,0,1,0,0,0,0,0,0,0,0,0,0,1,0,0,0,0,0,0,0,0,0,0,0,0,0
1,8,0,3,3,2,2,0,6,0,19,3,2,1,0,8,2,3,2,3,2,1,9,1,0,3,10,9,3,6,8,2,0,0,25,2,2,11,1,6,2,2,0,26,2,0,15,2,2,5,3,11,1,46,0,0,0,6,6,3,3,0,1,4,2,0,3,2,1,1,10,0,1,1,0,5,22
1,7,9,4,15,13,5,1,23,11,197,6,45,6,0,90,3,5,15,7,5,9,16,15,2,6,30,9,2,3,51,4,2,1,57,16,7,54,3,7,24,5,1,66,5,3,23,0,2,7,34,17,3,359,9,9,5,27,13,2,23,3,2,18,1,21,15,5,5,17,99,3,39,15,6,64,141
3,0,0,2,0,0,0,0,0,0,0,0,0,0,2,0,0,1,0,5,11,0,9,0,1,3,12,26,0,0,0,0,1,4,23,0,0,0,0,2,0,0,1,27,0,0,0,0,0,3,0,6,12,5,0,0,0,0,0,0,1,0,0,12,0,0,0,0,0,0,0,0,0,0,0,1,5
0,6,2,1,8,2,1,2,7,3,84,2,13,1,0,41,3,4,3,5,1,6,11,8,3,5,10,4,2,6,23,2,2,0,26,10,3,22,1,3,6,3,2,32,3,1,19,2,1,2,14,7,1,150,2,1,3,15,5,2,5,1,1,11,6,5,5,4,2,3,38,1,15,10,5,21,55
5,1,0,1,1,0,0,1,0,0,1,0,0,0,1,1,1,2,0,2,8,0,5,0,1,2,8,32,1,0,0,0,1,2,17,0,0,0,0,2,0,0,1,32,0,0,2,0,0,5,0,8,18,7,0,0,0,0,0,0,3,0,0,18,0,0,1,0,0,0,0,0,0,0,0,3,5
3,5,0,3,2,0,1,2,6,0,2,2,0,0,1,2,1,2,1,12,10,1,28,3,3,13,21,25,7,11,0,1,8,6,55,2,1,10,0,10,0,3,0,46,2,2,15,4,2,6,2,17,9,15,0,0,0,0,5,4,1,1,0,16,5,0,4,3,1,0,0,0,0,0,1,1,10
0,0,0,1,0,0,0,0,2,0,1,2,0,0,1,1,0,1,0,1,1,0,3,0,0,1,3,8,1,1,0,0,0,1,8,1,0,3,0,2,0,0,0,12,0,0,1,1,1,2,1,4,5,8,0,0,0,0,2,0,0,0,0,6,1,0,0,2,0,0,0,0,0,0,0,0,7
0,17,2,3,12,7,1,2,13,11,178,3,54,21,0,66,10,2,13,9,1,14,24,15,7,14,14,2,4,4,48,3,6,0,41,6,15,47,13,7,38,9,2,53,1,1,23,2,0,3,40,12,0,272,11,12,10,9,6,3,0,9,1,17,1,13,4,0,2,34,105,9,18,3,1,18,79
0,2,0,0,1,0,0,0,0,0,2,0,0,0,0,1,1,3,0,0,0,0,2,0,0,1,0,1,0,1,0,0,0,0,5,1,2,2,0,0,0,0,1,4,0,0,3,0,1,0,1,1,1,9,0,0,1,0,1,1,2,1,0,1,0,0,1,0,0,0,0,0,0,0,0,2,6
1,0,0,0,0,0,0,0,0,0,2,0,1,0,0,1,0,1,0,0,1,1,1,1,0,0,1,2,0,0,0,0,0,0,3,0,0,1,1,1,0,0,0,3,0,0,0,0,1,1,1,2,1,4,1,0,0,0,0,0,0,0,0,2,0,0,0,0,0,1,1,0,0,0,0,0,2
0,1,3,0,4,6,0,0,2,2,89,2,14,4,0,19,1,2,2,0,0,2,1,2,0,0,2,1,0,0,48,2,0,0,7,0,1,5,2,0,9,0,0,6,0,0,5,0,0,2,5,2,0,114,0,1,1,36,0,0,0,1,0,2,2,5,2,0,0,4,65,0,6,1,0,6,19
0,0,0,0,0,0,0,0,0,0,0,0,0,0,0,0,0,2,0,0,0,0,2,2,0,1,0,7,1,1,0,0,0,0,5,0,0,4,0,1,0,0,2,12,0,2,1,0,0,0,0,3,5,4,0,0,0,0,4,0,0,0,0,7,1,0,0,0,0,0,0,0,0,0,0,0,4
4,0,0,1,0,0,0,1,0,0,0,0,0,0,1,0,0,0,0,2,8,0,4,0,1,2,8,14,1,0,0,0,1,2,12,0,0,0,0,2,0,0,0,14,0,0,0,0,0,4,0,6,6,3,0,0,0,0,0,0,3,0,0,6,0,0,0,0,0,0,0,0,0,0,0,3,3
0,0,2,0,0,0,0,0,0,0,4,0,2,0,0,2,0,0,0,0,0,0,0,0,0,0,0,0,0,0,0,0,0,0,0,0,0,0,0,0,0,0,0,0,0,0,0,0,0,0,0,0,0,7,0,0,0,0,0,0,1,0,0,0,0,2,0,0,0,0,2,0,2,0,0,3,3
1,0,1,2,0,1,1,0,2,0,15,0,4,2,0,6,0,5,2,2,1,1,3,2,0,0,3,12,0,1,5,0,0,0,11,1,0,4,1,3,3,2,3,17,0,1,2,1,1,1,3,7,11,29,0,1,0,2,1,0,5,0,0,14,2,1,0,0,1,2,9,2,2,1,0,7,14
2,0,0,1,0,0,0,0,0,0,0,0,0,0,1,0,0,1,0,1,3,0,1,0,0,0,3,11,0,0,0,0,0,1,5,0,0,0,0,1,0,0,1,11,0,0,0,0,0,2,0,4,6,1,0,0,0,0,0,0,1,0,0,6,0,0,0,0,0,0,0,0,0,0,0,1,1
0,0,0,3,0,0,4,0,4,0,7,1,0,0,0,7,0,1,4,3,1,0,3,1,0,0,6,3,0,1,0,1,0,0,11,5,0,7,0,3,0,3,1,11,0,1,1,0,0,2,5,6,1,20,0,0,0,0,2,0,2,0,0,2,0,0,1,0,0,0,0,3,1,1,0,3,13
4,0,0,1,0,0,0,0,0,0,0,0,0,0,1,0,0,0,0,2,6,0,3,0,0,1,6,12,1,0,0,0,1,2,10,0,0,0,0,2,0,0,0,12,0,0,0,0,0,4,0,6,4,0,0,0,0,0,0,0,0,0,0,4,0,0,0,0,0,0,0,0,0,0,0,0,0
0,0,0,1,3,0,1,0,9,0,13,6,3,0,1,10,0,9,4,2,1,1,15,7,4,6,11,7,1,1,0,3,0,1,40,3,0,19,0,5,0,1,3,27,1,6,7,0,5,6,6,16,5,55,3,3,0,0,12,0,12,0,0,12,3,0,4,5,0,3,3,0,3,3,1,17,39
2,5,0,0,3,0,0,0,2,1,14,1,2,0,0,9,2,0,0,1,3,3,1,5,0,0,5,8,0,1,2,0,0,1,7,3,3,12,0,0,2,0,0,21,2,1,7,1,0,3,3,3,0,64,0,0,0,0,7,1,19,1,0,6,0,1,1,1,1,0,4,0,3,2,3,22,47
1,0,0,0,0,0,0,0,0,0,0,0,0,0,0,0,0,0,0,0,1,0,0,0,0,0,1,1,0,0,0,0,0,0,1,0,0,0,0,0,0,0,0,1,0,0,0,0,0,1,0,1,0,0,0,0,0,0,0,0,0,0,0,0,0,0,0,0,0,0,0,0,0,0,0,0,0
2,0,0,1,0,0,0,0,0,0,0,0,0,0,1,0,0,1,0,1,3,0,2,0,0,0,3,12,0,0,0,0,0,1,6,0,0,0,0,2,0,0,0,12,0,0,0,0,1,2,0,4,7,0,0,0,0,0,0,0,0,0,0,7,0,0,0,0,0,0,0,0,0,0,0,0,0
1,0,0,0,0,0,0,0,0,0,0,0,0,0,0,0,0,0,0,0,1,0,0,1,0,0,1,7,0,0,0,0,0,0,1,0,0,1,0,0,0,0,0,8,0,1,0,0,0,1,0,1,5,5,0,0,0,0,1,0,1,0,0,6,0,0,0,0,0,0,0,0,0,0,0,1,5
1,0,0,1,0,0,0,0,0,0,0,0,0,0,1,0,0,4,0,1,3,0,4,0,0,1,3,25,1,0,0,0,0,1,12,0,0,0,0,2,0,0,1,26,0,0,0,0,2,1,0,4,17,2,0,0,0,0,0,0,1,0,0,17,0,0,0,0,0,0,0,0,0,0,0,1,2
0,0,0,1,0,0,0,0,0,0,0,0,0,0,1,0,0,0,0,1,1,0,1,0,0,0,1,4,0,0,0,0,0,1,2,0,0,0,0,1,0,0,0,4,0,0,0,0,0,0,0,1,3,1,0,0,0,0,0,0,1,0,0,3,0,0,0,0,0,0,0,0,0,0,0,1,1
0,0,0,0,0,0,0,0,0,0,0,0,0,0,0,0,0,0,0,0,0,0,0,2,0,0,0,0,0,0,0,0,0,0,0,0,0,2,0,0,0,0,0,2,0,2,0,0,0,0,0,0,0,2,0,0,0,0,2,0,0,0,0,2,0,0,0,0,0,0,0,0,0,0,0,0,2
3,0,0,0,0,0,0,0,0,0,0,0,0,0,0,0,0,0,0,0,3,0,0,0,0,0,3,6,0,0,0,0,0,0,4,0,0,0,0,0,0,0,0,6,0,0,0,0,0,3,0,3,1,0,0,0,0,0,0,0,0,0,0,1,0,0,0,0,0,0,0,0,0,0,0,0,0
0,0,0,0,0,0,0,0,0,0,0,0,0,0,0,0,0,0,0,0,0,0,0,0,0,0,0,0,0,0,0,0,0,0,0,0,0,0,0,0,0,0,0,0,0,0,0,0,0,0,0,0,0,1,0,0,0,0,0,0,0,0,0,0,0,0,0,0,0,0,0,0,0,0,0,0,1
1,1,1,0,1,1,1,1,2,0,25,2,5,2,0,16,0,2,2,0,1,2,4,4,1,2,3,6,1,0,4,2,0,0,9,2,1,8,2,2,2,0,0,14,0,2,4,0,2,3,6,5,4,63,2,1,1,2,2,0,11,0,1,8,3,1,0,0,3,4,9,0,7,6,0,19,37
0,0,0,0,0,0,1,0,2,0,4,1,0,0,0,4,0,0,1,1,0,1,2,3,0,1,2,4,1,0,0,0,1,0,4,2,0,5,0,1,0,1,0,9,0,2,0,0,0,1,2,2,3,13,0,0,0,0,3,0,0,0,0,6,0,0,0,1,0,0,0,1,0,0,1,0,9
0,0,0,0,0,0,0,0,0,0,0,0,0,0,0,0,0,0,0,0,0,0,0,0,0,0,0,0,0,0,0,0,0,0,0,0,0,0,0,0,0,0,0,0,0,0,0,0,0,0,0,0,0,2,0,0,0,0,0,0,1,0,0,0,0,0,0,0,0,0,0,0,0,0,0,1,2
0,3,0,0,3,0,3,0,3,1,23,0,4,0,0,14,1,0,3,2,1,0,2,3,0,0,5,3,0,1,3,0,0,0,8,3,2,9,0,0,3,2,0,15,0,3,6,0,0,0,3,0,1,61,0,0,0,0,6,1,6,1,1,5,0,1,2,0,1,0,7,2,6,4,0,12,32
0,2,0,0,2,0,0,0,1,0,7,0,0,0,0,4,1,2,1,0,2,2,2,3,0,0,3,7,0,3,0,0,0,0,10,2,0,5,0,1,0,0,1,16,0,1,7,2,0,0,3,2,2,17,0,1,0,0,2,0,1,0,1,7,3,0,2,0,1,1,1,0,2,1,2,3,8
0,0,0,3,0,0,0,0,0,0,2,0,1,0,3,1,0,2,0,3,5,0,5,3,0,1,5,8,1,0,0,0,0,3,12,0,0,3,0,4,0,0,1,11,0,3,0,0,1,0,0,5,1,10,0,0,0,0,3,0,2,0,0,4,0,0,0,0,0,0,1,0,0,0,0,2,8
1,1,0,0,0,0,0,1,0,0,0,0,0,0,0,0,0,1,0,0,1,0,3,0,1,2,1,4,1,0,0,0,0,0,5,0,1,1,0,1,0,0,0,5,0,0,1,0,1,1,0,2,3,3,0,0,0,0,1,0,0,0,0,3,0,0,0,0,0,0,0,0,0,0,0,0,3
0,0,0,0,0,0,0,0,0,0,0,0,0,0,0,0,0,0,0,0,0,0,0,1,0,0,0,1,0,0,0,0,0,0,0,0,0,1,0,0,0,0,0,2,0,1,0,0,0,0,0,0,1,4,0,0,0,0,1,0,3,0,0,2,0,0,0,0,0,0,0,0,0,0,0,3,4
0,5,0,0,1,1,1,1,2,0,19,2,4,0,0,9,1,2,1,1,1,1,6,4,1,3,5,7,2,0,4,1,0,0,15,2,5,11,0,2,2,0,1,22,0,3,5,0,0,2,3,5,4,52,0,0,1,2,7,0,5,1,3,8,0,0,0,1,3,0,8,0,3,2,1,8,30
0,0,0,1,0,0,0,0,0,0,0,0,0,0,1,0,0,2,0,1,1,0,1,0,0,0,1,10,0,0,0,0,0,1,5,0,0,0,0,1,0,0,1,10,0,0,0,0,0,0,0,3,7,1,0,0,0,0,0,0,0,0,0,7,0,0,0,0,0,0,0,0,0,0,0,0,1
2,3,0,0,1,0,0,0,0,0,5,0,0,0,0,5,1,0,0,0,3,0,0,2,0,0,5,10,0,2,0,0,0,0,5,2,1,4,0,0,0,0,0,16,0,2,3,0,0,3,2,3,4,18,0,0,1,0,2,2,3,0,0,6,0,0,0,0,0,0,0,0,1,1,0,4,12
0,1,0,0,0,2,0,0,0,1,23,0,6,1,0,8,0,0,0,0,1,1,0,3,0,0,1,2,0,0,7,0,0,0,1,0,1,4,1,0,4,0,0,6,0,2,1,0,0,0,1,0,0,51,0,0,0,3,3,0,7,0,1,3,0,1,0,0,1,1,13,0,3,2,0,10,24
1,0,0,0,0,0,0,0,0,0,0,0,0,0,0,0,0,0,0,0,1,0,0,0,0,0,1,1,0,0,0,0,0,0,1,0,0,0,0,0,0,0,0,1,0,0,0,0,0,1,0,1,0,0,0,0,0,0,0,0,0,0,0,0,0,0,0,0,0,0,0,0,0,0,0,0,0
0,4,1,0,1,0,0,0,0,0,24,0,4,0,0,19,1,0,0,0,0,2,1,7,0,0,0,6,0,1,0,0,0,0,2,4,3,11,0,1,0,0,0,18,0,5,4,1,0,0,5,1,5,74,1,0,3,0,6,1,9,0,1,13,0,1,0,0,1,1,4,0,9,7,2,18,49
0,6,0,2,2,0,2,1,5,0,12,2,3,0,2,8,2,2,4,5,3,1,13,8,3,6,11,7,2,4,0,1,2,2,27,4,4,17,0,4,0,3,0,29,1,6,12,1,2,3,6,8,0,50,1,1,1,0,10,1,9,2,1,9,2,0,4,1,3,1,3,3,1,1,1,10,36
1,0,0,0,0,0,0,0,0,0,1,0,0,0,0,1,0,1,0,0,1,1,1,2,0,0,1,5,0,1,0,0,0,0,3,1,0,2,0,0,0,0,0,8,0,1,1,0,1,1,1,1,3,3,0,0,0,0,1,0,0,0,0,5,0,0,1,0,0,0,0,0,0,0,1,0,2
0,0,0,0,0,0,0,0,0,0,2,0,0,0,0,2,0,0,0,0,0,0,0,0,0,0,0,0,0,0,0,0,0,0,0,0,0,0,0,0,0,0,0,0,0,0,0,0,0,0,0,0,0,5,0,0,0,0,0,0,1,0,0,0,0,0,0,0,0,0,0,0,0,0,0,1,3
1,7,0,1,2,0,1,0,2,0,24,1,5,1,0,17,2,0,1,2,3,2,3,4,0,0,5,8,0,2,1,1,0,1,9,4,5,17,0,2,1,1,0,27,1,2,8,1,0,2,8,4,3,69,2,0,2,0,8,2,8,2,1,8,1,0,0,0,2,3,6,0,5,5,2,13,42
1,0,0,1,0,0,0,0,0,0,0,0,0,0,1,0,0,0,0,2,4,0,3,0,0,1,4,21,1,0,0,0,1,2,7,0,0,0,0,2,0,0,0,21,0,0,0,0,0,1,0,3,11,1,0,0,0,0,0,0,1,0,0,11,0,0,0,0,0,0,0,0,0,0,0,1,1
2,11,0,2,11,9,2,0,14,0,113,3,20,12,0,39,8,0,11,3,2,5,4,5,0,0,17,8,0,2,41,3,0,0,23,6,9,32,3,2,13,3,0,45,4,0,17,0,0,5,28,7,5,198,5,7,8,25,0,1,19,6,2,10,0,0,4,0,3,18,65,3,6,6,1,26,67
0,0,0,0,0,0,0,0,1,0,0,1,0,0,0,0,0,1,0,0,0,0,2,1,0,1,1,0,0,0,0,0,0,0,4,0,0,2,0,0,0,0,0,2,0,1,0,0,1,1,0,1,0,3,0,0,0,0,2,0,0,0,0,1,0,0,0,1,0,0,0,0,0,0,0,0,3
0,1,0,1,1,0,0,0,2,0,6,0,1,1,0,1,1,0,1,2,1,0,4,0,0,1,5,7,0,2,1,0,0,0,10,0,1,3,0,1,1,2,0,12,0,0,4,0,0,2,1,3,6,17,0,1,0,0,2,0,0,1,0,6,0,0,2,1,0,1,3,1,0,0,0,0,5
2,4,0,0,1,0,0,0,1,0,11,0,2,0,0,6,0,0,1,1,4,3,2,7,0,1,5,25,0,1,0,0,1,1,10,2,2,10,1,0,0,0,0,36,0,4,9,0,0,2,4,4,18,44,2,1,0,0,6,0,5,0,0,25,4,0,1,0,1,2,3,0,1,1,2,7,27
0,1,0,0,0,1,0,0,0,1,12,0,3,0,0,6,0,1,0,0,0,1,0,2,0,0,0,2,0,0,2,0,0,0,1,0,1,5,1,0,1,0,0,7,0,1,1,0,0,0,2,0,0,29,2,0,0,1,3,0,5,0,0,2,0,1,0,0,0,2,5,0,4,3,0,9,16
0,1,0,0,0,0,0,0,0,0,0,0,0,0,0,0,0,0,0,0,0,0,0,0,0,0,0,2,0,0,0,0,0,0,0,0,1,1,0,0,0,0,0,3,0,0,1,0,0,0,0,0,1,2,0,0,0,0,1,0,1,0,1,1,0,0,0,0,1,0,0,0,0,0,0,1,2
0,1,0,0,1,1,0,0,0,1,4,0,1,0,0,1,1,0,0,0,0,0,0,0,0,0,0,2,0,0,2,0,0,0,0,0,1,1,0,0,1,0,0,3,0,0,1,0,0,0,0,0,2,9,0,0,0,1,1,0,2,1,0,2,0,1,0,0,0,0,3,0,1,0,0,3,4
6,0,0,2,0,0,0,1,0,0,0,0,0,0,2,0,0,1,0,4,11,0,14,0,6,9,11,25,1,0,0,0,2,4,27,0,0,0,0,3,0,0,1,26,0,0,0,0,0,6,0,10,12,0,0,0,0,0,0,0,0,0,0,13,0,0,0,0,0,0,0,0,0,0,0,0,0
0,0,0,0,0,0,0,0,0,0,0,0,0,0,0,0,0,0,0,0,0,0,0,0,0,0,0,0,0,0,0,0,0,0,0,0,0,0,0,0,0,0,0,0,0,0,0,0,0,0,0,0,0,0,0,0,0,0,0,0,0,0,0,0,0,0,0,0,0,0,0,0,0,0,0,0,0
0,0,16,0,4,3,1,0,11,2,93,6,28,1,0,43,0,6,4,2,0,1,4,2,0,1,11,0,0,0,16,3,1,0,25,1,0,22,1,0,4,2,4,23,1,1,8,0,0,6,10,10,0,166,7,3,0,11,10,0,11,0,0,2,0,18,6,5,0,9,47,0,19,1,0,31,67
0,2,0,0,1,0,0,0,0,0,2,0,0,0,0,2,1,2,0,1,2,0,2,2,0,0,2,11,0,1,0,0,0,1,7,0,0,2,0,0,0,0,0,14,0,2,3,0,1,0,0,0,4,18,0,0,0,0,2,0,5,0,0,6,0,0,1,0,0,0,0,0,1,1,0,6,15
1,0,0,0,0,0,0,0,0,0,0,0,0,0,0,0,0,0,0,0,1,0,0,0,0,0,1,5,0,0,0,0,0,0,1,0,0,0,0,0,0,0,0,5,0,0,0,0,0,1,0,1,4,0,0,0,0,0,0,0,0,0,0,4,0,0,0,0,0,0,0,0,0,0,0,0,0
0,0,0,0,0,0,0,0,0,0,0,0,0,0,0,0,0,0,0,0,0,0,0,0,0,0,0,0,0,0,0,0,0,0,0,0,0,0,0,0,0,0,0,0,0,0,0,0,0,0,0,0,0,0,0,0,0,0,0,0,0,0,0,0,0,0,0,0,0,0,0,0,0,0,0,0,0
0,3,4,0,0,0,0,1,0,1,22,0,5,0,0,15,0,1,0,0,0,2,5,4,3,4,0,3,1,0,1,0,0,0,7,3,2,6,0,1,1,0,0,9,0,2,3,0,1,0,3,1,1,65,0,0,1,0,3,0,11,0,3,5,0,5,0,0,3,0,6,0,9,4,2,20,42
2,4,0,1,3,1,0,1,4,3,26,1,6,0,1,12,2,5,0,4,5,0,12,4,1,5,10,27,2,1,6,0,1,3,30,0,2,14,0,3,5,1,2,42,1,4,8,0,1,4,2,9,13,75,1,0,1,1,10,0,13,1,2,17,1,3,2,2,2,2,13,0,6,3,0,19,43
2,1,0,1,0,0,0,0,0,0,1,0,0,0,1,1,0,3,0,1,4,0,3,1,0,1,4,24,0,0,0,0,0,1,10,0,1,2,0,1,0,0,1,26,0,1,2,0,1,2,0,4,15,7,0,0,0,0,2,0,1,0,0,16,0,0,1,0,0,0,0,0,0,0,0,1,6
7,1,0,1,0,0,0,2,0,0,0,0,0,0,1,0,0,0,0,5,15,0,16,0,5,10,15,35,3,0,0,0,4,5,34,0,0,0,0,4,0,0,0,35,0,0,1,0,0,7,0,11,14,2,0,0,0,0,0,0,1,0,0,14,0,0,0,0,0,0,0,0,0,0,0,1,2
0,8,6,0,5,16,1,0,1,12,156,0,34,5,0,43,4,1,1,0,0,2,0,2,0,0,1,2,0,0,76,0,0,0,2,2,8,13,2,0,20,0,1,15,0,0,10,0,0,0,11,1,1,214,4,0,6,55,2,0,1,4,2,3,1,18,0,0,2,9,111,0,23,4,0,25,52
0,4,1,0,6,9,0,0,3,4,101,1,23,3,0,34,3,1,2,1,1,2,1,4,0,0,4,1,0,0,42,1,0,0,7,4,4,13,1,0,14,1,1,14,2,1,11,0,0,1,9,2,0,157,1,2,4,28,2,0,2,3,1,4,3,5,2,0,2,4,65,0,6,1,1,8,49
8,0,0,4,1,0,0,0,1,0,6,0,2,0,3,3,0,1,1,5,16,1,6,1,0,1,17,37,0,1,0,0,1,4,24,0,0,2,1,4,0,1,1,40,0,0,2,1,0,8,2,13,14,14,2,1,0,0,0,0,3,0,0,16,2,0,0,0,0,2,2,1,1,1,0,4,7
0,3,1,1,2,0,2,0,4,0,33,2,5,0,0,27,2,0,3,1,0,3,1,4,0,0,4,0,0,1,1,2,0,0,5,7,3,12,0,1,1,1,0,13,2,0,4,1,0,2,9,3,0,79,2,1,2,0,1,1,2,2,0,5,0,1,0,0,1,2,6,0,8,7,3,10,43
2,2,0,0,0,0,0,0,0,0,0,0,0,0,0,0,0,0,0,0,3,0,0,0,0,0,4,12,0,1,0,0,0,0,4,0,0,0,0,0,0,0,0,13,0,0,2,0,0,2,0,2,7,0,0,0,0,0,0,1,0,0,1,7,0,0,0,0,1,0,0,0,0,0,0,0,0
2,0,0,0,0,0,0,1,0,0,0,0,0,0,0,0,0,0,0,2,6,0,10,1,4,6,7,20,1,0,0,0,1,2,19,0,0,1,0,2,0,0,0,22,0,1,0,0,0,2,0,4,8,1,0,0,0,0,1,0,0,0,0,9,0,0,0,0,0,0,0,0,0,0,0,0,1
6,0,0,0,0,0,0,0,0,0,0,0,0,0,0,0,0,0,0,2,9,0,3,0,0,1,9,18,1,0,0,0,1,2,12,0,0,0,0,1,0,0,0,18,0,0,0,0,0,6,0,7,8,0,0,0,0,0,0,0,0,0,0,8,0,0,0,0,0,0,0,0,0,0,0,0,0
1,3,0,0,1,0,0,0,0,0,2,0,0,0,0,2,1,3,0,0,1,0,0,2,0,0,1,5,0,1,0,0,0,0,5,0,1,3,0,0,0,0,3,9,1,1,5,1,0,1,0,5,1,9,0,0,0,0,2,0,1,1,0,4,2,0,0,0,1,0,0,0,2,2,0,3,6
1,2,0,0,0,0,0,0,2,1,15,1,3,0,0,11,0,0,0,1,1,1,2,5,0,1,4,3,0,1,1,0,1,0,7,2,1,10,0,0,1,1,0,14,0,4,5,0,0,3,2,3,0,46,0,0,0,0,6,0,2,0,1,5,1,1,1,1,1,0,4,0,5,4,1,7,29
0,1,0,0,2,4,1,0,2,1,55,1,7,1,0,15,1,1,2,0,0,2,0,2,0,0,2,0,0,0,30,1,0,0,3,3,1,7,0,0,4,0,1,7,0,0,2,0,0,1,6,2,0,81,1,1,1,25,0,0,3,1,0,2,0,1,1,0,0,2,38,0,3,2,1,6,22
0,0,0,0,0,1,0,0,0,1,7,0,2,0,0,2,0,2,0,0,0,0,1,0,0,0,0,1,0,0,3,0,0,0,3,0,0,0,0,1,2,0,1,1,0,0,0,0,1,0,0,2,1,10,0,0,0,1,0,0,1,0,0,1,0,1,0,0,0,0,5,0,1,0,0,2,3
1,4,0,1,2,0,0,4,3,0,3,0,0,0,0,3,1,1,0,5,3,0,18,2,5,10,8,13,4,5,0,0,3,2,29,0,1,6,0,6,0,3,0,24,2,2,8,2,1,1,0,7,6,15,0,0,0,0,4,2,0,1,1,10,2,0,2,1,1,0,0,0,1,1,0,1,10
0,0,0,0,0,0,0,0,0,0,0,0,0,0,0,0,0,0,0,1,1,0,1,0,0,0,1,3,0,0,0,0,0,1,2,0,0,0,0,0,0,0,0,3,0,0,0,0,0,0,0,0,2,0,0,0,0,0,0,0,0,0,0,2,0,0,0,0,0,0,0,0,0,0,0,0,0
3,0,0,0,0,0,0,0,0,0,0,0,0,0,0,0,0,0,0,0,4,0,0,0,0,0,4,8,0,0,0,0,0,0,4,0,0,0,0,0,0,0,0,8,0,0,0,0,0,3,0,3,2,1,0,0,0,0,0,0,0,0,0,2,0,0,0,0,0,0,0,0,0,0,0,0,1
0,0,0,0,0,0,0,0,0,0,0,0,0,0,0,0,0,1,0,0,0,0,0,0,0,0,0,0,0,0,0,0,0,0,1,0,0,0,0,0,0,0,1,0,0,0,0,0,0,0,0,1,0,0,0,0,0,0,0,0,0,0,0,0,0,0,0,0,0,0,0,0,0,0,0,0,0
0,0,0,0,0,0,0,0,0,0,0,0,0,0,0,0,0,0,0,0,0,0,0,0,0,0,0,0,0,0,0,0,0,0,0,0,0,0,0,0,0,0,0,0,0,0,0,0,0,0,0,0,0,1,0,0,0,0,0,0,1,0,0,0,0,0,0,0,0,0,0,0,0,0,0,1,1
1,0,0,0,0,0,0,1,0,0,0,0,0,0,0,0,0,1,0,1,2,0,5,0,2,3,2,14,1,1,0,0,0,1,8,0,0,0,0,1,0,0,0,15,0,0,2,1,1,1,0,2,9,4,0,0,0,0,0,0,4,0,0,10,1,0,1,0,1,0,0,0,0,0,0,4,4
0,3,0,1,0,9,1,0,4,6,63,3,12,3,0,25,0,1,3,1,0,5,4,8,0,1,4,4,1,0,25,2,0,0,10,8,2,20,2,2,10,1,0,24,0,3,3,0,1,3,13,5,1,112,2,2,0,15,6,0,8,0,2,9,0,6,0,1,2,5,37,1,9,3,3,17,47
0,0,0,0,0,0,0,0,0,0,0,0,0,0,0,0,0,1,0,0,0,0,0,0,0,0,0,2,0,0,0,0,0,0,1,0,0,0,0,0,0,0,0,2,0,0,0,0,0,0,0,0,1,0,0,0,0,0,0,0,0,0,0,1,0,0,0,0,0,0,0,0,0,0,0,0,0
1,4,0,0,1,0,0,1,2,0,6,0,2,0,0,4,1,4,0,2,2,0,4,2,1,2,4,17,1,4,0,0,1,0,13,0,2,8,0,1,0,2,3,30,1,2,10,3,0,1,2,5,12,28,2,0,1,0,5,2,9,1,1,18,3,0,2,1,4,2,2,0,2,2,0,11,21
2,0,0,0,0,0,0,0,1,0,0,0,0,0,0,0,0,0,0,0,2,0,0,0,0,0,3,7,0,0,0,0,0,0,3,0,0,2,0,0,0,0,0,9,0,0,1,0,0,2,0,2,1,4,0,0,0,0,2,0,2,0,0,1,0,0,1,1,1,0,0,0,0,0,0,2,4
1,1,1,1,0,0,0,0,1,0,6,1,2,0,1,4,0,3,0,2,5,1,3,1,0,1,8,19,0,1,0,0,1,2,14,2,0,3,0,1,0,0,1,24,0,0,2,0,0,4,2,6,11,15,0,0,0,0,0,0,2,0,1,12,0,1,1,0,1,0,2,0,1,0,1,3,8
2,0,0,0,0,0,0,0,1,0,0,1,0,0,0,0,0,0,0,0,2,0,0,2,0,0,3,3,0,0,0,0,0,0,3,0,0,3,0,0,0,0,0,6,0,2,0,0,0,3,0,3,1,5,0,0,0,0,3,0,0,0,0,3,0,0,0,1,0,0,0,0,0,0,0,0,5
0,1,0,0,0,1,0,0,1,0,7,0,1,1,0,3,0,0,1,1,0,1,2,1,0,1,1,5,1,1,3,0,1,0,3,1,0,2,0,1,1,1,0,8,0,0,3,0,0,0,2,1,5,12,0,1,0,2,0,0,0,0,0,6,1,0,0,0,0,1,4,1,0,0,1,0,4
0,1,0,1,0,2,1,0,2,1,20,0,4,1,0,8,0,0,2,1,0,2,1,2,0,0,2,3,0,1,7,0,0,0,3,3,1,6,0,1,3,1,0,10,0,0,1,1,0,0,6,1,3,30,1,1,1,4,0,1,0,0,0,6,0,1,0,0,0,2,11,1,1,0,2,1,9
0,0,0,0,0,0,0,0,0,0,0,0,0,0,0,0,0,1,0,0,0,0,0,0,0,0,0,4,0,0,0,0,0,0,1,0,0,0,0,0,0,0,1,4,0,0,0,0,0,0,0,1,4,1,0,0,0,0,0,0,0,0,0,4,0,0,0,0,0,0,0,0,0,0,0,0,1
0,0,0,0,0,0,0,0,0,0,0,0,0,0,0,0,0,2,0,0,0,0,3,1,0,1,0,3,1,0,0,0,0,0,5,0,0,1,0,2,0,0,0,4,0,1,0,0,2,0,0,2,2,1,0,0,0,0,1,0,0,0,0,3,0,0,0,0,0,0,0,0,0,0,0,0,1
0,1,1,0,0,2,0,0,0,1,14,0,3,1,0,7,0,0,0,0,0,0,0,0,0,0,0,0,0,0,4,0,0,0,0,0,1,1,0,0,2,0,0,1,0,0,1,0,0,0,1,0,0,36,0,0,1,2,0,0,0,0,0,0,0,2,0,0,0,1,7,0,5,3,0,5,21
0,0,0,0,0,0,0,0,0,0,0,0,0,0,0,0,0,1,0,1,1,0,1,0,0,0,1,1,0,0,0,0,0,1,3,0,0,0,0,0,0,0,1,1,0,0,0,0,0,0,0,1,0,1,0,0,0,0,0,0,0,0,0,0,0,0,0,0,0,0,0,0,0,0,0,0,1
0,0,0,0,0,0,0,0,0,0,0,0,0,0,0,0,0,0,0,0,0,0,0,0,0,0,0,2,0,0,0,0,0,0,0,0,0,0,0,0,0,0,0,2,0,0,0,0,0,0,0,0,1,0,0,0,0,0,0,0,0,0,0,1,0,0,0,0,0,0,0,0,0,0,0,0,0
1,0,0,0,0,0,0,0,1,0,7,1,1,0,0,6,0,1,0,2,3,1,5,1,0,2,4,6,2,0,0,0,2,2,11,2,0,6,0,3,0,0,0,12,0,0,1,0,1,2,2,5,1,20,0,0,0,0,3,0,0,0,0,2,1,0,0,1,1,0,1,0,0,0,1,0,12
1,20,1,0,11,5,1,0,9,5,101,3,23,7,0,53,9,4,5,3,2,3,4,6,0,0,13,3,0,4,18,1,0,0,23,8,18,33,0,1,13,3,1,42,5,2,28,2,1,5,21,7,0,188,5,4,13,5,6,2,2,9,1,8,2,6,5,1,1,12,43,1,12,6,3,15,72
1,0,0,0,0,0,0,0,0,0,0,0,0,0,0,0,0,0,0,0,1,0,0,0,0,0,1,2,0,0,0,0,0,0,1,0,0,0,0,0,0,0,0,2,0,0,0,0,0,1,0,1,1,0,0,0,0,0,0,0,0,0,0,1,0,0,0,0,0,0,0,0,0,0,0,0,0
1,5,1,0,11,2,1,2,7,1,50,3,11,2,0,19,5,1,4,4,1,3,18,5,7,12,9,10,3,2,10,1,3,0,33,3,4,17,0,3,7,3,0,30,2,1,14,1,1,4,10,7,6,100,2,3,2,3,5,0,5,4,0,12,1,2,2,2,0,6,23,2,4,1,2,9,37
1,0,0,0,0,0,0,0,0,0,0,0,0,0,0,0,0,0,0,0,1,0,0,0,0,0,1,2,0,0,0,0,0,0,1,0,0,0,0,0,0,0,0,2,0,0,0,0,0,1,0,1,1,0,0,0,0,0,0,0,0,0,0,1,0,0,0,0,0,0,0,0,0,0,0,0,0
0,0,0,0,0,0,0,0,0,0,1,0,0,0,0,1,0,0,0,0,0,0,2,0,0,1,0,11,1,0,0,0,0,0,3,1,0,2,0,1,0,0,0,13,0,0,0,0,0,0,1,1,10,3,0,0,0,0,1,0,0,0,0,10,0,0,0,0,0,0,0,0,0,0,0,0,2
1,0,0,0,0,0,0,0,0,0,0,0,0,0,0,0,0,2,0,0,1,0,2,0,0,1,1,1,0,0,0,0,0,0,5,0,0,0,0,0,0,0,1,1,0,0,0,0,1,1,0,2,0,1,0,0,0,0,0,0,0,0,0,0,0,0,0,0,0,0,0,0,0,0,0,0,1
