sherlock -1 holmes -1 #SUP: 31 #SID: 0 44 67 87 95 170 218 277 407 431 503 601 715 740 748 754 768 770 788 982 1027 1033 1216 1665 1816 2295 2342 2443 2462 2486 2494
was -1 the -1 #SUP: 33 #SID: 267 272 302 304 305 342 395 555 556 672 747 754 952 1113 1283 1416 1501 1537 1587 1595 1603 1650 1823 1845 2004 2081 2103 2206 2347 2448 2699 2731 2774
was -1 a -1 #SUP: 68 #SID: 2 68 69 120 132 189 231 265 288 402 455 576 628 743 744 756 821 831 845 858 884 892 907 918 932 933 969 984 1009 1010 1017 1091 1405 1447 1453 1469 1480 1524 1537 1541 1565 1587 1598 1641 1648 1743 1869 1879 1892 1928 1943 1958 1993 2047 2088 2205 2380 2488 2490 2519 2547 2583 2615 2729 2751 2757 2772 2831
in -1 the -1 #SUP: 235 #SID: 0 6 42 56 58 60 68 74 98 124 131 132 139 143 158 159 166 195 198 223 239 255 265 269 290 297 316 340 351 361 366 372 381 383 388 389 399 403 433 436 474 475 489 496 498 511 540 559 562 565 568 586 596 601 602 606 623 631 644 667 698 721 722 737 789 791 795 812 837 839 849 892 908 910 930 936 942 951 954 958 962 965 966 968 971 977 991 993 1022 1025 1033 1071 1074 1103 1109 1111 1137 1149 1157 1160 1174 1231 1243 1256 1258 1267 1287 1301 1303 1305 1313 1326 1357 1365 1370 1390 1396 1398 1409 1432 1474 1479 1485 1486 1491 1505 1513 1539 1542 1549 1551 1555 1557 1601 1611 1614 1616 1621 1622 1626 1634 1636 1649 1652 1657 1664 1688 1708 1746 1750 1757 1778 1780 1784 1877 1915 1922 1923 1930 1950 1971 1975 1993 2043 2047 2063 2064 2082 2083 2100 2112 2117 2129 2132 2144 2149 2151 2163 2198 2205 2219 2230 2249 2257 2258 2313 2349 2375 2376 2400 2404 2425 2489 2499 2500 2504 2514 2538 2546 2564 2583 2586 2592 2597 2605 2617 2618 2638 2639 2650 2651 2659 2675 2703 2711 2714 2715 2725 2726 2732 2740 2753 2760 2762 2786 2788 2795 2803 2807 2834 2836 2852 2874 2890 2902
in -1 a -1 #SUP: 65 #SID: 18 40 70 129 155 292 469 474 475 532 537 601 618 623 703 743 823 831 837 846 871 885 887 919 944 1010 1021 1124 1214 1344 1384 1391 1421 1435 1444 1505 1526 1614 1673 1722 1745 1812 1849 1909 1921 1923 1979 2047 2060 2061 2164 2202 2293 2327 2359 2547 2559 2570 2587 2654 2689 2783 2823 2827 2872
in -1 his -1 #SUP: 57 #SID: 44 61 127 190 216 234 266 327 343 389 399 403 537 619 840 862 1023 1083 1167 1251 1260 1266 1309 1329 1332 1367 1422 1459 1462 1463 1479 1587 1623 1631 1707 1788 1971 2096 2225 2252 2304 2316 2380 2383 2387 2482 2543 2569 2631 2706 2707 2757 2761 2830 2844 2865 2891
in -1 my -1 #SUP: 33 #SID: 54 58 110 219 326 357 427 502 513 783 831 1086 1093 1352 1375 1441 1587 1642 1662 1666 1858 1885 1970 2039 2068 2087 2097 2126 2176 2218 2228 2430 2743
in -1 this -1 #SUP: 30 #SID: 26 33 56 154 357 436 460 523 624 635 1219 1240 1246 1323 1325 1345 1457 1472 1721 1814 1829 1954 2074 2114 2135 2355 2671 2714 2838 2894
the -1 man -1 #SUP: 47 #SID: 9 27 32 67 98 106 138 142 150 384 386 389 535 555 733 741 900 1363 1374 1495 1565 1649 1688 1714 1732 1733 1779 1946 2059 2074 2136 2152 2183 2226 2247 2267 2279 2310 2347 2348 2377 2577 2640 2740 2825 2849 2870
the -1 old -1 #SUP: 33 #SID: 305 313 631 665 721 885 928 950 976 1026 1149 1257 1278 1282 1493 1807 1846 1983 1985 2004 2047 2105 2381 2486 2650 2765 2779 2783 2793 2795 2811 2820 2897
the -1 matter -1 #SUP: 35 #SID: 246 316 317 320 324 468 621 707 719 1022 1023 1033 1039 1261 1287 1309 1393 1436 1456 1470 1471 1551 1657 1745 1759 1888 1925 1975 1981 2115 2129 2136 2255 2404 2743
the -1 hound -1 #SUP: 31 #SID: 129 163 511 1085 1203 1592 1603 1688 2187 2257 2258 2328 2329 2338 2362 2378 2598 2602 2636 2664 2693 2707 2725 2749 2799 2803 2811 2843 2852 2859 2890
the -1 same -1 #SUP: 35 #SID: 130 193 251 270 289 297 545 609 667 813 913 930 978 997 1019 1145 1383 1483 1491 1539 1562 1627 1628 1630 1713 1750 1786 1872 1997 2116 2249 2361 2588 2752 2872
the -1 moor -1 #SUP: 137 #SID: 139 143 152 153 155 161 167 202 206 226 234 268 269 287 290 331 358 362 386 393 424 515 795 820 834 835 847 857 869 984 1014 1023 1039 1047 1049 1050 1061 1067 1080 1084 1092 1098 1105 1112 1113 1126 1134 1140 1150 1164 1176 1199 1210 1220 1232 1235 1238 1254 1282 1285 1301 1340 1357 1359 1375 1385 1387 1388 1397 1400 1512 1533 1548 1574 1579 1584 1601 1611 1616 1655 1661 1668 1671 1677 1684 1688 1704 1715 1723 1792 1803 1824 1832 1836 1849 1852 1857 1942 1945 1948 1988 1992 2038 2054 2071 2096 2126 2130 2163 2175 2189 2199 2219 2258 2261 2268 2273 2284 2288 2290 2293 2311 2362 2403 2412 2423 2424 2516 2561 2565 2575 2728 2729 2730 2775 2864 2873
the -1 house -1 #SUP: 30 #SID: 143 269 387 886 891 905 931 954 959 965 984 1151 1378 1671 1915 2019 2081 2349 2377 2528 2532 2548 2560 2565 2568 2571 2635 2638 2639 2687
the -1 baronet -1 #SUP: 37 #SID: 505 708 959 1245 1260 1367 1376 1423 1425 1487 1497 1515 1578 1582 1587 1649 1673 1709 1714 1737 1819 1859 2251 2344 2349 2357 2406 2419 2439 2541 2687 2764 2769 2799 2828 2841 2887
upon -1 the -1 #SUP: 130 #SID: 1 22 65 72 115 136 141 145 149 154 155 159 160 234 259 287 331 341 362 412 422 439 467 478 508 515 634 643 786 790 795 807 827 853 910 923 943 950 958 1023 1024 1040 1047 1092 1111 1113 1126 1150 1210 1232 1235 1261 1301 1333 1359 1375 1387 1479 1568 1579 1611 1612 1634 1639 1640 1653 1668 1671 1677 1684 1692 1704 1769 1775 1780 1785 1824 1849 1852 1857 1860 1942 1946 1948 1950 1992 1996 2001 2019 2041 2056 2064 2071 2096 2106 2125 2126 2144 2148 2163 2194 2199 2205 2209 2219 2258 2261 2288 2290 2371 2379 2395 2428 2516 2530 2569 2588 2593 2618 2655 2696 2707 2729 2743 2754 2757 2799 2811 2864 2873
upon -1 the -1 moor -1 #SUP: 44 #SID: 155 234 287 331 515 795 1023 1047 1092 1113 1126 1150 1210 1232 1235 1359 1375 1387 1611 1668 1677 1684 1704 1824 1849 1852 1857 1942 1948 1992 2071 2096 2126 2163 2199 2219 2258 2261 2288 2290 2516 2729 2864 2873
he -1 was -1 #SUP: 85 #SID: 0 42 69 70 120 132 138 190 198 236 265 266 293 385 389 481 564 578 602 623 674 743 744 756 767 772 773 839 859 918 991 993 1010 1200 1259 1330 1368 1400 1411 1417 1450 1466 1467 1495 1541 1543 1549 1550 1634 1648 1652 1729 1738 1743 1823 1837 1844 1845 1846 1863 1892 1896 1914 1949 2022 2095 2126 2133 2149 2242 2347 2368 2415 2488 2510 2548 2599 2630 2751 2757 2762 2795 2818 2829 2865
he -1 had -1 #SUP: 65 #SID: 17 59 99 149 150 162 232 234 245 276 299 332 508 556 563 603 773 972 1200 1309 1310 1334 1335 1357 1364 1423 1454 1462 1466 1468 1511 1653 1743 1769 1845 1949 2070 2088 2096 2189 2211 2241 2251 2262 2279 2342 2494 2503 2608 2676 2688 2691 2715 2732 2754 2757 2766 2768 2776 2782 2794 2795 2811 2814 2897
he -1 is -1 #SUP: 39 #SID: 64 300 353 581 612 655 665 684 993 1020 1033 1137 1250 1267 1293 1298 1299 1301 1372 1379 1540 1561 1577 1694 1703 1715 1719 1723 1844 1989 1990 1992 2170 2228 2340 2406 2430 2436 2462
he -1 has -1 #SUP: 44 #SID: 12 13 237 352 440 555 612 691 1034 1233 1234 1239 1249 1268 1273 1294 1295 1301 1439 1445 1463 1465 1532 1551 1710 1756 1767 1777 1789 1822 1846 1892 2119 2121 2148 2195 2293 2314 2316 2403 2478 2668 2670 2838
he -1 would -1 #SUP: 33 #SID: 141 234 313 469 603 685 686 841 1170 1211 1260 1302 1373 1374 1442 1470 1548 1727 1862 1930 2219 2258 2426 2439 2488 2677 2736 2788 2795 2817 2861 2888 2907
all -1 the -1 #SUP: 34 #SID: 14 113 141 220 245 254 315 374 641 698 813 867 929 976 996 1005 1181 1358 1502 1515 1611 1658 1694 1923 2011 2093 2099 2105 2240 2347 2361 2378 2743 2867
at -1 the -1 #SUP: 113 #SID: 0 36 123 124 138 142 155 178 179 204 206 211 219 242 246 252 254 255 258 269 328 333 373 384 392 514 550 583 601 603 645 667 701 713 725 733 773 799 812 820 831 886 910 990 991 1027 1086 1094 1103 1153 1206 1256 1277 1313 1339 1352 1395 1397 1425 1496 1525 1537 1538 1615 1628 1630 1666 1699 1713 1738 1748 1789 1836 1848 1855 1857 1872 1877 1904 1919 1928 1936 1940 1949 1997 2017 2035 2075 2082 2119 2173 2179 2384 2405 2410 2427 2430 2439 2447 2526 2546 2576 2588 2597 2620 2635 2652 2757 2798 2813 2822 2859 2876
i -1 was -1 #SUP: 74 #SID: 5 18 25 28 74 119 219 225 243 246 253 451 511 549 559 708 743 757 779 831 845 962 1026 1111 1136 1140 1175 1179 1201 1313 1326 1351 1392 1407 1408 1411 1424 1432 1448 1453 1455 1458 1466 1506 1507 1545 1713 1787 1869 1877 1958 2099 2102 2103 2105 2125 2196 2286 2288 2291 2363 2382 2400 2425 2482 2585 2603 2623 2735 2736 2862 2866 2867 2870
i -1 had -1 #SUP: 90 #SID: 4 17 18 68 74 92 129 219 224 237 241 278 343 419 503 579 673 704 779 928 987 1037 1113 1119 1156 1179 1183 1344 1364 1367 1368 1369 1392 1394 1398 1406 1429 1447 1448 1496 1543 1579 1632 1649 1708 1769 1782 1786 1856 1859 1866 1867 1878 1914 1923 1928 1936 1946 1958 1971 1975 1984 1985 2011 2058 2064 2071 2087 2099 2121 2133 2134 2135 2189 2287 2345 2351 2363 2381 2405 2424 2514 2549 2550 2671 2736 2840 2859 2872 2873
i -1 have -1 #SUP: 136 #SID: 6 24 45 89 108 110 129 151 164 222 234 285 289 291 292 309 324 331 356 380 381 446 478 489 498 502 505 524 532 555 561 565 579 581 635 641 646 687 732 737 738 791 826 926 1018 1022 1024 1026 1052 1073 1115 1126 1132 1181 1193 1211 1212 1213 1232 1240 1249 1266 1268 1290 1308 1315 1320 1323 1325 1333 1347 1352 1370 1379 1382 1388 1474 1476 1478 1554 1577 1642 1657 1665 1666 1678 1681 1684 1693 1694 1712 1816 1817 1829 1830 1853 1879 1882 1884 1912 1922 1926 1962 1964 1977 1992 2013 2014 2015 2114 2117 2173 2217 2265 2292 2300 2332 2334 2350 2351 2365 2399 2403 2405 2419 2430 2466 2523 2551 2671 2692 2741 2843 2851 2868 2909
i -1 think -1 #SUP: 40 #SID: 9 11 32 54 109 378 392 439 484 486 488 508 637 645 962 1174 1453 1560 1593 1760 1794 2114 2184 2262 2308 2342 2359 2364 2376 2404 2410 2436 2437 2450 2494 2508 2534 2571 2575 2908
i -1 could -1 #SUP: 71 #SID: 9 256 277 284 359 444 446 497 576 710 764 774 892 991 1046 1113 1121 1153 1162 1177 1225 1314 1331 1335 1338 1344 1353 1366 1398 1406 1407 1419 1424 1453 1512 1536 1625 1643 1699 1732 1785 1858 1903 1914 1915 1919 1931 1942 1953 1984 1990 2002 2017 2099 2106 2117 2139 2174 2206 2265 2269 2286 2335 2368 2477 2504 2515 2537 2671 2685 2861
i -1 can -1 #SUP: 30 #SID: 11 32 239 333 453 627 635 701 782 810 906 967 1036 1065 1139 1169 1227 1360 1458 1734 1740 1813 1818 1825 1855 2362 2376 2404 2643 2749
i -1 should -1 #SUP: 51 #SID: 13 44 225 268 297 316 338 392 407 526 568 569 582 700 733 764 923 982 1044 1047 1055 1093 1138 1170 1300 1387 1403 1439 1454 1456 1655 1658 1734 1735 1751 1834 1888 1930 1948 1949 1951 1959 2004 2039 2126 2130 2273 2350 2425 2490 2494
i -1 am -1 #SUP: 77 #SID: 14 17 24 54 73 87 96 101 103 120 222 386 408 474 502 518 528 542 561 617 631 641 693 963 1012 1016 1033 1037 1039 1079 1162 1164 1170 1185 1187 1225 1263 1268 1325 1351 1352 1386 1387 1390 1407 1464 1551 1562 1596 1600 1605 1666 1674 1683 1693 1696 1712 1768 1815 1885 1900 1927 1975 1979 1990 2111 2129 2139 2216 2314 2356 2410 2444 2601 2742 2784 2835
i -1 saw -1 #SUP: 31 #SID: 227 241 255 546 559 914 946 1061 1063 1399 1402 1415 1445 1640 1692 1901 2023 2048 2063 2105 2106 2179 2193 2268 2400 2415 2459 2503 2546 2549 2656
and -1 the -1 #SUP: 122 #SID: 44 56 57 122 123 140 147 150 152 162 190 210 232 244 248 269 313 390 403 406 414 449 450 474 476 477 534 550 631 642 784 837 864 867 872 875 885 891 906 931 936 946 955 984 997 1057 1075 1116 1150 1221 1222 1239 1242 1253 1275 1408 1488 1491 1500 1512 1537 1542 1556 1572 1611 1616 1639 1671 1688 1740 1747 1780 1783 1807 1819 1879 1955 1958 2040 2044 2045 2078 2082 2111 2121 2125 2136 2146 2205 2226 2264 2277 2328 2375 2377 2381 2384 2402 2412 2453 2516 2527 2534 2544 2561 2564 2567 2568 2595 2602 2617 2624 2649 2664 2742 2748 2755 2806 2833 2870 2871 2902
and -1 he -1 #SUP: 54 #SID: 28 43 71 72 141 602 612 622 756 764 767 772 773 1011 1018 1102 1261 1294 1298 1309 1411 1430 1467 1495 1505 1540 1561 1652 1715 1722 1724 1790 1819 1892 2096 2293 2335 2340 2383 2401 2489 2495 2548 2554 2610 2709 2756 2762 2788 2814 2818 2820 2892 2893
and -1 i -1 #SUP: 103 #SID: 4 17 130 167 285 498 513 528 582 708 722 812 821 838 906 909 921 938 957 963 967 1024 1026 1033 1039 1055 1113 1178 1195 1198 1201 1212 1244 1263 1268 1300 1335 1365 1367 1369 1402 1456 1459 1464 1509 1538 1683 1684 1694 1696 1708 1737 1759 1780 1793 1820 1848 1855 1866 1930 2028 2039 2044 2063 2114 2117 2148 2179 2183 2189 2265 2268 2269 2284 2288 2309 2314 2323 2334 2359 2363 2364 2374 2376 2397 2405 2410 2421 2459 2503 2515 2524 2549 2581 2585 2595 2625 2684 2687 2730 2731 2862 2901
and -1 it -1 #SUP: 32 #SID: 184 204 245 326 387 468 502 958 1135 1244 1262 1375 1377 1445 1469 1568 1601 1637 1745 1748 1896 1924 1979 2115 2210 2399 2498 2553 2616 2645 2725 2843
and -1 a -1 #SUP: 37 #SID: 71 84 189 231 298 402 549 671 733 741 761 773 776 1067 1251 1400 1442 1609 1674 1900 2062 2063 2089 2119 2145 2186 2385 2398 2427 2502 2605 2653 2698 2716 2759 2803 2891
and -1 his -1 #SUP: 39 #SID: 70 121 137 178 190 256 262 266 351 464 522 667 668 697 790 839 840 925 1100 1187 1340 1426 1459 1535 1582 1653 1881 1891 2005 2096 2145 2213 2279 2345 2381 2587 2671 2756 2763
and -1 we -1 #SUP: 31 #SID: 376 398 412 647 762 765 777 786 842 848 921 938 976 1048 1165 1347 1481 1484 1487 1555 1608 2131 2323 2327 2398 2436 2584 2668 2693 2830 2910
and -1 that -1 #SUP: 56 #SID: 29 130 205 246 290 297 316 589 743 792 810 1026 1037 1260 1308 1351 1401 1407 1443 1447 1448 1455 1460 1462 1466 1508 1536 1541 1545 1660 1823 1877 1923 1943 1963 1968 2105 2126 2152 2247 2326 2332 2486 2488 2490 2609 2736 2750 2754 2757 2765 2781 2838 2840 2888 2894
and -1 yet -1 #SUP: 36 #SID: 42 293 312 314 403 440 461 839 948 949 961 967 1065 1081 1155 1162 1266 1324 1380 1404 1407 1442 1483 1601 1693 1771 1937 1998 2082 2086 2113 2174 2186 2495 2515 2769
which -1 he -1 #SUP: 36 #SID: 100 198 236 245 248 265 338 556 603 1200 1201 1210 1234 1283 1301 1357 1483 1495 1767 1885 1919 1925 2209 2211 2225 2340 2426 2713 2725 2732 2757 2760 2794 2795 2888 2891
which -1 i -1 #SUP: 51 #SID: 17 24 44 222 234 242 245 280 349 444 446 576 579 631 641 694 1036 1152 1202 1230 1232 1353 1364 1382 1398 1407 1474 1579 1649 1665 1666 1693 1769 1782 1785 1818 1856 1901 1936 1956 1979 1984 2064 2121 2135 2293 2430 2485 2545 2692 2749
had -1 been -1 #SUP: 48 #SID: 144 180 196 201 243 299 419 423 571 602 606 720 734 868 878 956 976 997 1003 1113 1176 1356 1564 1713 1769 1932 1945 1954 1984 2063 2071 2105 2125 2135 2181 2206 2486 2609 2649 2650 2651 2691 2718 2732 2738 2813 2871 2900
it -1 was -1 #SUP: 159 #SID: 2 3 82 101 160 185 204 209 244 245 247 268 273 288 340 342 395 412 413 453 455 523 555 556 576 623 628 644 688 813 845 867 884 907 933 948 952 958 961 963 971 972 976 977 984 996 1009 1046 1081 1091 1140 1157 1188 1195 1244 1254 1259 1260 1262 1289 1315 1329 1331 1361 1375 1401 1409 1410 1445 1446 1448 1455 1466 1467 1468 1469 1478 1480 1483 1501 1524 1536 1537 1563 1587 1593 1594 1595 1598 1601 1606 1616 1637 1641 1646 1651 1711 1714 1735 1739 1745 1747 1755 1769 1812 1823 1861 1879 1882 1896 1924 1925 1932 1939 1993 2001 2004 2017 2069 2072 2115 2126 2129 2201 2205 2249 2250 2308 2330 2382 2385 2519 2552 2586 2590 2606 2615 2616 2651 2676 2686 2699 2725 2727 2729 2731 2739 2774 2778 2781 2801 2821 2829 2852 2860 2861 2864 2884 2887
it -1 is -1 #SUP: 145 #SID: 12 45 56 59 86 95 107 113 123 124 162 164 178 181 184 211 213 279 290 297 322 333 346 347 355 379 381 427 433 443 468 473 477 483 491 498 506 520 543 561 571 592 635 646 676 700 702 707 716 816 833 867 922 959 961 995 1021 1022 1028 1049 1052 1064 1079 1085 1101 1108 1148 1174 1206 1210 1217 1229 1235 1246 1276 1279 1295 1304 1333 1358 1372 1377 1407 1472 1508 1514 1515 1517 1520 1531 1543 1560 1592 1594 1601 1656 1658 1672 1679 1681 1693 1831 1849 1885 1888 1961 2009 2090 2116 2117 2130 2146 2168 2172 2218 2235 2247 2257 2276 2279 2290 2332 2361 2362 2392 2393 2420 2424 2468 2498 2502 2557 2614 2664 2670 2705 2706 2816 2836 2843 2844 2848 2852 2857 2901
a -1 very -1 #SUP: 42 #SID: 11 69 365 455 506 543 601 611 716 743 793 823 830 919 921 939 1021 1072 1092 1187 1230 1242 1246 1249 1325 1381 1465 1722 1877 1892 1900 1921 1925 1983 1987 2121 2138 2282 2488 2490 2526 2872
a -1 man -1 #SUP: 32 #SID: 40 84 189 223 353 385 387 525 546 654 676 684 867 1158 1329 1379 1409 1431 1457 1497 1640 1837 1850 1963 2193 2316 2394 2502 2580 2600 2651 2902
of -1 the -1 #SUP: 364 #SID: 2 3 13 21 32 37 40 50 60 85 110 122 129 131 132 139 142 143 145 149 160 163 165 178 191 193 194 196 211 212 219 232 241 242 246 251 253 255 270 289 304 305 307 313 314 315 328 335 341 358 367 381 384 421 440 446 451 463 467 473 476 478 488 490 497 511 512 514 523 534 546 549 552 565 578 582 590 591 595 596 600 601 602 621 632 643 645 655 665 667 675 691 701 713 719 721 779 812 819 824 825 829 835 836 837 847 849 853 855 857 867 869 872 875 883 891 895 898 899 910 928 929 931 932 937 940 943 946 950 951 955 956 960 962 964 984 986 1001 1022 1025 1026 1037 1050 1055 1061 1063 1085 1093 1112 1134 1140 1150 1152 1160 1162 1176 1179 1201 1203 1210 1217 1219 1220 1221 1231 1238 1240 1253 1257 1258 1260 1264 1266 1281 1285 1298 1300 1301 1303 1308 1335 1338 1340 1364 1416 1418 1462 1474 1475 1490 1491 1499 1509 1511 1512 1513 1537 1539 1555 1572 1574 1579 1580 1587 1592 1594 1601 1603 1611 1614 1616 1623 1631 1650 1664 1668 1671 1673 1677 1688 1727 1745 1746 1748 1768 1775 1783 1785 1793 1809 1815 1841 1848 1853 1855 1872 1922 1931 1932 1934 1937 1940 1944 1945 1946 1961 1966 1981 1985 2004 2009 2019 2040 2044 2047 2064 2074 2075 2081 2082 2083 2087 2089 2099 2105 2111 2115 2157 2175 2179 2186 2192 2209 2227 2228 2229 2231 2249 2262 2264 2269 2291 2338 2355 2358 2377 2378 2381 2389 2396 2407 2436 2444 2467 2489 2498 2499 2504 2508 2516 2517 2518 2520 2526 2533 2535 2539 2545 2546 2553 2560 2565 2566 2567 2568 2575 2589 2592 2602 2616 2639 2640 2641 2652 2653 2675 2687 2688 2689 2693 2701 2714 2717 2727 2728 2730 2732 2735 2736 2740 2743 2745 2749 2753 2781 2798 2806 2807 2811 2816 2830 2837 2841 2843 2856 2859 2870 2871 2873 2874 2877 2889 2890 2907
of -1 it -1 #SUP: 49 #SID: 4 9 113 204 248 362 381 423 427 498 635 639 719 740 784 914 963 1056 1065 1108 1196 1244 1256 1462 1528 1553 1591 1616 1655 1714 1732 1744 1747 1758 1841 1912 1923 1984 2133 2167 2212 2315 2320 2566 2584 2620 2697 2729 2805
of -1 a -1 #SUP: 84 #SID: 44 81 114 124 134 155 190 237 264 447 450 486 549 563 772 793 823 830 837 839 875 899 917 952 963 1021 1114 1243 1295 1363 1400 1485 1587 1595 1598 1612 1631 1634 1639 1640 1643 1657 1674 1677 1678 1689 1727 1746 1747 1877 1915 2061 2064 2085 2100 2136 2144 2220 2225 2268 2324 2366 2370 2373 2392 2393 2475 2496 2502 2527 2544 2567 2581 2592 2609 2638 2651 2656 2728 2731 2856 2858 2863 2876
of -1 his -1 #SUP: 87 #SID: 8 11 57 71 136 171 174 181 190 200 215 231 236 311 386 403 546 622 669 774 776 838 868 999 1005 1011 1018 1135 1223 1251 1299 1301 1313 1315 1362 1377 1450 1463 1498 1499 1500 1629 1652 1711 1716 1727 1750 1791 1845 1925 1956 1958 1964 2050 2096 2183 2206 2254 2277 2382 2397 2398 2448 2484 2573 2604 2645 2709 2738 2740 2745 2756 2758 2760 2761 2779 2786 2815 2820 2825 2828 2839 2852 2885 2887 2893 2906
of -1 my -1 #SUP: 40 #SID: 4 9 14 76 82 380 522 632 729 821 831 1027 1158 1161 1351 1365 1393 1397 1404 1607 1620 1632 1812 1869 1926 1928 1936 1947 1949 1961 2035 2045 2056 2132 2217 2405 2746 2835 2856 2902
of -1 this -1 #SUP: 30 #SID: 30 177 289 303 358 440 494 582 635 646 795 1021 1233 1568 1760 1794 1848 1993 2037 2068 2147 2292 2435 2488 2649 2650 2692 2695 2786 2896
is -1 the -1 #SUP: 59 #SID: 13 62 65 163 177 205 268 303 307 363 371 374 380 427 473 493 590 621 659 665 691 793 966 1059 1085 1090 1093 1174 1203 1206 1232 1278 1289 1528 1535 1551 1592 1674 1677 1688 1886 1919 2009 2129 2167 2218 2228 2262 2335 2348 2376 2378 2392 2405 2407 2423 2436 2752 2833
is -1 a -1 #SUP: 64 #SID: 10 59 64 113 124 178 202 209 269 275 286 290 318 349 367 371 379 463 483 506 561 591 621 645 654 676 684 716 743 799 867 1049 1064 1167 1187 1233 1246 1251 1276 1279 1318 1363 1497 1517 1535 1714 1715 1844 1849 1900 1918 1925 1961 1963 2011 2027 2090 2137 2331 2395 2430 2467 2901 2902
as -1 he -1 #SUP: 40 #SID: 21 59 72 136 262 508 522 553 767 824 886 914 964 967 1013 1098 1274 1340 1483 1490 1498 1499 1511 1542 1550 1603 1629 1846 2168 2228 2368 2370 2398 2547 2554 2578 2580 2702 2763 2897
as -1 i -1 #SUP: 54 #SID: 9 96 104 120 129 253 267 322 341 342 453 565 667 707 742 764 774 839 911 1006 1118 1153 1162 1338 1455 1496 1551 1643 1787 1793 1825 1868 1921 1924 1944 2048 2051 2066 2082 2097 2117 2121 2165 2232 2355 2400 2409 2523 2543 2601 2618 2671 2749 2765
to -1 the -1 #SUP: 127 #SID: 17 20 32 44 45 55 106 129 137 141 143 145 193 202 212 233 243 269 279 285 289 293 311 315 372 380 415 451 457 468 492 522 535 550 558 569 576 609 642 661 679 685 686 693 713 758 788 865 937 976 1021 1056 1065 1153 1223 1226 1228 1233 1270 1275 1292 1313 1345 1357 1397 1411 1433 1460 1475 1507 1565 1649 1656 1682 1726 1792 1808 1848 1854 1855 1885 1915 1956 1997 2052 2056 2063 2183 2227 2229 2234 2240 2247 2264 2268 2321 2332 2344 2394 2398 2403 2424 2440 2486 2496 2519 2520 2565 2574 2598 2603 2606 2630 2638 2671 2692 2694 2697 2756 2769 2795 2824 2859 2872 2887 2893 2900
to -1 his -1 #SUP: 39 #SID: 17 21 143 168 239 256 332 853 868 964 1024 1171 1204 1266 1298 1330 1375 1412 1421 1465 1579 1629 1705 1884 2179 2193 2216 2220 2225 2310 2313 2382 2630 2702 2729 2763 2782 2783 2876
to -1 do -1 #SUP: 30 #SID: 285 297 311 667 789 926 927 981 1079 1170 1392 1426 1682 1734 1806 1892 1950 2172 2236 2317 2327 2332 2363 2364 2423 2466 2628 2785 2875 2886
to -1 me -1 #SUP: 52 #SID: 4 64 68 233 238 253 326 430 439 505 514 624 638 670 710 776 789 833 853 855 964 1018 1135 1138 1158 1209 1269 1313 1317 1413 1419 1499 1509 1543 1653 1759 1769 1828 2092 2114 2250 2260 2280 2306 2430 2463 2464 2478 2519 2839 2865 2869
to -1 my -1 #SUP: 35 #SID: 17 93 113 118 245 287 450 513 528 605 733 738 809 951 1009 1037 1044 1109 1154 1175 1343 1364 1439 1666 1768 1769 1823 1954 2117 2307 2589 2748 2832 2877 2896
to -1 have -1 #SUP: 40 #SID: 101 138 153 163 187 189 205 206 255 372 486 510 514 525 526 582 785 790 922 1210 1222 1253 1299 1363 1424 1431 1472 1502 1655 1806 1958 2027 2217 2283 2335 2381 2413 2751 2762 2887
to -1 be -1 #SUP: 87 #SID: 13 25 95 105 124 131 145 158 208 240 242 290 388 421 464 476 498 502 520 522 602 662 700 733 792 802 803 919 931 984 1004 1038 1068 1246 1263 1269 1271 1318 1340 1390 1404 1407 1411 1431 1435 1470 1559 1577 1612 1680 1748 1804 1841 1857 1892 1912 1936 1942 1991 1993 2044 2046 2092 2116 2225 2290 2315 2316 2375 2393 2413 2426 2438 2439 2447 2451 2488 2616 2617 2758 2761 2825 2833 2862 2864 2875 2910
to -1 see -1 #SUP: 35 #SID: 568 588 834 981 1008 1134 1140 1179 1223 1260 1360 1431 1502 1616 1716 1789 1834 1882 2066 2097 2109 2129 2145 2161 2273 2299 2342 2405 2410 2411 2441 2571 2603 2647 2797
from -1 the -1 #SUP: 69 #SID: 37 143 205 223 267 269 300 387 392 424 436 441 443 446 535 553 732 734 737 758 896 898 933 937 957 1018 1039 1112 1138 1161 1223 1263 1300 1335 1406 1443 1498 1500 1509 1543 1647 1665 1667 1668 1688 1774 1788 1856 2183 2207 2209 2227 2229 2231 2398 2484 2503 2561 2571 2584 2589 2598 2697 2702 2729 2733 2740 2760 2847
his -1 own -1 #SUP: 34 #SID: 181 185 206 234 276 389 464 570 619 662 990 991 993 999 1167 1297 1301 1313 1466 1541 1711 1807 1831 1845 1949 1964 1971 2316 2397 2484 2511 2745 2764 2887
with -1 the -1 #SUP: 70 #SID: 3 126 150 187 210 212 218 228 287 351 362 433 451 509 625 627 689 700 841 917 947 968 1056 1086 1099 1145 1151 1176 1200 1255 1257 1261 1339 1367 1376 1451 1546 1573 1580 1593 1611 1631 1872 1875 1892 2008 2055 2068 2094 2105 2132 2158 2264 2354 2375 2376 2377 2401 2459 2475 2553 2571 2645 2687 2732 2733 2763 2846 2863 2906
with -1 a -1 #SUP: 74 #SID: 20 53 69 71 103 215 238 361 419 454 456 510 546 560 582 610 653 654 738 776 837 843 888 891 893 914 918 933 935 969 1023 1033 1075 1083 1086 1111 1124 1251 1276 1279 1329 1376 1379 1387 1449 1498 1622 1649 1670 1682 1733 1827 1868 2022 2024 2145 2232 2238 2385 2430 2443 2526 2591 2605 2617 2718 2719 2751 2754 2771 2809 2832 2850 2887
such -1 a -1 #SUP: 32 #SID: 3 34 40 61 151 468 476 637 889 941 958 1023 1153 1266 1274 1466 1601 1675 1681 1686 1850 1851 1971 2258 2291 2307 2322 2590 2623 2728 2729 2825
do -1 you -1 #SUP: 48 #SID: 4 7 173 274 286 356 381 384 427 436 520 587 637 639 647 922 926 993 1057 1090 1095 1140 1170 1517 1560 1601 1608 1726 1738 1742 1760 1766 1824 1915 1965 1974 1992 2007 2008 2148 2289 2294 2315 2332 2376 2384 2416 2628
you -1 have -1 #SUP: 54 #SID: 6 14 79 93 101 113 284 293 348 360 409 484 486 488 490 495 498 524 579 767 806 811 921 1075 1100 1139 1175 1204 1221 1229 1537 1658 1751 1754 1759 1923 1926 2109 2114 2125 2139 2143 2377 2423 2446 2447 2449 2494 2495 2496 2532 2624 2674 2842
you -1 are -1 #SUP: 37 #SID: 15 26 96 104 372 555 589 590 611 646 703 1032 1038 1088 1134 1136 1221 1325 1385 1390 1748 1904 1921 1922 2036 2111 2136 2162 2273 2296 2299 2315 2355 2364 2409 2495 2629
you -1 will -1 #SUP: 57 #SID: 40 122 324 326 426 465 474 492 542 555 587 588 589 593 595 596 635 702 708 710 738 814 903 920 921 922 1012 1036 1044 1105 1149 1190 1407 1537 1551 1664 1922 1923 1926 2019 2037 2091 2101 2114 2364 2404 2409 2419 2429 2430 2470 2498 2510 2627 2630 2743 2749
no -1 doubt -1 #SUP: 32 #SID: 268 419 474 926 1024 1267 1654 1658 1770 1977 1986 1992 2064 2102 2105 2136 2160 2248 2265 2292 2300 2351 2361 2365 2381 2511 2717 2726 2842 2883 2893 2898
have -1 been -1 #SUP: 88 #SID: 8 14 40 42 113 129 153 165 184 186 187 189 205 206 212 302 348 354 356 432 441 452 458 461 484 565 767 922 954 978 979 1018 1115 1144 1179 1193 1224 1325 1359 1377 1388 1431 1510 1526 1568 1612 1625 1645 1665 1689 1696 1704 1714 1722 1759 1805 1814 1940 2015 2035 2109 2114 2116 2117 2121 2219 2225 2256 2297 2313 2346 2352 2366 2391 2413 2496 2532 2671 2761 2771 2797 2836 2846 2877 2881 2883 2887 2894
said -1 holmes -1 #SUP: 39 #SID: 10 12 13 53 75 76 82 108 112 454 456 494 517 553 573 584 605 609 638 645 710 737 759 762 813 2289 2311 2351 2380 2466 2498 2506 2572 2614 2620 2632 2672 2720 2740
said -1 he -1 #SUP: 56 #SID: 6 21 73 96 101 151 172 291 317 345 406 439 482 510 524 673 706 735 742 751 777 789 826 881 889 987 1013 1029 1043 1049 1059 1069 1076 1084 1135 1154 1313 1314 1369 1388 1428 1431 1654 1712 1796 2006 2094 2127 2134 2256 2296 2370 2444 2529 2679 2705
but -1 i -1 #SUP: 54 #SID: 95 124 151 219 246 261 379 440 458 474 490 559 635 760 785 826 845 940 991 1021 1023 1126 1175 1186 1203 1212 1225 1240 1344 1355 1424 1463 1625 1632 1655 1705 1740 1755 1793 1812 1900 1919 1946 1958 1974 1990 2017 2037 2103 2335 2380 2450 2502 2873
but -1 it -1 #SUP: 30 #SID: 160 268 429 436 439 716 996 1063 1101 1259 1260 1267 1348 1413 1419 1593 1651 1656 1689 1735 1807 1950 2181 2307 2385 2424 2606 2616 2725 2778
we -1 had -1 #SUP: 38 #SID: 543 571 602 621 623 643 655 713 721 813 820 874 883 976 977 996 1039 1178 1484 1485 1489 1493 1497 1625 1633 1638 1696 1706 2211 2247 2318 2594 2654 2834 2839 2875 2877 2894
we -1 have -1 #SUP: 48 #SID: 8 30 232 302 398 473 484 520 555 571 575 618 620 731 780 808 810 811 959 1093 1144 1165 1264 1308 1347 1502 1527 1608 1656 1660 1698 1728 1732 1764 2226 2297 2314 2321 2327 2332 2352 2397 2403 2501 2507 2634 2723 2908
we -1 were -1 #SUP: 36 #SID: 719 765 846 909 921 925 938 960 1020 1151 1481 1483 1490 1566 1571 1613 1633 1635 1756 1789 2321 2427 2439 2515 2516 2518 2519 2528 2571 2577 2636 2640 2648 2693 2710 2832
by -1 the -1 #SUP: 57 #SID: 57 132 139 187 210 269 272 280 342 401 423 443 578 664 686 704 708 748 845 847 875 878 883 1007 1074 1175 1179 1198 1269 1333 1421 1483 1513 1560 1666 1784 1794 1927 2079 2095 2097 2154 2225 2254 2289 2352 2415 2518 2589 2594 2717 2727 2775 2813 2818 2851 2873
think -1 that -1 #SUP: 32 #SID: 18 32 54 283 356 389 437 645 794 913 1022 1055 1170 1453 1541 1605 1641 1968 2033 2091 2114 2262 2308 2339 2342 2359 2410 2437 2450 2494 2575 2835
could -1 not -1 #SUP: 49 #SID: 40 114 284 287 458 508 796 954 967 991 1030 1031 1046 1113 1115 1153 1177 1314 1344 1353 1419 1424 1536 1545 1550 1591 1653 1696 1714 1808 1846 1858 1901 1915 1932 1933 1941 2099 2106 2117 2206 2286 2330 2651 2724 2779 2861 2887 2897
that -1 the -1 #SUP: 74 #SID: 11 32 40 130 138 185 213 246 269 286 293 314 322 341 384 386 429 440 446 464 465 468 523 595 619 689 743 892 964 967 983 997 1024 1135 1308 1333 1366 1407 1422 1460 1462 1465 1541 1594 1687 1835 1857 1888 1945 1977 1991 2051 2063 2144 2148 2152 2154 2257 2258 2289 2313 2459 2488 2490 2550 2609 2636 2739 2750 2757 2765 2781 2830 2890
that -1 he -1 #SUP: 118 #SID: 12 40 132 141 150 205 207 245 265 299 309 332 389 391 392 393 563 620 623 685 743 744 747 756 841 1023 1025 1026 1170 1201 1233 1235 1239 1250 1259 1260 1261 1263 1268 1282 1295 1298 1302 1310 1335 1364 1372 1373 1375 1378 1423 1434 1439 1463 1464 1467 1494 1500 1541 1550 1551 1696 1710 1723 1728 1756 1769 1772 1789 1793 1822 1845 1846 1857 1892 1914 1927 1992 2074 2088 2126 2172 2183 2251 2258 2287 2314 2315 2316 2323 2344 2368 2392 2415 2418 2426 2503 2510 2670 2676 2691 2710 2725 2736 2754 2757 2760 2781 2795 2811 2821 2844 2846 2881 2888 2900 2906 2907
that -1 i -1 #SUP: 120 #SID: 11 17 18 54 61 62 95 103 108 119 225 243 256 297 333 356 359 386 440 498 502 504 505 558 565 635 688 743 764 779 785 962 991 1019 1033 1037 1039 1044 1046 1047 1079 1113 1138 1170 1177 1190 1211 1213 1240 1300 1315 1325 1351 1360 1367 1387 1408 1439 1441 1445 1449 1455 1466 1476 1508 1536 1543 1545 1600 1605 1642 1657 1658 1693 1712 1734 1735 1759 1827 1869 1877 1882 1884 1888 1923 1926 1928 1959 1975 1990 2011 2013 2039 2058 2077 2099 2103 2114 2115 2126 2130 2133 2196 2206 2273 2307 2359 2371 2382 2477 2482 2490 2575 2671 2735 2742 2743 2840 2861 2867
that -1 it -1 #SUP: 56 #SID: 56 86 101 124 129 209 288 290 297 446 455 505 556 628 963 972 977 997 1021 1022 1024 1057 1116 1140 1164 1254 1295 1315 1331 1333 1361 1409 1466 1508 1517 1536 1595 1598 1641 1658 1679 1711 2004 2039 2072 2126 2129 2261 2276 2330 2332 2362 2366 2488 2739 2801
that -1 is -1 #SUP: 41 #SID: 209 316 361 380 437 447 455 517 520 568 667 669 685 705 792 810 817 962 1059 1075 1104 1207 1464 1519 1551 1729 1918 1919 2157 2301 2354 2371 2376 2378 2407 2423 2435 2486 2527 2534 2677
that -1 you -1 #SUP: 73 #SID: 15 25 26 79 97 101 104 107 113 283 293 297 324 346 408 409 415 446 447 506 524 581 588 589 646 649 670 699 767 774 814 1036 1175 1185 1188 1195 1387 1390 1407 1429 1713 1831 1909 1919 1921 1925 1930 1989 2091 2099 2102 2111 2113 2114 2129 2139 2162 2174 2265 2351 2374 2409 2411 2419 2421 2423 2424 2447 2488 2498 2636 2873 2901
that -1 we -1 #SUP: 39 #SID: 32 420 453 794 810 926 959 1028 1240 1264 1308 1376 1462 1545 1608 1613 1633 1656 2211 2219 2262 2264 2314 2318 2332 2342 2352 2410 2413 2437 2439 2450 2516 2518 2519 2594 2648 2710 2832
on -1 the -1 #SUP: 90 #SID: 40 42 43 76 85 197 206 253 255 268 270 292 299 356 393 439 468 546 645 738 779 827 831 858 875 888 955 1014 1098 1134 1177 1216 1221 1320 1356 1385 1388 1400 1408 1478 1484 1502 1519 1533 1548 1574 1584 1589 1622 1723 1774 1784 1786 1793 1803 1836 1841 1846 1882 1900 1925 1951 1988 2040 2050 2054 2105 2181 2211 2273 2284 2310 2355 2362 2381 2383 2403 2425 2494 2545 2597 2641 2693 2704 2725 2789 2793 2889 2890 2910
one -1 of -1 #SUP: 40 #SID: 123 149 289 446 451 490 495 578 601 622 632 701 713 819 1011 1061 1232 1237 1238 1335 1471 1539 1622 1871 1945 2004 2096 2157 2264 2396 2397 2398 2453 2499 2510 2562 2641 2718 2753 2822
has -1 been -1 #SUP: 34 #SID: 11 38 39 56 179 187 211 280 315 338 352 371 374 474 555 595 1164 1234 1266 1273 1376 1465 1655 1767 1789 1926 2151 2257 2360 2376 2757 2835 2838 2897
down -1 the -1 #SUP: 33 #SID: 45 141 155 157 195 201 204 255 385 433 538 761 818 846 906 915 1048 1298 1328 1329 1338 1356 1425 1490 1631 1783 2237 2536 2593 2635 2796 2799 2893
there -1 was -1 #SUP: 52 #SID: 61 133 257 265 403 420 475 496 719 963 975 1155 1223 1229 1283 1323 1332 1401 1407 1537 1549 1565 1587 1603 1621 1631 1650 1744 1875 1928 2042 2047 2072 2073 2074 2088 2211 2315 2328 2355 2380 2427 2547 2583 2609 2639 2647 2650 2710 2711 2840 2845
there -1 is -1 #SUP: 77 #SID: 13 24 62 188 202 225 269 286 290 301 315 318 349 367 376 429 440 450 521 522 573 641 694 703 730 799 801 802 803 804 835 995 1036 1066 1210 1233 1236 1238 1247 1251 1265 1289 1345 1358 1471 1511 1551 1612 1677 1688 1732 1765 1797 1799 1812 1824 1880 1963 2027 2137 2150 2166 2171 2258 2322 2331 2386 2415 2430 2449 2485 2551 2621 2674 2675 2742 2842
for -1 the -1 #SUP: 65 #SID: 53 56 62 75 101 121 162 326 341 358 399 400 432 541 568 593 733 949 1003 1004 1109 1116 1148 1162 1200 1210 1260 1294 1295 1299 1362 1445 1484 1512 1526 1769 1815 1866 1882 1942 2038 2074 2083 2102 2206 2340 2381 2488 2498 2528 2650 2651 2711 2736 2738 2756 2776 2804 2820 2837 2852 2855 2864 2881 2891
for -1 a -1 #SUP: 30 #SID: 19 58 153 180 316 318 514 525 543 577 624 838 1057 1312 1423 1431 1466 1513 1592 1634 1795 1831 1932 1946 2068 2091 2623 2648 2785 2910
over -1 the -1 #SUP: 45 #SID: 143 153 179 628 635 837 879 905 1049 1067 1080 1087 1199 1200 1574 1621 1631 1715 1783 1791 1841 1883 1966 2006 2022 2025 2042 2125 2130 2189 2229 2241 2249 2268 2276 2310 2387 2526 2551 2558 2645 2735 2775 2796 2840
would -1 be -1 #SUP: 36 #SID: 34 94 114 320 337 459 468 685 797 1003 1004 1057 1077 1170 1208 1211 1243 1266 1302 1394 1548 1682 1729 1759 1932 1985 2010 2118 2144 2262 2410 2515 2571 2769 2805 2861
if -1 i -1 #SUP: 37 #SID: 55 164 278 367 502 756 799 906 1037 1170 1270 1351 1394 1470 1522 1681 1699 1712 1732 1813 1858 1863 1885 1914 1922 1951 1953 2002 2114 2139 2340 2351 2405 2424 2487 2685 2861
if -1 you -1 #SUP: 39 #SID: 296 321 326 337 378 412 474 498 542 555 635 708 738 743 775 815 993 1032 1075 1100 1204 1209 1223 1229 1663 1714 1892 1923 1926 2100 2130 2364 2415 2465 2470 2475 2627 2630 2674
into -1 the -1 #SUP: 38 #SID: 40 141 171 256 470 472 486 538 723 766 769 885 906 938 1340 1398 1489 1498 1511 1781 1820 2087 2102 2106 2131 2179 2184 2365 2383 2502 2578 2604 2646 2680 2696 2698 2730 2900
out -1 of -1 #SUP: 48 #SID: 161 174 421 440 466 488 497 552 595 635 740 824 836 932 940 1001 1056 1063 1076 1164 1260 1334 1393 1404 1474 1499 1502 1555 1579 1607 1620 1727 2004 2041 2175 2212 2315 2322 2358 2389 2508 2567 2592 2701 2745 2786 2820 2907
sir -1 charles -1 #SUP: 67 #SID: 118 178 179 180 182 187 189 195 197 203 214 218 227 231 247 256 269 274 299 302 313 315 331 669 670 674 683 685 790 921 925 976 997 1020 1024 1026 1054 1168 1198 1376 1750 1756 1810 1857 1882 1891 1896 1897 1906 1919 1923 1925 1928 1930 2326 2444 2447 2488 2489 2727 2751 2763 2768 2782 2786 2789 2804
sir -1 henry -1 #SUP: 135 #SID: 297 324 326 399 404 408 414 426 429 430 438 439 442 454 469 484 488 509 520 604 621 640 656 663 672 686 693 699 779 785 795 814 819 846 897 901 906 909 911 921 939 957 965 983 1003 1020 1022 1037 1140 1170 1185 1188 1195 1204 1211 1228 1244 1258 1262 1266 1269 1309 1311 1314 1315 1347 1375 1382 1387 1397 1408 1412 1419 1421 1462 1463 1473 1479 1499 1502 1538 1552 1556 1558 1568 1617 1627 1688 1701 1707 1722 1729 1735 1742 1759 1834 1865 1959 2069 2116 2142 2143 2170 2210 2227 2262 2276 2286 2338 2342 2352 2372 2382 2386 2405 2430 2440 2538 2543 2597 2602 2608 2622 2663 2691 2737 2853 2874 2875 2877 2886 2888 2890 2893 2897
through -1 the -1 #SUP: 30 #SID: 133 343 549 885 893 945 957 1491 1572 1580 1582 1623 1630 1964 2033 2064 2146 2185 2198 2213 2403 2537 2577 2684 2694 2713 2728 2786 2839 2871