0.43798391896158795
0.5392932347927459
0.4006167702366226
0.4824406093664942
0.4379448067866698
0.36890317698649183
0.40894668725630456
0.4359098776391104
0.4835531867331635
0.48472874663404286
0.5043707490949444
0.5148476070629153
0.57975500635562
0.3920880282438197
0.5224442514212673
0.6460682247314586
0.42668874290219566
0.47535805256787755
0.4251227771476499
0.531418156315246
0.4019911433260858
0.38420654633734186
0.8388896781180039
0.6124402437890137
0.42144961084386373
0.45311396757594685
0.5123438603161323
0.5795494672081005
0.5566106407371435
0.4259298827015822
0.4594591012603149
0.5795494672081005
0.502960392867637
0.3668582195648866
0.4349659677411056
0.42022372917874057
0.44896647395118955
0.37171631482502226
0.4524294638675062
0.5089426445701304
0.42584047624329874
0.5277316503677034
0.4293369271092557
0.4129091595387375
0.4450951290232465
0.7959622074639174
0.3370898554901657
0.45676390784053755
0.4669186969925585
0.5856548758310319
0.41367895262743015
0.3628830809074634
0.5194526029048981
0.6004821732299629
0.7033669834575367
0.4558680505487868
0.49832769207628147
0.4158382009711969
0.5831008123021446
0.8854380795483614
0.519757611535567
0.37364511614375184
0.41962852074476265
0.42979294417308384
0.4784104020703063
0.4879339218960071
0.3632571213224272
0.48795269153993914
0.4225140698177894
0.4241885024234558
0.4827240491707458
0.40530096533855414
0.450359801642673
0.536965963391059
0.4939235314680062
0.38960801549074514
0.5272162190651436
0.4387267638964937
0.6737135463548785
0.8003370803464519
0.39963243106818885
0.4067584819265748
0.7300277778946691
0.44659516115769565
0.5787151053058007
0.3896626771577063
0.48521340115912326
0.46422507003213825
0.44477180090282276
0.5006385490208761
0.4708361424962695
0.5898950823652672
0.6258915933525313
0.6755027747976429
0.35911179805870996
0.43364043296249866
0.46645932392973743
0.7285549936802264
0.512365371016799
0.5908836269518317
