0.490548060470642
0.7301791073906951
0.3818763533727318
0.4304103214507917
0.4602877083828885
0.47427562719652455
0.4116484269193982
0.4767574215984359
0.5021935392500699
0.532744698930854
0.5355600736781315
0.6314794970315298
0.5656011870452827
0.6090761206245315
0.5003614202380455
0.8173411691313391
0.39694881356599404
0.5440541336050316
0.4432266433701457
0.5048095129265441
0.3890628481956788
0.5057395727350774
0.5754739181700543
0.5172317654338131
0.5261716236646574
0.5203149111417384
0.6906829317831243
0.5260722897407418
0.6115728395202461
0.5122487483494791
0.5263150209793974
0.9145168420483694
0.5201538459789475
0.5304932621638615
0.5497019527267853
0.5869510166318355
0.5823710466131738
0.4398776609122278
0.5321511323159811
0.4986375757096861
0.5377272277981505
0.9692081805835565
0.5015229478717972
0.49364033240184735
0.5127470403776921
0.9141572124038032
0.44272381926795873
0.49064539380279926
0.3995070380464327
0.5424769265774815
0.49098728625355975
0.38599952684115896
0.4999934546207075
0.8868848023082333
0.49425362908666826
0.5009399380194242
0.5967260179458164
0.47023464926429825
0.5998062421948859
0.7158004933495203
0.5439703132371602
0.43840008064282293
0.43164225184847327
0.49148125074365534
0.6092125902717824
0.5081348120372751
0.5291926266888861
0.5375703042163448
0.544697849786254
0.4837757551527509
0.5647352683806864
0.5547158063372044
0.47550846064050506
0.5535608284645044
0.5595692780316495
0.5043869441374245
0.6423455545641598
0.47346276461489434
0.7330843717119926
0.5591700165499697
0.5296374067087347
0.49807622949749597
0.7274189381088636
0.4574832879483349
0.6484673685031032
0.4266608575257349
0.5724148769192171
0.4753949942248588
0.4633863058025463
0.6277378543140223
0.5556064089598789
0.5890842164985325
0.6911023621762343
0.6479355893553609
0.4537995595313622
0.4683225366877049
0.41514551025379226
0.6108830641184754
0.5020395578779097
0.9088206525685023
