0.25151406796838244
0.3455112935754627
0.15489151979204402
0.06644205121436864
0.3076376628117885
0.11255396430125253
0.16563640167886873
0.34833245617115194
0.543382819237983
0.07640608960378001
0.5449644507854532
0.5337687347041217
0.13073202464202038
0.3205535045962339
0.35172381529680063
0.9999999800000001
0.19406605750853903
0.42701314410797997
0.34180029913267373
0.31045336195775564
0.11990342675973992
0.25282514277182344
0.9056087190786585
0.26076971323687004
0.5269828278249676
0.24619307132974894
0.4278901726823413
0.5859917167936123
0.288348716164857
0.2832932521548672
0.5271431523605686
1.0
0.16350355308988856
0.28214614603446075
0.4483421402365435
0.41826027225609175
0.38099021653878906
0.17147054527069655
0.20729101510426368
0.42324418665867025
0.200004389462239
0.9999999900000001
0.251006824985052
0.11484437264873859
0.29410860119784255
0.3969581692374548
0.10211054029125632
0.21003227562348437
0.20077061676368768
0.6548471443041638
0.1947271454223617
0.1383837441773093
0.5613612917276303
0.8446958655144011
0.3935849403694298
0.14582124373090716
0.04998911209525133
0.296068151695872
0.3134380910709492
0.5570027227727018
0.08794681155731898
0.16491226850159182
0.2134248038277879
0.13395463563725898
0.1130482414896529
0.1326823217705178
0.1819310675653742
0.12725678815024327
0.26297706679648497
0.21733539600686852
0.2859719359323056
0.3672478358204244
0.19612267482250312
0.1218503665694563
0.5969602512656813
0.3426947353892138
0.392830630829199
0.14053710111768475
0.9999999900000001
0.7990756500904596
0.35466416407324486
0.17037230810519427
0.481967469206851
0.3407769754595319
0.6195648740813274
0.1610739713185695
0.1845148324011885
0.2610523696927163
0.1742069871762879
0.21158489933682292
0.4393290359259806
0.07020582458340725
0.5565373259165947
0.7908127480600882
0.2368376171773852
0.0647386294455099
0.19037156667530142
0.5466115282611247
0.34612560950129245
0.5300573598583644
