0.6117598362889534
0.7816541951354133
0.47440675877558197
0.5091775825316398
0.5918805990942824
0.5108342163701463
0.5122459948005731
0.6262198732812162
0.5703093518889245
0.5386171446131512
0.5172516873823293
0.5996517263446814
0.6078542519857938
0.7739237769348694
0.5914974516538988
0.5329586261429621
0.5161964533255853
0.5517236222836845
0.795634315549158
0.5094049482120487
0.4991052208300097
0.8067732016588018
0.6590582135973295
0.7643728952043416
0.6088806038497531
0.8067732016588018
0.9267996758270608
0.49444444583333336
0.516301089690886
0.58727753715408
0.4909617543652261
0.4967163386458277
0.47589063477062793
0.5259211831017913
0.5451956417731176
0.45656148761519216
0.5860936078292635
0.5751203406858197
0.5282226487709786
0.6814835449640345
0.4704044284039423
0.5369311368618732
0.5383071985645976
0.44850834073894696
0.6738613125941616
0.5111986880368243
0.6329665708138753
0.49142814895728815
0.4429925225607767
0.5843041912793002
0.4924702176458189
0.5992005376029408
0.5479866366391852
0.5643395851330312
0.6791757397004349
0.5321091696235493
0.4358537097933945
0.7264526701575684
0.5989196434054094
0.5667588003909786
0.4872587516429451
0.5066003416751512
0.5804579026573378
0.56049621046949
0.666773662623444
0.6770940732507508
0.5395887572011139
0.5092944835627743
0.5499410994551587
0.635237000536426
0.5366793105096341
0.8067732016588018
0.647171636860031
0.684193945320855
0.6814835449640345
0.486386550149579
0.4604246586524087
0.6390051907252191
0.4533347435014218
0.6311319229846367
0.5992020972476634
0.5469021022379583
0.5534869028923095
0.5690804354077477
0.6043912162579611
0.7903392150162781
0.5463581453408758
0.49324840425240224
0.49171248165406806
0.6738495084678937
0.49444444583333336
