0.5328925157555415
0.4777777792222221
0.4337035816984674
0.5224204388227113
0.5328829962211652
0.5131261073469359
0.4952766263578872
0.5745468918997874
0.5316410413499085
0.541474517983033
0.5921004317029332
0.9398794036038198
0.6054375500561471
0.6103301715376462
0.7490277398979809
0.47049973789652216
0.7160130513103389
0.6324779689462144
0.6171399819055712
0.45977111785539315
0.5313822982514216
0.7866677955676654
0.5906199043223251
0.8720188172716097
0.5538041324472903
0.7501289526366316
0.5713846477713251
0.9226294313011929
0.538803737827775
0.6079832968557548
0.44816704722981554
0.6186852527156078
0.5392037142246149
0.5642811357704867
0.7341270104791319
0.4731420265045758
0.6376486186216053
0.5591889796666047
0.5416779753383391
0.4777777792222221
0.48247839644038476
0.4836765058183961
0.6401084619433243
0.4664310047084967
0.6395478055067324
0.513130224777869
0.4777777792222221
0.4574050245933752
0.4372607853256575
0.4523955694598348
0.570072227084964
0.5783697682603101
0.5802349521439512
0.4658893038536765
0.6059897347711016
0.4900965143300391
0.4497729334912981
0.5884304859263234
0.5940446693127727
0.6154620281796915
0.5412630493386198
0.47447216143032095
0.5191650458338024
0.7501649476669117
0.5534522187644398
0.5986020838952057
0.6296519141881904
0.47558358500988
0.5770120073852303
0.5649430781998531
0.5786018626071011
0.5821579956792255
0.671695815366297
0.6460538433260855
0.4777777792222221
0.49313568726916207
0.48925334961258826
0.5653717176325221
0.48125783306987463
0.5634072631044672
0.5067039162768217
0.5288371434217649
0.747968853600722
0.7501649476669117
0.5987449214704808
0.7501649476669117
0.4717027758679186
0.4844534875214163
0.4637280019927852
0.6006870376237048
0.4777777792222221
