0.511959681618791
0.5
0.19108385962687094
0.06392393176667692
0.2593857951473838
0.1057253827972532
0.34653749446515236
0.28309784625352635
0.46048933573254025
0.03058958195722672
0.39652671755656416
0.9999999900000001
0.13037047820415798
0.3639701705482846
0.679679827750778
0.18044164381603586
0.5297578826371386
0.7898551860412635
0.26866647571569485
0.34619972163237717
0.1542226215057787
0.999999995
0.17719677458279764
1.0
0.14416806129261317
1.0
1.0
0.5
0.16028143864181643
0.4096426638506824
0.16212941642202416
0.5408440328139537
0.3718750408201255
0.44468491697655743
0.5079632884650558
0.43131968090419825
0.6552972013501359
0.4466612220251944
0.1259197161868052
0.5
0.06915554179267319
0.2730880256126459
0.32781953111478324
0.14564238708533886
0.6052052911945567
0.17235786894801686
0.49999999000000006
0.25541323673749494
0.168596603499495
0.41328904594770155
0.4407889149972671
0.1546804812555844
0.06391115622404997
0.3981685168803115
0.5480405661994996
0.08310504734108462
0.10292364026589872
0.25792088549453085
0.10200941778236156
0.10114361451951615
0.09273158119679964
0.3901461000916312
0.23854860325857485
0.5448021892530241
0.35747569451438144
0.5180494980702393
0.6967124952812265
0.20705031660048615
0.11595622434479091
0.18588766798594486
0.5329617167275893
0.3340026590503377
0.1704178310765333
0.4252835919309871
0.5
0.1864599435807621
0.19707235115546495
0.2772016900592321
0.24137007921835818
0.4386192346561433
0.3106629080357267
0.585129352961566
0.5363098032108884
0.7426701580881612
0.09140740106932235
1.0
0.330476346473068
0.08477675074615901
0.17959107412905867
0.2969600952003423
0.0
