dsa24	0,0,0,0,0,0,0,0,0,1,0,1,0,0,0,0,0,0,0,2,1,0,1,0,0,0,0,0,0,2,0,1,0,0,2,2,0,0,0,0,0,1,2,1,0,0,0,0,0,0
saa128	0,0,0,0,0,0,2,1,0,0,0,0,0,0,0,0,0,0,0,1,0,0,0,0,0,2,1,0,0,0,0,0,0,0,0,0,0,0,0,0,0,0,0,0,0,0,0,0,0,0
jhb32	0,0,2,0,1,1,3,0,3,2,0,2,3,1,0,0,0,0,0,3,8,2,3,2,1,5,1,4,5,4,0,3,5,2,0,10,7,2,2,0,0,3,4,2,4,2,2,1,1,1
snb39	0,0,10,3,7,5,2,0,1,2,1,1,4,2,7,0,0,0,0,3,16,4,11,6,4,2,0,2,1,2,1,1,7,3,1,55,23,29,14,14,9,2,3,1,7,0,7,5,5,3
nrg14	0,0,0,0,0,0,1,1,2,7,5,0,0,0,0,0,0,0,0,0,0,0,0,0,0,1,1,0,2,9,6,0,1,1,1,0,0,0,0,0,0,0,0,0,1,1,0,0,0,0
pmp27	0,0,7,1,4,2,0,0,1,4,0,4,0,0,3,0,0,0,0,0,7,1,4,2,2,0,0,0,1,6,0,6,0,0,1,28,11,15,8,6,4,2,0,0,2,1,0,0,0,0
rdp23	0,0,1,1,0,0,1,1,1,1,0,1,0,0,2,0,0,0,0,0,1,1,0,0,0,1,1,0,1,1,0,1,1,0,0,3,3,0,0,0,0,0,1,0,0,0,0,0,0,0
mjm248	0,0,0,0,0,0,1,1,0,6,4,0,1,0,0,0,0,0,0,0,0,0,0,0,0,1,1,0,0,7,4,0,1,0,0,0,0,0,0,0,0,4,0,1,4,2,0,0,8,2
ams396	0,0,0,0,0,0,0,0,0,3,2,1,0,0,0,0,0,0,0,0,0,0,0,0,0,0,0,0,0,3,2,1,0,0,0,1,1,0,0,0,0,0,0,0,1,1,0,0,0,0
jmk195	0,0,5,0,5,0,0,0,0,4,0,3,1,0,0,0,0,0,0,0,8,0,8,1,6,1,0,1,0,4,0,3,1,0,0,40,12,25,10,14,9,3,2,0,5,0,4,2,2,0
atg23	0,0,0,0,0,0,1,1,0,1,0,0,0,0,0,0,0,0,0,1,1,0,1,0,0,1,1,0,0,1,0,0,0,0,0,3,1,1,1,0,0,1,0,0,1,0,1,1,0,0
jaw154	0,0,0,0,0,0,0,0,0,1,0,1,0,0,0,0,0,0,0,0,0,0,0,0,0,0,0,0,0,1,0,1,0,0,0,3,1,2,1,1,1,0,1,0,0,0,0,0,0,0
tjg49	0,0,6,0,5,0,0,0,0,1,0,1,0,0,0,0,0,0,0,0,6,0,5,0,5,0,0,0,0,1,0,1,0,0,0,29,4,23,4,17,2,2,0,0,0,0,0,0,1,0
mac276	0,0,0,0,0,0,1,1,0,0,0,0,1,0,0,0,0,0,0,0,0,0,0,0,0,1,1,0,0,0,0,0,1,0,1,0,0,0,0,0,0,0,0,1,0,0,0,0,0,0
hwf2	0,0,1,1,0,0,0,0,1,2,2,0,0,0,0,0,0,0,0,0,1,1,0,0,0,0,0,0,1,3,3,0,0,0,0,0,0,0,0,0,0,0,0,0,0,0,0,0,0,0
mhr19	0,0,6,4,2,2,0,0,0,3,2,0,0,0,0,0,0,0,0,0,6,4,2,2,0,0,0,0,0,3,2,0,1,0,0,2,2,0,0,0,0,0,0,0,0,0,0,0,0,0
rwm27	0,0,1,1,0,0,0,0,1,1,1,0,0,0,1,0,0,0,0,0,1,1,0,0,0,1,1,0,1,1,1,0,0,0,0,1,1,0,0,0,0,0,0,0,0,0,0,0,0,0
mlk93	0,0,1,1,0,0,0,0,0,1,0,1,0,0,0,0,0,0,0,0,1,1,0,0,0,0,0,0,0,1,0,1,0,0,0,1,1,0,0,0,0,0,0,0,0,0,0,0,0,0
kko4	0,0,0,0,0,0,1,1,0,0,0,0,0,0,0,0,0,0,0,0,0,0,0,0,0,1,1,0,0,0,0,0,0,0,0,0,0,0,0,0,0,0,1,0,0,0,0,0,0,0
afd10	0,0,3,1,1,1,2,0,0,3,0,2,7,5,0,0,0,0,0,0,5,2,2,2,0,2,0,2,0,3,0,2,7,5,2,19,10,9,5,4,4,1,2,0,8,1,6,5,2,2
mjd78	0,0,8,4,3,1,0,0,1,1,0,1,0,0,1,0,0,0,0,0,9,5,3,1,0,2,1,0,1,1,0,1,1,0,1,9,3,3,1,1,0,4,2,1,3,2,1,0,0,0
sws19	0,0,0,0,0,0,1,1,0,0,0,0,0,0,0,0,0,0,0,0,0,0,0,0,0,1,1,0,0,0,0,0,0,0,0,0,0,0,0,0,0,0,0,0,0,0,0,0,0,0
rkh9	0,0,0,0,0,0,0,0,0,3,2,0,2,2,0,0,0,0,0,0,0,0,0,0,0,0,0,0,0,4,3,0,2,2,0,0,0,0,0,0,0,0,0,1,2,2,0,0,1,0
skm37	0,0,1,1,0,0,0,0,0,0,0,0,0,0,0,0,0,0,0,0,1,1,0,0,0,0,0,0,0,0,0,0,0,0,0,0,0,0,0,0,0,0,1,0,0,0,0,0,0,0
ril13	0,0,0,0,0,0,2,2,3,4,4,0,1,0,0,0,0,0,0,0,0,0,0,0,0,3,3,0,4,4,4,0,1,0,0,0,0,0,0,0,0,0,0,0,0,0,0,0,0,0
skw17	0,0,0,0,0,0,1,1,0,0,0,0,0,0,0,0,0,0,0,0,0,0,0,0,0,1,1,0,0,0,0,0,0,0,0,0,0,0,0,0,0,0,0,0,0,0,0,0,0,0
kan63	0,0,0,0,0,0,0,0,0,0,0,0,0,0,0,0,0,0,0,1,0,0,0,0,0,0,0,0,0,0,0,0,0,0,0,0,0,0,0,0,0,0,0,0,0,0,0,0,0,0
sjt27	0,0,0,0,0,0,0,0,0,0,0,0,0,0,0,0,0,0,0,0,0,0,0,0,0,0,0,0,0,0,0,0,0,0,0,0,0,0,0,0,0,0,0,0,0,0,0,0,0,0
jrw98	0,0,3,1,2,2,0,0,0,2,0,2,0,0,2,0,0,0,0,1,3,1,2,2,0,0,0,0,0,2,0,2,0,0,0,8,7,1,1,0,0,0,0,0,2,1,1,1,0,0
jme42	0,0,0,0,0,0,0,0,0,2,0,2,0,0,0,0,0,0,0,1,0,0,0,0,0,0,0,0,0,2,0,2,0,0,0,4,2,2,2,0,0,0,0,0,0,0,0,0,0,0
bpc20	0,0,10,4,5,0,0,0,0,3,1,2,0,0,0,0,0,0,0,0,12,5,6,1,4,0,0,0,1,4,2,2,1,0,1,23,7,14,5,8,4,2,2,0,1,0,1,0,2,1
jdh99	0,0,1,1,0,0,0,0,1,1,0,0,1,0,1,0,0,0,0,0,4,4,0,0,0,0,0,0,1,3,1,1,1,0,1,5,2,2,1,0,0,0,3,0,1,0,1,1,0,0
wli1	0,0,1,1,0,0,0,0,0,3,1,1,0,0,1,0,0,0,0,1,1,1,0,0,0,0,0,0,0,3,1,1,0,0,1,3,2,1,1,0,0,0,0,0,0,0,0,0,0,0
jum48	0,0,0,0,0,0,1,0,0,2,2,0,0,0,0,0,0,0,0,0,1,0,1,1,0,1,0,1,0,2,2,0,0,0,0,1,1,0,0,0,0,0,0,0,0,0,0,0,0,0
doc23	0,0,1,1,0,0,0,0,0,1,0,1,1,0,0,0,0,0,0,0,1,1,0,0,0,0,0,0,0,1,0,1,1,0,0,1,1,0,0,0,0,0,1,0,0,0,0,0,0,0
aag45	0,0,1,1,0,0,1,0,0,5,3,2,1,0,1,0,0,0,0,1,3,3,0,0,0,2,0,2,2,5,3,2,2,1,0,3,3,0,0,0,0,0,0,1,2,1,0,0,0,0
wag7	0,0,0,0,0,0,0,0,0,4,3,0,2,0,0,0,0,0,0,0,0,0,0,0,0,0,0,0,0,4,3,0,3,0,0,1,1,0,0,0,0,0,2,1,1,0,1,0,0,0
rde8	0,0,0,0,0,0,2,1,0,0,0,0,1,1,2,0,0,0,0,1,1,0,1,0,1,2,1,1,0,0,0,0,1,1,0,6,4,2,2,0,0,0,0,0,2,1,1,1,1,1
kbs29	0,0,6,5,1,1,1,0,0,1,0,1,0,0,0,0,0,0,0,6,10,7,3,1,1,1,0,1,0,1,0,1,0,0,1,5,3,1,1,0,0,0,0,0,0,0,0,0,0,0
dkd15	0,0,0,0,0,0,0,0,0,1,1,0,0,0,0,0,0,0,0,0,0,0,0,0,0,0,0,0,0,1,1,0,0,0,0,0,0,0,0,0,0,0,0,0,0,0,0,0,0,0
ecu4	0,0,7,0,6,4,2,1,0,4,0,4,1,0,1,0,0,0,0,3,11,2,8,6,0,3,2,0,0,4,0,4,1,0,2,21,13,6,5,1,1,1,0,1,4,2,2,2,0,0
mjg82	0,0,2,0,1,1,1,1,0,1,0,1,2,0,2,0,0,0,0,1,4,1,2,2,0,1,1,0,0,1,0,1,4,2,0,8,6,1,0,0,0,3,2,2,5,1,2,1,8,3
tar57	0,0,1,1,0,0,1,1,0,2,2,0,0,0,0,0,0,0,0,0,1,1,0,0,0,1,1,0,0,2,2,0,0,0,0,0,0,0,0,0,0,0,0,0,0,0,0,0,0,0
clk93	0,0,8,4,3,2,1,1,1,2,1,1,2,1,0,0,0,0,0,3,9,5,3,2,1,1,1,0,1,2,1,1,2,1,1,9,5,3,2,1,1,0,1,0,2,0,2,1,0,0
mjf68	0,0,0,0,0,0,2,1,0,0,0,0,1,0,0,0,0,0,0,1,0,0,0,0,0,2,1,0,0,1,1,0,1,0,0,0,0,0,0,0,0,0,0,1,0,0,0,0,1,0
res106	0,0,6,3,3,1,0,0,0,1,1,0,0,0,1,0,0,0,0,0,7,4,3,1,2,0,0,0,0,2,1,1,0,0,1,11,5,6,3,3,3,0,1,1,0,0,0,0,0,0
wsh5	0,0,0,0,0,0,1,0,0,1,0,0,0,0,0,0,0,0,0,0,1,1,0,0,0,1,0,1,0,1,0,0,0,0,0,0,0,0,0,0,0,0,0,0,0,0,0,0,0,0
jah208	0,0,2,1,1,0,3,2,2,2,1,1,0,0,0,0,0,0,0,4,5,1,4,0,2,4,2,1,4,4,1,2,2,0,1,27,3,21,2,18,1,1,3,0,1,1,0,0,0,0
mad205	0,0,0,0,0,0,4,2,1,6,4,1,0,0,0,0,0,0,0,3,5,2,1,0,1,6,2,2,1,6,4,1,0,0,2,4,1,2,0,1,0,0,1,0,1,1,0,0,0,0
rhl10	0,0,7,3,4,3,0,0,0,0,0,0,1,0,0,0,0,0,0,1,7,3,4,3,1,0,0,0,0,0,0,0,1,0,0,7,4,3,1,2,1,0,0,1,0,0,0,0,0,0
kdd28	0,0,1,1,0,0,1,0,0,1,0,1,0,0,0,0,0,0,0,3,2,1,1,0,1,1,0,0,0,1,0,1,0,0,0,4,1,2,1,1,1,0,0,0,0,0,0,0,0,0
ams404	0,0,0,0,0,0,3,3,1,3,2,0,0,0,0,0,0,0,0,0,0,0,0,0,0,3,3,0,1,4,3,0,0,0,0,0,0,0,0,0,0,0,0,0,2,2,0,0,0,0
jlc201	0,0,11,1,6,0,1,0,0,0,0,0,4,2,0,0,0,0,0,0,19,7,6,0,6,1,0,1,0,0,0,0,6,2,3,22,7,14,7,6,3,1,4,0,2,0,2,2,1,0
qim8	0,0,2,1,1,0,3,0,1,0,0,0,0,0,0,0,0,0,0,3,4,2,1,0,0,3,0,2,1,1,1,0,0,0,0,1,0,0,0,0,0,2,1,0,1,1,0,0,0,0
cac189	0,0,0,0,0,0,0,0,0,1,1,0,0,0,0,0,0,0,0,2,0,0,0,0,0,0,0,0,0,1,1,0,0,0,0,0,0,0,0,0,0,0,1,0,0,0,0,0,0,0
brs112	0,0,9,4,5,1,2,0,1,0,0,0,0,0,2,0,0,0,0,2,12,5,7,3,3,2,0,2,1,1,1,0,0,0,2,12,8,3,3,0,0,0,0,0,0,0,0,0,0,0
alh133	0,0,8,5,1,0,3,2,1,2,1,1,1,0,3,0,0,0,0,1,10,6,2,0,2,3,2,1,1,3,2,1,1,0,2,13,7,6,3,3,2,0,0,0,2,1,1,0,1,0
anv35	0,0,0,0,0,0,2,1,0,0,0,0,1,0,0,0,0,0,0,3,0,0,0,0,0,2,1,0,0,0,0,0,1,0,0,0,0,0,0,0,0,0,2,0,1,1,0,0,0,0
inf4	0,0,0,0,0,0,0,0,1,5,5,0,2,1,0,0,0,0,0,0,0,0,0,0,0,2,2,0,1,5,5,0,2,1,0,0,0,0,0,0,0,0,1,1,3,2,0,0,0,0
jey16	0,0,2,0,2,1,3,1,0,2,1,0,0,0,5,0,0,0,0,0,3,0,3,1,1,3,1,1,0,2,1,0,0,0,0,42,10,30,8,21,6,4,0,0,4,0,4,3,0,0
jdh98	0,0,4,1,2,1,1,0,1,2,0,2,0,0,0,0,0,0,0,7,7,1,4,2,2,2,0,2,1,2,0,2,1,0,0,17,5,10,3,6,2,2,2,0,1,0,1,1,0,0
atr16	0,0,1,1,0,0,1,1,1,3,2,0,2,2,1,0,0,0,0,0,1,1,0,0,0,1,1,0,2,4,3,0,2,2,0,1,1,0,0,0,0,0,0,0,2,2,0,0,0,0
pjs52	0,0,6,1,4,2,0,0,0,0,0,0,1,0,0,0,0,0,0,0,8,3,4,2,1,0,0,0,0,0,0,0,1,0,2,8,3,2,1,0,0,1,0,0,2,0,2,1,1,1
cev9	0,0,0,0,0,0,2,1,0,1,1,0,1,0,0,0,0,0,0,0,1,1,0,0,0,2,1,1,0,3,2,0,1,0,0,0,0,0,0,0,0,1,0,2,1,1,0,0,0,0
egm18	0,0,0,0,0,0,0,0,0,4,4,0,0,0,0,0,0,0,0,1,0,0,0,0,0,0,0,0,0,4,4,0,0,0,0,0,0,0,0,0,0,0,0,0,0,0,0,0,0,0
jhg10	0,0,0,0,0,0,0,0,0,2,1,0,0,0,0,0,0,0,0,0,0,0,0,0,0,0,0,0,0,2,1,0,0,0,0,0,0,0,0,0,0,0,0,0,0,0,0,0,0,0
jdh73	0,0,0,0,0,0,1,1,1,2,1,1,0,0,0,0,0,0,0,0,0,0,0,0,0,1,1,0,1,3,2,1,0,0,0,2,0,0,0,0,0,1,0,0,1,0,1,0,0,0
leg33	0,0,2,0,2,1,0,0,2,3,0,3,0,0,0,0,0,0,0,8,4,0,3,2,1,0,0,0,2,4,0,4,2,0,1,10,6,3,2,1,1,0,3,0,0,0,0,0,0,0
kav33	0,0,5,0,3,1,1,0,0,0,0,0,2,1,0,0,0,0,0,0,9,1,6,3,2,1,0,1,0,0,0,0,2,1,2,12,6,5,3,2,1,0,1,0,1,0,1,1,0,0
cap77	0,0,1,0,1,0,0,0,0,0,0,0,0,0,0,0,0,0,0,1,2,0,2,0,2,0,0,0,0,0,0,0,0,0,1,8,1,6,1,4,1,0,0,0,0,0,0,0,0,0
kmh117	0,0,0,0,0,0,1,1,2,1,0,1,0,0,0,0,0,0,0,1,1,0,0,0,0,2,1,1,2,3,1,2,1,0,2,2,1,0,0,0,0,1,0,2,3,2,0,0,1,0
djp60	0,0,0,0,0,0,1,1,0,0,0,0,0,0,0,0,0,0,0,0,0,0,0,0,0,1,1,0,0,0,0,0,0,0,0,0,0,0,0,0,0,0,0,0,0,0,0,0,0,0
mjf68	0,0,0,0,0,0,0,0,0,3,2,0,1,1,0,0,0,0,0,0,0,0,0,0,0,0,0,0,0,3,2,0,1,1,0,0,0,0,0,0,0,0,0,0,1,1,0,0,0,0
tol16	0,0,1,1,0,0,1,1,0,0,0,0,0,0,0,0,0,0,0,0,1,1,0,0,0,1,1,0,0,0,0,0,0,0,0,0,0,0,0,0,0,0,0,0,0,0,0,0,0,0
yaz44	0,0,0,0,0,0,0,0,0,2,2,0,0,0,0,0,0,0,0,0,0,0,0,0,0,0,0,0,0,2,2,0,0,0,0,0,0,0,0,0,0,0,0,0,0,0,0,0,0,0
bjs49	0,0,3,2,1,0,1,0,1,2,0,2,1,1,2,0,0,0,0,1,5,3,2,0,2,2,1,1,1,3,0,3,1,1,1,22,9,12,5,7,3,0,0,0,3,0,3,1,3,1
chg57	0,0,4,4,0,0,1,1,0,6,4,1,0,0,2,0,0,0,0,0,4,4,0,0,0,1,1,0,1,7,4,2,0,0,0,5,5,0,0,0,0,1,1,0,3,2,1,0,2,2
art47	0,0,1,1,0,0,0,0,0,1,0,0,0,0,0,0,0,0,0,0,1,1,0,0,0,0,0,0,0,1,0,0,0,0,0,1,1,0,0,0,0,0,0,0,3,2,1,0,3,3
jky3	0,0,2,1,1,0,0,0,0,8,6,1,1,0,0,0,0,0,0,1,2,1,1,0,1,0,0,0,0,8,6,1,1,0,1,4,2,2,2,0,0,0,0,0,1,1,0,0,0,0
ket38	0,0,0,0,0,0,0,0,0,1,0,1,1,1,0,0,0,0,0,0,0,0,0,0,0,0,0,0,0,1,0,1,1,1,0,1,1,0,0,0,0,0,0,0,1,1,0,0,0,0
abr26	0,0,0,0,0,0,2,1,1,3,3,0,0,0,0,0,0,0,0,0,0,0,0,0,0,3,1,0,1,4,3,0,0,0,0,0,0,0,0,0,0,0,1,0,0,0,0,0,0,0
mjs187	0,0,0,0,0,0,0,0,0,2,1,1,0,0,0,0,0,0,0,0,0,0,0,0,0,0,0,0,0,2,1,1,0,0,0,2,1,1,1,0,0,0,0,0,0,0,0,0,0,0
rjm105	0,0,0,0,0,0,2,1,0,3,3,0,1,0,0,0,0,0,0,0,1,1,0,0,0,2,1,1,0,3,3,0,1,0,0,0,0,0,0,0,0,0,0,0,0,0,0,0,0,0
vac24	0,0,1,1,0,0,1,0,0,1,1,0,0,0,0,0,0,0,0,0,2,2,0,0,0,1,0,1,0,1,1,0,0,0,0,0,0,0,0,0,0,0,0,0,0,0,0,0,0,0
avn10	0,0,4,0,3,2,0,0,0,0,0,0,0,0,0,0,0,0,0,4,9,1,5,3,1,0,0,0,0,0,0,0,0,0,3,7,4,2,1,1,1,0,0,0,0,0,0,0,0,0
ang92	0,0,1,0,0,0,0,0,0,0,0,0,0,0,0,0,0,0,0,1,1,0,0,0,0,0,0,0,0,0,0,0,0,0,1,0,0,0,0,0,0,0,0,0,0,0,0,0,0,0
kmt51	0,0,0,0,0,0,0,0,1,3,0,3,0,0,0,0,0,0,0,0,1,0,1,1,0,0,0,0,1,4,0,3,0,0,2,7,3,3,1,1,0,0,0,0,0,0,0,0,0,0
sbb28	0,0,5,2,1,1,2,0,0,3,0,3,0,0,0,0,0,0,0,5,11,3,4,2,1,2,0,2,0,3,0,3,0,0,1,27,10,15,8,7,5,4,3,0,5,0,5,4,1,0
sab155	0,0,2,1,1,0,2,0,2,4,0,4,5,4,2,0,0,0,0,3,8,3,5,1,3,4,0,3,5,5,0,5,7,4,3,40,11,24,7,14,5,3,3,2,6,0,4,2,3,1
rsb45	0,0,0,0,0,0,0,0,0,1,1,0,1,0,0,0,0,0,0,0,0,0,0,0,0,0,0,0,0,2,2,0,1,0,0,0,0,0,0,0,0,0,0,1,0,0,0,0,0,0
drr38	0,0,0,0,0,0,0,0,0,0,0,0,0,0,0,0,0,0,0,0,0,0,0,0,0,0,0,0,0,0,0,0,0,0,0,0,0,0,0,0,0,0,0,0,0,0,0,0,0,0
