[0.03367813 0.03939142 0.02636765 0.02989609 0.03079062 0.0379324
 0.03149472 0.0351631  0.0468156  0.03605514 0.03295697 0.03864148
 0.03310553 0.03737592 0.04360466 0.0165071  0.02553309 0.01507009
 0.03576906 0.00677945 0.03810644 0.03176071 0.04907774 0.02927063
 0.03990236]
[0.02648074 0.04061389 0.02641348 0.03532746 0.032499   0.02975481
 0.02826984 0.03123174 0.03346298 0.02499791 0.0252753  0.03538505
 0.03362294 0.03474808 0.02937357 0.03576041 0.01750189 0.0426324
 0.03547131 0.04223452 0.00815218 0.02577591 0.01512677 0.00977571
 0.01564585]
[0.03602206 0.03313698 0.01974143 0.02387121 0.03266288 0.026928
 0.03173617 0.02218715 0.02759297 0.02537517 0.02388674 0.02609221
 0.02140261 0.03429715 0.0261652  0.02315808 0.02949919 0.0128108
 0.02849705 0.02840968 0.02551031 0.02550857 0.02618639 0.02195002
 0.02206519]
[0.02490088 0.02942401 0.03668861 0.03745086 0.03800861 0.02891222
 0.02395951 0.03181654 0.02811167 0.04027423 0.03791567 0.02988745
 0.03231144 0.02053257 0.02649741 0.02194859 0.03248017 0.02867553
 0.01224873 0.02753039 0.01693401 0.02802356 0.02045767 0.02032712
 0.04430589]
[0.02637311 0.0203088  0.03298635 0.03047514 0.02943801 0.03058567
 0.02740023 0.03396343 0.02341049 0.0258569  0.02824959 0.02986891
 0.02731751 0.02984694 0.03068834 0.02685935 0.02162184 0.04131742
 0.01519164 0.03240499 0.03535046 0.010216   0.01638759 0.0350234
 0.0180777 ]
