0.00000000	0.00000000	0.00000000	0.00000000	0.00000000	0.00000000	0.03846154	0.00000000	0.00000000	0.03846154	0.00000000	0.03846154	0.01923077	0.00000000	0.00000000	0.00000000	0.00000000	0.00000000	0.00000000	0.00000000	0.03846154	0.00000000	0.01923077	0.00000000	0.01923077	0.05769231	0.01923077	0.03846154	0.00000000	0.03846154	0.00000000	0.03846154	0.03846154	0.01923077	0.00000000	0.17307692	0.05769231	0.07692308	0.03846154	0.01923077	0.01923077	0.00000000	0.00000000	0.00000000	0.03846154	0.00000000	0.03846154	0.03846154	0.01923077	0.01923077
0.00000000	0.00000000	0.00000000	0.00000000	0.00000000	0.00000000	0.00000000	0.00000000	0.50000000	0.00000000	0.00000000	0.00000000	0.00000000	0.00000000	0.00000000	0.00000000	0.00000000	0.00000000	0.00000000	0.00000000	0.00000000	0.00000000	0.00000000	0.00000000	0.00000000	0.00000000	0.00000000	0.00000000	0.50000000	0.00000000	0.00000000	0.00000000	0.00000000	0.00000000	0.00000000	0.00000000	0.00000000	0.00000000	0.00000000	0.00000000	0.00000000	0.00000000	0.00000000	0.00000000	0.00000000	0.00000000	0.00000000	0.00000000	0.00000000	0.00000000
0.00000000	0.00000000	0.05000000	0.05000000	0.00000000	0.00000000	0.00000000	0.00000000	0.15000000	0.00000000	0.00000000	0.00000000	0.00000000	0.00000000	0.00000000	0.00000000	0.00000000	0.00000000	0.00000000	0.00000000	0.10000000	0.05000000	0.00000000	0.00000000	0.00000000	0.10000000	0.00000000	0.05000000	0.15000000	0.00000000	0.00000000	0.00000000	0.05000000	0.05000000	0.00000000	0.05000000	0.05000000	0.00000000	0.00000000	0.00000000	0.00000000	0.00000000	0.00000000	0.00000000	0.05000000	0.00000000	0.05000000	0.00000000	0.00000000	0.00000000
0.00000000	0.00000000	0.01388889	0.00000000	0.01388889	0.00347222	0.01041667	0.00347222	0.01388889	0.00347222	0.00000000	0.00347222	0.01041667	0.00000000	0.01041667	0.00000000	0.00000000	0.00000000	0.00000000	0.00694444	0.04861111	0.00694444	0.04166667	0.01388889	0.02083333	0.01041667	0.00347222	0.00694444	0.01388889	0.00347222	0.00000000	0.00347222	0.02777778	0.00000000	0.00694444	0.21180556	0.06597222	0.12500000	0.04513889	0.06944444	0.02430556	0.01041667	0.02083333	0.00694444	0.03125000	0.00000000	0.03125000	0.02430556	0.02430556	0.00694444
0.00000000	0.00000000	0.04255319	0.02127660	0.02127660	0.02127660	0.00000000	0.00000000	0.00000000	0.02127660	0.00000000	0.00000000	0.08510638	0.00000000	0.00000000	0.00000000	0.00000000	0.00000000	0.00000000	0.00000000	0.04255319	0.02127660	0.02127660	0.02127660	0.00000000	0.02127660	0.02127660	0.00000000	0.00000000	0.04255319	0.00000000	0.00000000	0.10638298	0.00000000	0.02127660	0.04255319	0.04255319	0.00000000	0.00000000	0.00000000	0.00000000	0.00000000	0.00000000	0.06382979	0.04255319	0.02127660	0.02127660	0.00000000	0.19148936	0.04255319
0.00000000	0.00000000	0.05000000	0.03750000	0.01250000	0.01250000	0.00000000	0.00000000	0.01250000	0.02500000	0.00000000	0.02500000	0.01250000	0.00000000	0.00000000	0.00000000	0.00000000	0.00000000	0.00000000	0.00000000	0.05000000	0.03750000	0.01250000	0.01250000	0.00000000	0.00000000	0.00000000	0.00000000	0.03750000	0.03750000	0.00000000	0.02500000	0.03750000	0.00000000	0.00000000	0.15000000	0.05000000	0.07500000	0.03750000	0.01250000	0.01250000	0.02500000	0.00000000	0.02500000	0.05000000	0.00000000	0.03750000	0.03750000	0.03750000	0.01250000
0.00000000	0.00000000	0.00000000	0.00000000	0.00000000	0.00000000	0.00000000	0.00000000	0.00000000	0.04918033	0.04918033	0.00000000	0.13114754	0.03278689	0.00000000	0.00000000	0.00000000	0.00000000	0.00000000	0.00000000	0.00000000	0.00000000	0.00000000	0.00000000	0.00000000	0.01639344	0.01639344	0.00000000	0.00000000	0.06557377	0.06557377	0.00000000	0.13114754	0.03278689	0.00000000	0.00000000	0.00000000	0.00000000	0.00000000	0.00000000	0.00000000	0.00000000	0.03278689	0.03278689	0.08196721	0.08196721	0.00000000	0.00000000	0.13114754	0.04918033
0.00000000	0.00000000	0.00000000	0.00000000	0.00000000	0.00000000	0.02127660	0.02127660	0.04255319	0.04255319	0.02127660	0.02127660	0.02127660	0.02127660	0.00000000	0.00000000	0.00000000	0.00000000	0.00000000	0.00000000	0.00000000	0.00000000	0.00000000	0.00000000	0.00000000	0.06382979	0.06382979	0.00000000	0.06382979	0.04255319	0.02127660	0.02127660	0.06382979	0.02127660	0.00000000	0.02127660	0.00000000	0.00000000	0.00000000	0.00000000	0.00000000	0.04255319	0.00000000	0.04255319	0.06382979	0.02127660	0.00000000	0.00000000	0.21276596	0.02127660
0.00000000	0.00000000	0.00000000	0.00000000	0.00000000	0.00000000	0.00000000	0.00000000	0.06666667	0.00000000	0.00000000	0.00000000	0.06666667	0.06666667	0.00000000	0.00000000	0.00000000	0.00000000	0.00000000	0.00000000	0.00000000	0.00000000	0.00000000	0.00000000	0.00000000	0.00000000	0.00000000	0.00000000	0.06666667	0.13333333	0.06666667	0.06666667	0.06666667	0.06666667	0.00000000	0.06666667	0.06666667	0.00000000	0.00000000	0.00000000	0.00000000	0.00000000	0.00000000	0.06666667	0.06666667	0.06666667	0.00000000	0.00000000	0.00000000	0.00000000
0.00000000	0.00000000	0.00000000	0.00000000	0.00000000	0.00000000	0.00000000	0.00000000	0.01388889	0.01388889	0.00000000	0.01388889	0.00462963	0.00000000	0.00462963	0.00000000	0.00000000	0.00000000	0.00000000	0.00000000	0.01388889	0.00000000	0.00925926	0.00000000	0.00925926	0.00462963	0.00000000	0.00462963	0.01388889	0.01851852	0.00000000	0.01851852	0.01851852	0.00462963	0.00000000	0.21759259	0.05092593	0.14351852	0.04629630	0.08333333	0.03703704	0.02777778	0.00925926	0.00925926	0.04166667	0.00000000	0.04166667	0.03240741	0.07407407	0.01851852
0.00000000	0.00000000	0.00000000	0.00000000	0.00000000	0.00000000	0.00000000	0.00000000	0.00000000	0.50000000	0.00000000	0.00000000	0.00000000	0.00000000	0.00000000	0.00000000	0.00000000	0.00000000	0.00000000	0.00000000	0.00000000	0.00000000	0.00000000	0.00000000	0.00000000	0.00000000	0.00000000	0.00000000	0.00000000	0.50000000	0.00000000	0.00000000	0.00000000	0.00000000	0.00000000	0.00000000	0.00000000	0.00000000	0.00000000	0.00000000	0.00000000	0.00000000	0.00000000	0.00000000	0.00000000	0.00000000	0.00000000	0.00000000	0.00000000	0.00000000
0.00000000	0.00000000	0.00000000	0.00000000	0.00000000	0.00000000	0.00000000	0.00000000	0.00000000	0.00000000	0.00000000	0.00000000	0.33333333	0.00000000	0.00000000	0.00000000	0.00000000	0.00000000	0.00000000	0.00000000	0.00000000	0.00000000	0.00000000	0.00000000	0.00000000	0.00000000	0.00000000	0.00000000	0.00000000	0.00000000	0.00000000	0.00000000	0.33333333	0.00000000	0.00000000	0.00000000	0.00000000	0.00000000	0.00000000	0.00000000	0.00000000	0.00000000	0.00000000	0.00000000	0.00000000	0.00000000	0.00000000	0.00000000	0.33333333	0.00000000
0.00000000	0.00000000	0.00000000	0.00000000	0.00000000	0.00000000	0.00000000	0.00000000	0.00000000	0.00000000	0.00000000	0.00000000	0.00000000	0.00000000	0.00000000	0.00000000	0.00000000	0.00000000	0.00000000	0.00000000	0.00000000	0.00000000	0.00000000	0.00000000	0.00000000	0.00000000	0.00000000	0.00000000	0.00000000	0.00000000	0.00000000	0.00000000	0.00000000	0.00000000	0.00000000	0.00000000	0.00000000	0.00000000	0.00000000	0.00000000	0.00000000	0.00000000	0.00000000	0.00000000	0.00000000	0.00000000	0.00000000	0.00000000	0.00000000	0.00000000
0.00000000	0.00000000	0.00000000	0.00000000	0.00000000	0.00000000	0.00000000	0.00000000	0.13333333	0.06666667	0.00000000	0.06666667	0.06666667	0.00000000	0.00000000	0.00000000	0.00000000	0.00000000	0.00000000	0.06666667	0.00000000	0.00000000	0.00000000	0.00000000	0.00000000	0.06666667	0.06666667	0.00000000	0.13333333	0.06666667	0.00000000	0.06666667	0.06666667	0.00000000	0.00000000	0.06666667	0.06666667	0.00000000	0.00000000	0.00000000	0.00000000	0.00000000	0.00000000	0.00000000	0.00000000	0.00000000	0.00000000	0.00000000	0.00000000	0.00000000
0.00000000	0.00000000	0.00000000	0.00000000	0.00000000	0.00000000	0.00000000	0.00000000	0.14285714	0.14285714	0.14285714	0.00000000	0.00000000	0.00000000	0.00000000	0.00000000	0.00000000	0.00000000	0.00000000	0.00000000	0.00000000	0.00000000	0.00000000	0.00000000	0.00000000	0.00000000	0.00000000	0.00000000	0.14285714	0.28571429	0.14285714	0.00000000	0.00000000	0.00000000	0.00000000	0.00000000	0.00000000	0.00000000	0.00000000	0.00000000	0.00000000	0.00000000	0.00000000	0.00000000	0.00000000	0.00000000	0.00000000	0.00000000	0.00000000	0.00000000
0.00000000	0.00000000	0.05555556	0.00000000	0.00000000	0.00000000	0.05555556	0.05555556	0.00000000	0.05555556	0.05555556	0.00000000	0.05555556	0.00000000	0.00000000	0.00000000	0.00000000	0.00000000	0.00000000	0.00000000	0.05555556	0.00000000	0.00000000	0.00000000	0.00000000	0.11111111	0.11111111	0.00000000	0.00000000	0.11111111	0.11111111	0.00000000	0.05555556	0.00000000	0.00000000	0.00000000	0.00000000	0.00000000	0.00000000	0.00000000	0.00000000	0.00000000	0.00000000	0.05555556	0.00000000	0.00000000	0.00000000	0.00000000	0.05555556	0.00000000
0.00000000	0.00000000	0.00000000	0.00000000	0.00000000	0.00000000	0.07142857	0.03571429	0.07142857	0.03571429	0.03571429	0.00000000	0.07142857	0.07142857	0.00000000	0.00000000	0.00000000	0.00000000	0.00000000	0.00000000	0.00000000	0.00000000	0.00000000	0.00000000	0.00000000	0.10714286	0.07142857	0.00000000	0.07142857	0.03571429	0.03571429	0.00000000	0.07142857	0.07142857	0.00000000	0.00000000	0.00000000	0.00000000	0.00000000	0.00000000	0.00000000	0.00000000	0.00000000	0.00000000	0.07142857	0.07142857	0.00000000	0.00000000	0.00000000	0.00000000
0.00000000	0.00000000	0.00000000	0.00000000	0.00000000	0.00000000	0.14000000	0.12000000	0.04000000	0.04000000	0.04000000	0.00000000	0.02000000	0.00000000	0.00000000	0.00000000	0.00000000	0.00000000	0.00000000	0.00000000	0.02000000	0.02000000	0.00000000	0.00000000	0.00000000	0.18000000	0.14000000	0.02000000	0.04000000	0.06000000	0.06000000	0.00000000	0.02000000	0.00000000	0.00000000	0.00000000	0.00000000	0.00000000	0.00000000	0.00000000	0.00000000	0.00000000	0.02000000	0.02000000	0.00000000	0.00000000	0.00000000	0.00000000	0.00000000	0.00000000
0.00000000	0.00000000	0.00000000	0.00000000	0.00000000	0.00000000	0.16216216	0.16216216	0.02702703	0.02702703	0.02702703	0.00000000	0.00000000	0.00000000	0.00000000	0.00000000	0.00000000	0.00000000	0.00000000	0.00000000	0.00000000	0.00000000	0.00000000	0.00000000	0.00000000	0.18918919	0.18918919	0.00000000	0.02702703	0.02702703	0.02702703	0.00000000	0.02702703	0.02702703	0.00000000	0.00000000	0.00000000	0.00000000	0.00000000	0.00000000	0.00000000	0.00000000	0.00000000	0.02702703	0.02702703	0.02702703	0.00000000	0.00000000	0.00000000	0.00000000
0.00000000	0.00000000	0.00000000	0.00000000	0.00000000	0.00000000	0.00000000	0.00000000	0.08000000	0.00000000	0.00000000	0.00000000	0.12000000	0.00000000	0.00000000	0.00000000	0.00000000	0.00000000	0.00000000	0.00000000	0.04000000	0.04000000	0.00000000	0.00000000	0.00000000	0.00000000	0.00000000	0.00000000	0.12000000	0.04000000	0.04000000	0.00000000	0.16000000	0.00000000	0.00000000	0.00000000	0.00000000	0.00000000	0.00000000	0.00000000	0.00000000	0.00000000	0.04000000	0.12000000	0.08000000	0.08000000	0.00000000	0.00000000	0.04000000	0.00000000
0.00000000	0.00000000	0.04761905	0.04761905	0.00000000	0.00000000	0.02380952	0.02380952	0.00000000	0.07142857	0.04761905	0.02380952	0.04761905	0.00000000	0.00000000	0.00000000	0.00000000	0.00000000	0.00000000	0.00000000	0.07142857	0.07142857	0.00000000	0.00000000	0.00000000	0.02380952	0.02380952	0.00000000	0.00000000	0.09523810	0.04761905	0.04761905	0.04761905	0.00000000	0.04761905	0.04761905	0.02380952	0.00000000	0.00000000	0.00000000	0.00000000	0.00000000	0.02380952	0.00000000	0.02380952	0.00000000	0.00000000	0.00000000	0.04761905	0.02380952
0.00000000	0.00000000	0.00000000	0.00000000	0.00000000	0.00000000	0.00000000	0.00000000	0.00000000	0.00000000	0.00000000	0.00000000	0.00000000	0.00000000	0.00000000	0.00000000	0.00000000	0.00000000	0.00000000	0.00000000	0.00000000	0.00000000	0.00000000	0.00000000	0.00000000	0.00000000	0.00000000	0.00000000	0.00000000	0.00000000	0.00000000	0.00000000	0.00000000	0.00000000	0.00000000	0.00000000	0.00000000	0.00000000	0.00000000	0.00000000	0.00000000	0.00000000	0.00000000	0.00000000	0.00000000	0.00000000	0.00000000	0.00000000	0.00000000	0.00000000
0.00000000	0.00000000	0.00000000	0.00000000	0.00000000	0.00000000	0.00000000	0.00000000	0.33333333	0.00000000	0.00000000	0.00000000	0.00000000	0.00000000	0.00000000	0.00000000	0.00000000	0.00000000	0.00000000	0.00000000	0.00000000	0.00000000	0.00000000	0.00000000	0.00000000	0.00000000	0.00000000	0.00000000	0.33333333	0.00000000	0.00000000	0.00000000	0.33333333	0.00000000	0.00000000	0.00000000	0.00000000	0.00000000	0.00000000	0.00000000	0.00000000	0.00000000	0.00000000	0.00000000	0.00000000	0.00000000	0.00000000	0.00000000	0.00000000	0.00000000
0.00000000	0.00000000	0.06250000	0.00000000	0.06250000	0.06250000	0.06250000	0.06250000	0.06250000	0.00000000	0.00000000	0.00000000	0.06250000	0.00000000	0.00000000	0.00000000	0.00000000	0.00000000	0.00000000	0.00000000	0.06250000	0.00000000	0.06250000	0.06250000	0.00000000	0.06250000	0.06250000	0.00000000	0.06250000	0.00000000	0.00000000	0.00000000	0.06250000	0.00000000	0.00000000	0.06250000	0.06250000	0.00000000	0.00000000	0.00000000	0.00000000	0.00000000	0.00000000	0.00000000	0.00000000	0.00000000	0.00000000	0.00000000	0.00000000	0.00000000
0.00000000	0.00000000	0.00000000	0.00000000	0.00000000	0.00000000	0.01754386	0.01754386	0.07017544	0.08771930	0.08771930	0.00000000	0.03508772	0.00000000	0.00000000	0.00000000	0.00000000	0.00000000	0.00000000	0.00000000	0.00000000	0.00000000	0.00000000	0.00000000	0.00000000	0.01754386	0.01754386	0.00000000	0.08771930	0.12280702	0.10526316	0.00000000	0.10526316	0.01754386	0.01754386	0.00000000	0.00000000	0.00000000	0.00000000	0.00000000	0.00000000	0.00000000	0.01754386	0.03508772	0.05263158	0.05263158	0.00000000	0.00000000	0.01754386	0.01754386
0.00000000	0.00000000	0.00000000	0.00000000	0.00000000	0.00000000	0.20000000	0.20000000	0.00000000	0.10000000	0.00000000	0.00000000	0.00000000	0.00000000	0.00000000	0.00000000	0.00000000	0.00000000	0.00000000	0.00000000	0.00000000	0.00000000	0.00000000	0.00000000	0.00000000	0.20000000	0.20000000	0.00000000	0.00000000	0.10000000	0.00000000	0.00000000	0.00000000	0.00000000	0.00000000	0.00000000	0.00000000	0.00000000	0.00000000	0.00000000	0.00000000	0.00000000	0.00000000	0.00000000	0.00000000	0.00000000	0.00000000	0.00000000	0.00000000	0.00000000
0.00000000	0.00000000	0.25000000	0.25000000	0.00000000	0.00000000	0.00000000	0.00000000	0.00000000	0.00000000	0.00000000	0.00000000	0.00000000	0.00000000	0.00000000	0.00000000	0.00000000	0.00000000	0.00000000	0.00000000	0.25000000	0.25000000	0.00000000	0.00000000	0.00000000	0.00000000	0.00000000	0.00000000	0.00000000	0.00000000	0.00000000	0.00000000	0.00000000	0.00000000	0.00000000	0.00000000	0.00000000	0.00000000	0.00000000	0.00000000	0.00000000	0.00000000	0.00000000	0.00000000	0.00000000	0.00000000	0.00000000	0.00000000	0.00000000	0.00000000
0.00000000	0.00000000	0.00000000	0.00000000	0.00000000	0.00000000	0.04166667	0.04166667	0.04166667	0.04166667	0.04166667	0.00000000	0.08333333	0.08333333	0.00000000	0.00000000	0.00000000	0.00000000	0.00000000	0.00000000	0.00000000	0.00000000	0.00000000	0.00000000	0.00000000	0.04166667	0.04166667	0.00000000	0.04166667	0.08333333	0.08333333	0.00000000	0.08333333	0.08333333	0.00000000	0.00000000	0.00000000	0.00000000	0.00000000	0.00000000	0.00000000	0.00000000	0.00000000	0.00000000	0.08333333	0.08333333	0.00000000	0.00000000	0.00000000	0.00000000
0.00000000	0.00000000	0.03636364	0.01818182	0.00000000	0.00000000	0.03636364	0.00000000	0.03636364	0.03636364	0.03636364	0.00000000	0.00000000	0.00000000	0.00000000	0.00000000	0.00000000	0.00000000	0.00000000	0.03636364	0.05454545	0.01818182	0.01818182	0.00000000	0.01818182	0.03636364	0.00000000	0.00000000	0.03636364	0.03636364	0.03636364	0.00000000	0.01818182	0.01818182	0.01818182	0.12727273	0.05454545	0.07272727	0.03636364	0.03636364	0.01818182	0.00000000	0.01818182	0.00000000	0.03636364	0.00000000	0.03636364	0.01818182	0.00000000	0.00000000
0.00000000	0.00000000	0.00000000	0.00000000	0.00000000	0.00000000	0.09523810	0.00000000	0.09523810	0.00000000	0.00000000	0.00000000	0.00000000	0.00000000	0.00000000	0.00000000	0.00000000	0.00000000	0.00000000	0.00000000	0.09523810	0.09523810	0.00000000	0.00000000	0.00000000	0.14285714	0.04761905	0.04761905	0.14285714	0.00000000	0.00000000	0.00000000	0.00000000	0.00000000	0.00000000	0.04761905	0.04761905	0.00000000	0.00000000	0.00000000	0.00000000	0.00000000	0.04761905	0.00000000	0.04761905	0.00000000	0.04761905	0.00000000	0.00000000	0.00000000
0.00000000	0.00000000	0.14285714	0.00000000	0.14285714	0.00000000	0.00000000	0.00000000	0.00000000	0.00000000	0.00000000	0.00000000	0.00000000	0.00000000	0.00000000	0.00000000	0.00000000	0.00000000	0.00000000	0.14285714	0.14285714	0.00000000	0.14285714	0.00000000	0.00000000	0.00000000	0.00000000	0.00000000	0.00000000	0.00000000	0.00000000	0.00000000	0.00000000	0.00000000	0.14285714	0.14285714	0.00000000	0.00000000	0.00000000	0.00000000	0.00000000	0.00000000	0.00000000	0.00000000	0.00000000	0.00000000	0.00000000	0.00000000	0.00000000	0.00000000
0.00000000	0.00000000	0.06896552	0.06896552	0.00000000	0.00000000	0.03448276	0.00000000	0.06896552	0.03448276	0.03448276	0.00000000	0.03448276	0.03448276	0.00000000	0.00000000	0.00000000	0.00000000	0.00000000	0.03448276	0.06896552	0.06896552	0.00000000	0.00000000	0.00000000	0.06896552	0.00000000	0.00000000	0.10344828	0.03448276	0.03448276	0.00000000	0.06896552	0.03448276	0.00000000	0.00000000	0.00000000	0.00000000	0.00000000	0.00000000	0.00000000	0.03448276	0.03448276	0.00000000	0.03448276	0.00000000	0.00000000	0.00000000	0.00000000	0.00000000
0.00000000	0.00000000	0.00000000	0.00000000	0.00000000	0.00000000	0.00000000	0.00000000	0.03846154	0.03846154	0.00000000	0.00000000	0.03846154	0.00000000	0.00000000	0.00000000	0.00000000	0.00000000	0.00000000	0.03846154	0.03846154	0.00000000	0.03846154	0.00000000	0.03846154	0.03846154	0.00000000	0.00000000	0.07692308	0.03846154	0.00000000	0.00000000	0.07692308	0.03846154	0.00000000	0.11538462	0.03846154	0.07692308	0.03846154	0.03846154	0.03846154	0.00000000	0.00000000	0.03846154	0.03846154	0.03846154	0.00000000	0.00000000	0.00000000	0.00000000
0.00000000	0.00000000	0.00000000	0.00000000	0.00000000	0.00000000	0.00000000	0.00000000	0.00000000	0.00000000	0.00000000	0.00000000	0.00000000	0.00000000	0.00000000	0.00000000	0.00000000	0.00000000	0.00000000	0.00000000	0.00000000	0.00000000	0.00000000	0.00000000	0.00000000	0.00000000	0.00000000	0.00000000	0.00000000	0.00000000	0.00000000	0.00000000	0.00000000	0.00000000	0.00000000	0.00000000	0.00000000	0.00000000	0.00000000	0.00000000	0.00000000	0.00000000	0.00000000	0.00000000	0.00000000	0.00000000	0.00000000	0.00000000	0.00000000	0.00000000
0.00000000	0.00000000	0.00000000	0.00000000	0.00000000	0.00000000	0.50000000	0.00000000	0.00000000	0.00000000	0.00000000	0.00000000	0.00000000	0.00000000	0.00000000	0.00000000	0.00000000	0.00000000	0.00000000	0.00000000	0.00000000	0.00000000	0.00000000	0.00000000	0.00000000	0.50000000	0.00000000	0.00000000	0.00000000	0.00000000	0.00000000	0.00000000	0.00000000	0.00000000	0.00000000	0.00000000	0.00000000	0.00000000	0.00000000	0.00000000	0.00000000	0.00000000	0.00000000	0.00000000	0.00000000	0.00000000	0.00000000	0.00000000	0.00000000	0.00000000
0.00000000	0.00000000	0.02409639	0.00000000	0.02409639	0.01204819	0.02409639	0.00000000	0.04819277	0.01204819	0.00000000	0.00000000	0.01204819	0.00000000	0.00000000	0.00000000	0.00000000	0.00000000	0.00000000	0.02409639	0.07228916	0.02409639	0.04819277	0.02409639	0.01204819	0.06024096	0.00000000	0.03614458	0.10843373	0.01204819	0.00000000	0.00000000	0.04819277	0.01204819	0.02409639	0.08433735	0.04819277	0.01204819	0.01204819	0.00000000	0.00000000	0.01204819	0.02409639	0.03614458	0.03614458	0.00000000	0.02409639	0.00000000	0.03614458	0.01204819
0.00000000	0.00000000	0.00000000	0.00000000	0.00000000	0.00000000	0.10000000	0.10000000	0.00000000	0.10000000	0.10000000	0.00000000	0.00000000	0.00000000	0.00000000	0.00000000	0.00000000	0.00000000	0.00000000	0.00000000	0.00000000	0.00000000	0.00000000	0.00000000	0.00000000	0.10000000	0.10000000	0.00000000	0.00000000	0.20000000	0.10000000	0.00000000	0.00000000	0.00000000	0.00000000	0.00000000	0.00000000	0.00000000	0.00000000	0.00000000	0.00000000	0.00000000	0.00000000	0.10000000	0.00000000	0.00000000	0.00000000	0.00000000	0.00000000	0.00000000
0.00000000	0.00000000	0.00000000	0.00000000	0.00000000	0.00000000	0.00000000	0.00000000	0.00000000	0.20000000	0.00000000	0.20000000	0.00000000	0.00000000	0.00000000	0.00000000	0.00000000	0.00000000	0.00000000	0.00000000	0.00000000	0.00000000	0.00000000	0.00000000	0.00000000	0.00000000	0.00000000	0.00000000	0.00000000	0.20000000	0.00000000	0.20000000	0.00000000	0.00000000	0.00000000	0.20000000	0.00000000	0.00000000	0.00000000	0.00000000	0.00000000	0.00000000	0.00000000	0.00000000	0.00000000	0.00000000	0.00000000	0.00000000	0.00000000	0.00000000
0.00000000	0.00000000	0.12500000	0.06250000	0.00000000	0.00000000	0.00000000	0.00000000	0.00000000	0.00000000	0.00000000	0.00000000	0.12500000	0.00000000	0.00000000	0.00000000	0.00000000	0.00000000	0.00000000	0.00000000	0.18750000	0.06250000	0.00000000	0.00000000	0.00000000	0.00000000	0.00000000	0.00000000	0.00000000	0.00000000	0.00000000	0.00000000	0.12500000	0.00000000	0.06250000	0.00000000	0.00000000	0.00000000	0.00000000	0.00000000	0.00000000	0.00000000	0.00000000	0.00000000	0.06250000	0.06250000	0.00000000	0.00000000	0.06250000	0.06250000
0.00000000	0.00000000	0.00000000	0.00000000	0.00000000	0.00000000	0.00000000	0.00000000	0.00000000	0.00000000	0.00000000	0.00000000	0.00000000	0.00000000	0.00000000	0.00000000	0.00000000	0.00000000	0.00000000	0.00000000	0.00000000	0.00000000	0.00000000	0.00000000	0.00000000	0.00000000	0.00000000	0.00000000	0.00000000	0.00000000	0.00000000	0.00000000	0.00000000	0.00000000	0.00000000	0.00000000	0.00000000	0.00000000	0.00000000	0.00000000	0.00000000	0.00000000	0.00000000	0.00000000	0.00000000	0.00000000	0.00000000	0.00000000	0.00000000	0.00000000
0.00000000	0.00000000	0.06250000	0.06250000	0.00000000	0.00000000	0.12500000	0.06250000	0.00000000	0.00000000	0.00000000	0.00000000	0.00000000	0.00000000	0.06250000	0.00000000	0.00000000	0.00000000	0.00000000	0.00000000	0.12500000	0.12500000	0.00000000	0.00000000	0.00000000	0.12500000	0.06250000	0.06250000	0.00000000	0.00000000	0.00000000	0.00000000	0.00000000	0.00000000	0.00000000	0.06250000	0.06250000	0.00000000	0.00000000	0.00000000	0.00000000	0.00000000	0.00000000	0.00000000	0.00000000	0.00000000	0.00000000	0.00000000	0.00000000	0.00000000
0.00000000	0.00000000	0.05454545	0.05454545	0.00000000	0.00000000	0.01818182	0.00000000	0.00000000	0.05454545	0.01818182	0.01818182	0.03636364	0.00000000	0.00000000	0.00000000	0.00000000	0.00000000	0.00000000	0.00000000	0.05454545	0.05454545	0.00000000	0.00000000	0.00000000	0.01818182	0.00000000	0.00000000	0.00000000	0.05454545	0.01818182	0.01818182	0.03636364	0.00000000	0.00000000	0.09090909	0.05454545	0.03636364	0.01818182	0.01818182	0.01818182	0.01818182	0.00000000	0.00000000	0.07272727	0.01818182	0.03636364	0.00000000	0.09090909	0.01818182
0.00000000	0.00000000	0.00000000	0.00000000	0.00000000	0.00000000	0.25000000	0.25000000	0.00000000	0.00000000	0.00000000	0.00000000	0.00000000	0.00000000	0.00000000	0.00000000	0.00000000	0.00000000	0.00000000	0.00000000	0.00000000	0.00000000	0.00000000	0.00000000	0.00000000	0.25000000	0.25000000	0.00000000	0.00000000	0.00000000	0.00000000	0.00000000	0.00000000	0.00000000	0.00000000	0.00000000	0.00000000	0.00000000	0.00000000	0.00000000	0.00000000	0.00000000	0.00000000	0.00000000	0.00000000	0.00000000	0.00000000	0.00000000	0.00000000	0.00000000
0.00000000	0.00000000	0.04081633	0.04081633	0.00000000	0.00000000	0.02040816	0.02040816	0.06122449	0.06122449	0.02040816	0.04081633	0.02040816	0.00000000	0.00000000	0.00000000	0.00000000	0.00000000	0.00000000	0.00000000	0.04081633	0.04081633	0.00000000	0.00000000	0.00000000	0.04081633	0.04081633	0.00000000	0.08163265	0.08163265	0.04081633	0.04081633	0.04081633	0.00000000	0.00000000	0.04081633	0.02040816	0.00000000	0.00000000	0.00000000	0.00000000	0.02040816	0.04081633	0.00000000	0.04081633	0.02040816	0.00000000	0.00000000	0.02040816	0.02040816
0.00000000	0.00000000	0.00000000	0.00000000	0.00000000	0.00000000	0.06818182	0.06818182	0.09090909	0.02272727	0.02272727	0.00000000	0.00000000	0.00000000	0.00000000	0.00000000	0.00000000	0.00000000	0.00000000	0.00000000	0.00000000	0.00000000	0.00000000	0.00000000	0.00000000	0.06818182	0.06818182	0.00000000	0.18181818	0.04545455	0.04545455	0.00000000	0.09090909	0.06818182	0.00000000	0.00000000	0.00000000	0.00000000	0.00000000	0.00000000	0.00000000	0.00000000	0.00000000	0.02272727	0.06818182	0.06818182	0.00000000	0.00000000	0.00000000	0.00000000
0.00000000	0.00000000	0.03000000	0.02000000	0.01000000	0.00000000	0.00000000	0.00000000	0.00000000	0.01500000	0.00000000	0.01500000	0.01500000	0.00000000	0.01000000	0.00000000	0.00000000	0.00000000	0.00000000	0.00500000	0.03000000	0.02000000	0.01000000	0.00000000	0.00500000	0.00000000	0.00000000	0.00000000	0.00000000	0.02500000	0.00000000	0.02500000	0.01500000	0.00000000	0.01000000	0.23000000	0.05000000	0.17000000	0.04500000	0.12500000	0.03500000	0.00500000	0.00000000	0.01000000	0.02500000	0.00000000	0.01500000	0.01000000	0.01000000	0.01000000
0.00000000	0.00000000	0.00000000	0.00000000	0.00000000	0.00000000	0.00000000	0.00000000	0.08333333	0.00000000	0.00000000	0.00000000	0.08333333	0.00000000	0.00000000	0.00000000	0.00000000	0.00000000	0.00000000	0.00000000	0.08333333	0.08333333	0.00000000	0.00000000	0.00000000	0.08333333	0.00000000	0.08333333	0.08333333	0.08333333	0.00000000	0.08333333	0.08333333	0.00000000	0.00000000	0.08333333	0.00000000	0.00000000	0.00000000	0.00000000	0.00000000	0.00000000	0.00000000	0.08333333	0.00000000	0.00000000	0.00000000	0.00000000	0.00000000	0.00000000
0.00000000	0.00000000	0.00000000	0.00000000	0.00000000	0.00000000	0.05555556	0.00000000	0.11111111	0.05555556	0.00000000	0.00000000	0.00000000	0.00000000	0.00000000	0.00000000	0.00000000	0.00000000	0.00000000	0.00000000	0.05555556	0.05555556	0.00000000	0.00000000	0.00000000	0.16666667	0.05555556	0.05555556	0.16666667	0.11111111	0.05555556	0.00000000	0.00000000	0.00000000	0.00000000	0.00000000	0.00000000	0.00000000	0.00000000	0.00000000	0.00000000	0.00000000	0.00000000	0.05555556	0.00000000	0.00000000	0.00000000	0.00000000	0.00000000	0.00000000
0.00000000	0.00000000	0.05405405	0.01801802	0.01801802	0.01801802	0.05405405	0.00900901	0.03603604	0.01801802	0.00900901	0.00000000	0.01801802	0.00000000	0.00000000	0.00000000	0.00000000	0.00000000	0.00000000	0.06306306	0.10810811	0.03603604	0.02702703	0.01801802	0.00000000	0.05405405	0.00900901	0.02702703	0.06306306	0.05405405	0.02702703	0.00900901	0.01801802	0.00000000	0.01801802	0.04504505	0.03603604	0.00000000	0.00000000	0.00000000	0.00000000	0.02702703	0.03603604	0.00900901	0.03603604	0.01801802	0.00900901	0.00000000	0.00000000	0.00000000
0.00000000	0.00000000	0.00000000	0.00000000	0.00000000	0.00000000	0.50000000	0.00000000	0.00000000	0.00000000	0.00000000	0.00000000	0.00000000	0.00000000	0.00000000	0.00000000	0.00000000	0.00000000	0.00000000	0.00000000	0.00000000	0.00000000	0.00000000	0.00000000	0.00000000	0.50000000	0.00000000	0.00000000	0.00000000	0.00000000	0.00000000	0.00000000	0.00000000	0.00000000	0.00000000	0.00000000	0.00000000	0.00000000	0.00000000	0.00000000	0.00000000	0.00000000	0.00000000	0.00000000	0.00000000	0.00000000	0.00000000	0.00000000	0.00000000	0.00000000
0.00000000	0.00000000	0.00000000	0.00000000	0.00000000	0.00000000	0.00000000	0.00000000	0.00000000	0.00000000	0.00000000	0.00000000	0.00000000	0.00000000	0.00000000	0.00000000	0.00000000	0.00000000	0.00000000	0.00000000	0.00000000	0.00000000	0.00000000	0.00000000	0.00000000	0.00000000	0.00000000	0.00000000	0.00000000	0.00000000	0.00000000	0.00000000	0.00000000	0.00000000	0.00000000	0.00000000	0.00000000	0.00000000	0.00000000	0.00000000	0.00000000	0.00000000	0.00000000	0.00000000	0.00000000	0.00000000	0.00000000	0.00000000	0.00000000	0.00000000
0.00000000	0.00000000	0.00000000	0.00000000	0.00000000	0.00000000	0.02272727	0.02272727	0.06818182	0.04545455	0.02272727	0.00000000	0.06818182	0.06818182	0.00000000	0.00000000	0.00000000	0.00000000	0.00000000	0.00000000	0.00000000	0.00000000	0.00000000	0.00000000	0.00000000	0.02272727	0.02272727	0.00000000	0.06818182	0.06818182	0.04545455	0.00000000	0.11363636	0.09090909	0.00000000	0.00000000	0.00000000	0.00000000	0.00000000	0.00000000	0.00000000	0.00000000	0.04545455	0.00000000	0.09090909	0.09090909	0.00000000	0.00000000	0.02272727	0.00000000
0.00000000	0.00000000	0.05303030	0.03030303	0.02272727	0.00757576	0.01515152	0.00000000	0.00757576	0.00000000	0.00000000	0.00000000	0.05303030	0.01515152	0.01515152	0.00000000	0.00000000	0.00000000	0.00000000	0.00757576	0.12121212	0.06818182	0.04545455	0.00757576	0.03030303	0.02272727	0.00000000	0.02272727	0.00757576	0.00000000	0.00000000	0.00000000	0.06060606	0.01515152	0.01515152	0.12121212	0.05303030	0.05303030	0.02272727	0.02272727	0.00757576	0.00757576	0.02272727	0.00757576	0.01515152	0.00000000	0.00757576	0.00000000	0.01515152	0.00000000
0.00000000	0.00000000	0.00000000	0.00000000	0.00000000	0.00000000	0.10256410	0.07692308	0.05128205	0.05128205	0.02564103	0.00000000	0.02564103	0.02564103	0.00000000	0.00000000	0.00000000	0.00000000	0.00000000	0.02564103	0.02564103	0.02564103	0.00000000	0.00000000	0.00000000	0.10256410	0.07692308	0.02564103	0.10256410	0.07692308	0.05128205	0.00000000	0.02564103	0.02564103	0.02564103	0.00000000	0.00000000	0.00000000	0.00000000	0.00000000	0.00000000	0.00000000	0.00000000	0.00000000	0.02564103	0.02564103	0.00000000	0.00000000	0.00000000	0.00000000
0.00000000	0.00000000	0.00000000	0.00000000	0.00000000	0.00000000	0.00000000	0.00000000	0.00000000	0.00000000	0.00000000	0.00000000	0.00000000	0.00000000	0.00000000	0.00000000	0.00000000	0.00000000	0.00000000	0.00000000	0.00000000	0.00000000	0.00000000	0.00000000	0.00000000	0.00000000	0.00000000	0.00000000	0.00000000	0.00000000	0.00000000	0.00000000	0.00000000	0.00000000	0.00000000	0.00000000	0.00000000	0.00000000	0.00000000	0.00000000	0.00000000	0.00000000	0.00000000	0.00000000	0.00000000	0.00000000	0.00000000	0.00000000	0.00000000	0.00000000
0.00000000	0.00000000	0.07407407	0.03703704	0.03703704	0.03703704	0.03703704	0.00000000	0.00000000	0.00000000	0.00000000	0.00000000	0.00000000	0.00000000	0.03703704	0.00000000	0.00000000	0.00000000	0.00000000	0.03703704	0.14814815	0.11111111	0.03703704	0.03703704	0.00000000	0.03703704	0.00000000	0.03703704	0.00000000	0.00000000	0.00000000	0.00000000	0.00000000	0.00000000	0.00000000	0.14814815	0.03703704	0.07407407	0.00000000	0.03703704	0.00000000	0.00000000	0.00000000	0.00000000	0.00000000	0.00000000	0.00000000	0.00000000	0.00000000	0.00000000
0.00000000	0.00000000	0.01754386	0.00877193	0.00877193	0.00000000	0.00000000	0.00000000	0.07894737	0.03508772	0.02631579	0.00877193	0.02631579	0.00877193	0.00877193	0.00000000	0.00000000	0.00000000	0.00000000	0.04385965	0.02631579	0.00877193	0.00877193	0.00000000	0.00000000	0.03508772	0.01754386	0.00000000	0.11403509	0.06140351	0.04385965	0.01754386	0.05263158	0.01754386	0.02631579	0.07017544	0.02631579	0.01754386	0.00877193	0.00877193	0.00877193	0.00877193	0.00000000	0.01754386	0.05263158	0.03508772	0.01754386	0.00877193	0.01754386	0.00000000
0.00000000	0.00000000	0.00000000	0.00000000	0.00000000	0.00000000	0.04651163	0.02325581	0.09302326	0.04651163	0.04651163	0.00000000	0.00000000	0.00000000	0.00000000	0.00000000	0.00000000	0.00000000	0.00000000	0.00000000	0.02325581	0.02325581	0.00000000	0.00000000	0.00000000	0.04651163	0.02325581	0.02325581	0.20930233	0.11627907	0.09302326	0.02325581	0.00000000	0.00000000	0.00000000	0.04651163	0.02325581	0.02325581	0.02325581	0.00000000	0.00000000	0.00000000	0.00000000	0.00000000	0.02325581	0.02325581	0.00000000	0.00000000	0.00000000	0.00000000
0.00000000	0.00000000	0.00000000	0.00000000	0.00000000	0.00000000	0.03947368	0.03947368	0.02631579	0.05263158	0.05263158	0.00000000	0.06578947	0.03947368	0.00000000	0.00000000	0.00000000	0.00000000	0.00000000	0.00000000	0.00000000	0.00000000	0.00000000	0.00000000	0.00000000	0.03947368	0.03947368	0.00000000	0.02631579	0.09210526	0.07894737	0.01315789	0.09210526	0.05263158	0.00000000	0.02631579	0.00000000	0.01315789	0.00000000	0.00000000	0.00000000	0.00000000	0.00000000	0.03947368	0.06578947	0.06578947	0.00000000	0.00000000	0.02631579	0.01315789
0.00000000	0.00000000	0.00000000	0.00000000	0.00000000	0.00000000	0.00000000	0.00000000	0.16666667	0.00000000	0.00000000	0.00000000	0.00000000	0.00000000	0.00000000	0.00000000	0.00000000	0.00000000	0.00000000	0.00000000	0.00000000	0.00000000	0.00000000	0.00000000	0.00000000	0.00000000	0.00000000	0.00000000	0.25000000	0.16666667	0.08333333	0.08333333	0.00000000	0.00000000	0.00000000	0.16666667	0.00000000	0.08333333	0.00000000	0.00000000	0.00000000	0.00000000	0.00000000	0.00000000	0.00000000	0.00000000	0.00000000	0.00000000	0.00000000	0.00000000
0.00000000	0.00000000	0.00925926	0.00000000	0.00925926	0.00000000	0.01851852	0.00000000	0.00000000	0.01851852	0.00000000	0.00925926	0.00000000	0.00000000	0.00000000	0.00000000	0.00000000	0.00000000	0.00000000	0.03703704	0.03703704	0.00000000	0.03703704	0.00925926	0.02777778	0.03703704	0.00000000	0.00925926	0.03703704	0.02777778	0.00000000	0.00925926	0.00000000	0.00000000	0.01851852	0.18518519	0.05555556	0.12962963	0.04629630	0.08333333	0.03703704	0.00000000	0.00925926	0.00925926	0.01851852	0.00925926	0.00925926	0.00925926	0.02777778	0.01851852
0.00000000	0.00000000	0.01111111	0.01111111	0.00000000	0.00000000	0.00000000	0.00000000	0.00000000	0.08888889	0.08888889	0.00000000	0.07777778	0.05555556	0.01111111	0.00000000	0.00000000	0.00000000	0.00000000	0.00000000	0.01111111	0.01111111	0.00000000	0.00000000	0.00000000	0.00000000	0.00000000	0.00000000	0.00000000	0.08888889	0.08888889	0.00000000	0.07777778	0.05555556	0.00000000	0.01111111	0.01111111	0.00000000	0.00000000	0.00000000	0.00000000	0.00000000	0.01111111	0.00000000	0.06666667	0.05555556	0.00000000	0.00000000	0.15555556	0.01111111
0.00000000	0.00000000	0.06896552	0.00000000	0.06896552	0.03448276	0.01724138	0.00000000	0.03448276	0.00000000	0.00000000	0.00000000	0.00000000	0.00000000	0.00000000	0.00000000	0.00000000	0.00000000	0.00000000	0.00000000	0.08620690	0.01724138	0.06896552	0.03448276	0.03448276	0.03448276	0.01724138	0.01724138	0.03448276	0.01724138	0.00000000	0.01724138	0.00000000	0.00000000	0.00000000	0.15517241	0.08620690	0.06896552	0.05172414	0.01724138	0.01724138	0.00000000	0.00000000	0.00000000	0.00000000	0.00000000	0.00000000	0.00000000	0.00000000	0.00000000
0.00000000	0.00000000	0.00000000	0.00000000	0.00000000	0.00000000	0.00000000	0.00000000	0.11111111	0.11111111	0.11111111	0.00000000	0.00000000	0.00000000	0.00000000	0.00000000	0.00000000	0.00000000	0.00000000	0.00000000	0.00000000	0.00000000	0.00000000	0.00000000	0.00000000	0.11111111	0.00000000	0.00000000	0.11111111	0.11111111	0.11111111	0.00000000	0.00000000	0.00000000	0.00000000	0.00000000	0.00000000	0.00000000	0.00000000	0.00000000	0.00000000	0.00000000	0.00000000	0.00000000	0.11111111	0.11111111	0.00000000	0.00000000	0.00000000	0.00000000
0.00000000	0.00000000	0.00000000	0.00000000	0.00000000	0.00000000	0.05000000	0.00000000	0.05000000	0.00000000	0.00000000	0.00000000	0.05000000	0.00000000	0.00000000	0.00000000	0.00000000	0.00000000	0.00000000	0.00000000	0.00000000	0.00000000	0.00000000	0.00000000	0.00000000	0.05000000	0.00000000	0.00000000	0.05000000	0.00000000	0.00000000	0.00000000	0.15000000	0.10000000	0.00000000	0.05000000	0.00000000	0.00000000	0.00000000	0.00000000	0.00000000	0.00000000	0.00000000	0.00000000	0.15000000	0.10000000	0.05000000	0.00000000	0.10000000	0.05000000
0.00000000	0.00000000	0.00000000	0.00000000	0.00000000	0.00000000	0.00000000	0.00000000	0.03448276	0.10344828	0.10344828	0.00000000	0.03448276	0.03448276	0.00000000	0.00000000	0.00000000	0.00000000	0.00000000	0.00000000	0.00000000	0.00000000	0.00000000	0.00000000	0.00000000	0.00000000	0.00000000	0.00000000	0.06896552	0.13793103	0.13793103	0.00000000	0.06896552	0.03448276	0.00000000	0.00000000	0.00000000	0.00000000	0.00000000	0.00000000	0.00000000	0.00000000	0.00000000	0.00000000	0.06896552	0.06896552	0.00000000	0.00000000	0.06896552	0.03448276
0.00000000	0.00000000	0.00000000	0.00000000	0.00000000	0.00000000	0.12500000	0.00000000	0.04166667	0.04166667	0.04166667	0.00000000	0.00000000	0.00000000	0.00000000	0.00000000	0.00000000	0.00000000	0.00000000	0.08333333	0.08333333	0.04166667	0.04166667	0.04166667	0.00000000	0.12500000	0.00000000	0.04166667	0.04166667	0.08333333	0.08333333	0.00000000	0.00000000	0.00000000	0.00000000	0.04166667	0.04166667	0.00000000	0.00000000	0.00000000	0.00000000	0.00000000	0.00000000	0.00000000	0.00000000	0.00000000	0.00000000	0.00000000	0.00000000	0.00000000
0.00000000	0.00000000	0.00000000	0.00000000	0.00000000	0.00000000	0.03846154	0.03846154	0.11538462	0.03846154	0.03846154	0.00000000	0.00000000	0.00000000	0.00000000	0.00000000	0.00000000	0.00000000	0.00000000	0.00000000	0.07692308	0.00000000	0.00000000	0.00000000	0.00000000	0.07692308	0.07692308	0.00000000	0.15384615	0.11538462	0.03846154	0.03846154	0.00000000	0.00000000	0.07692308	0.03846154	0.03846154	0.00000000	0.00000000	0.00000000	0.00000000	0.00000000	0.00000000	0.00000000	0.00000000	0.00000000	0.00000000	0.00000000	0.00000000	0.00000000
0.00000000	0.00000000	0.33333333	0.00000000	0.00000000	0.00000000	0.00000000	0.00000000	0.00000000	0.00000000	0.00000000	0.00000000	0.00000000	0.00000000	0.00000000	0.00000000	0.00000000	0.00000000	0.00000000	0.00000000	0.33333333	0.00000000	0.00000000	0.00000000	0.00000000	0.00000000	0.00000000	0.00000000	0.00000000	0.00000000	0.00000000	0.00000000	0.00000000	0.00000000	0.33333333	0.00000000	0.00000000	0.00000000	0.00000000	0.00000000	0.00000000	0.00000000	0.00000000	0.00000000	0.00000000	0.00000000	0.00000000	0.00000000	0.00000000	0.00000000
0.00000000	0.00000000	0.00000000	0.00000000	0.00000000	0.00000000	0.00000000	0.00000000	0.50000000	0.00000000	0.00000000	0.00000000	0.00000000	0.00000000	0.00000000	0.00000000	0.00000000	0.00000000	0.00000000	0.00000000	0.00000000	0.00000000	0.00000000	0.00000000	0.00000000	0.00000000	0.00000000	0.00000000	0.50000000	0.00000000	0.00000000	0.00000000	0.00000000	0.00000000	0.00000000	0.00000000	0.00000000	0.00000000	0.00000000	0.00000000	0.00000000	0.00000000	0.00000000	0.00000000	0.00000000	0.00000000	0.00000000	0.00000000	0.00000000	0.00000000
0.00000000	0.00000000	0.02439024	0.02439024	0.00000000	0.00000000	0.00000000	0.00000000	0.02439024	0.02439024	0.00000000	0.02439024	0.04878049	0.00000000	0.00000000	0.00000000	0.00000000	0.00000000	0.00000000	0.00000000	0.04878049	0.02439024	0.02439024	0.00000000	0.02439024	0.02439024	0.00000000	0.02439024	0.04878049	0.04878049	0.02439024	0.02439024	0.09756098	0.00000000	0.02439024	0.07317073	0.04878049	0.02439024	0.02439024	0.00000000	0.00000000	0.00000000	0.02439024	0.09756098	0.02439024	0.00000000	0.00000000	0.00000000	0.07317073	0.00000000
0.00000000	0.00000000	0.00000000	0.00000000	0.00000000	0.00000000	0.00000000	0.00000000	0.25000000	0.00000000	0.00000000	0.00000000	0.00000000	0.00000000	0.00000000	0.00000000	0.00000000	0.00000000	0.00000000	0.00000000	0.00000000	0.00000000	0.00000000	0.00000000	0.00000000	0.00000000	0.00000000	0.00000000	0.25000000	0.25000000	0.25000000	0.00000000	0.00000000	0.00000000	0.00000000	0.00000000	0.00000000	0.00000000	0.00000000	0.00000000	0.00000000	0.00000000	0.00000000	0.00000000	0.00000000	0.00000000	0.00000000	0.00000000	0.00000000	0.00000000
0.00000000	0.00000000	0.00000000	0.00000000	0.00000000	0.00000000	0.00000000	0.00000000	0.00000000	0.50000000	0.00000000	0.00000000	0.00000000	0.00000000	0.00000000	0.00000000	0.00000000	0.00000000	0.00000000	0.00000000	0.00000000	0.00000000	0.00000000	0.00000000	0.00000000	0.00000000	0.00000000	0.00000000	0.00000000	0.50000000	0.00000000	0.00000000	0.00000000	0.00000000	0.00000000	0.00000000	0.00000000	0.00000000	0.00000000	0.00000000	0.00000000	0.00000000	0.00000000	0.00000000	0.00000000	0.00000000	0.00000000	0.00000000	0.00000000	0.00000000
0.00000000	0.00000000	0.00000000	0.00000000	0.00000000	0.00000000	0.00000000	0.00000000	0.00000000	0.00000000	0.00000000	0.00000000	0.00000000	0.00000000	0.00000000	0.00000000	0.00000000	0.00000000	0.00000000	0.00000000	0.00000000	0.00000000	0.00000000	0.00000000	0.00000000	0.00000000	0.00000000	0.00000000	0.00000000	0.00000000	0.00000000	0.00000000	0.00000000	0.00000000	0.00000000	0.00000000	0.00000000	0.00000000	0.00000000	0.00000000	0.00000000	0.00000000	0.00000000	0.00000000	0.00000000	0.00000000	0.00000000	0.00000000	0.00000000	0.00000000
0.00000000	0.00000000	0.02941176	0.02941176	0.00000000	0.00000000	0.00000000	0.00000000	0.05882353	0.05882353	0.05882353	0.00000000	0.02941176	0.00000000	0.02941176	0.00000000	0.00000000	0.00000000	0.00000000	0.00000000	0.02941176	0.02941176	0.00000000	0.00000000	0.00000000	0.00000000	0.00000000	0.00000000	0.05882353	0.08823529	0.08823529	0.00000000	0.05882353	0.02941176	0.00000000	0.02941176	0.02941176	0.00000000	0.00000000	0.00000000	0.00000000	0.00000000	0.02941176	0.02941176	0.05882353	0.05882353	0.00000000	0.00000000	0.08823529	0.00000000
0.00000000	0.00000000	0.03921569	0.00000000	0.03921569	0.03921569	0.01960784	0.00000000	0.01960784	0.01960784	0.00000000	0.00000000	0.01960784	0.01960784	0.00000000	0.00000000	0.00000000	0.00000000	0.00000000	0.00000000	0.05882353	0.01960784	0.03921569	0.03921569	0.00000000	0.01960784	0.00000000	0.01960784	0.01960784	0.03921569	0.00000000	0.01960784	0.01960784	0.01960784	0.01960784	0.13725490	0.07843137	0.05882353	0.03921569	0.01960784	0.01960784	0.00000000	0.00000000	0.00000000	0.03921569	0.01960784	0.01960784	0.01960784	0.00000000	0.00000000
0.00000000	0.00000000	0.00000000	0.00000000	0.00000000	0.00000000	0.00000000	0.00000000	0.02777778	0.02777778	0.02777778	0.00000000	0.05555556	0.02777778	0.00000000	0.00000000	0.00000000	0.00000000	0.00000000	0.00000000	0.00000000	0.00000000	0.00000000	0.00000000	0.00000000	0.00000000	0.00000000	0.00000000	0.02777778	0.02777778	0.02777778	0.00000000	0.08333333	0.02777778	0.00000000	0.11111111	0.02777778	0.05555556	0.02777778	0.02777778	0.02777778	0.05555556	0.00000000	0.00000000	0.11111111	0.00000000	0.05555556	0.02777778	0.08333333	0.02777778
0.00000000	0.00000000	0.00000000	0.00000000	0.00000000	0.00000000	0.00000000	0.00000000	0.00000000	0.00000000	0.00000000	0.00000000	0.00000000	0.00000000	0.00000000	0.00000000	0.00000000	0.00000000	0.00000000	0.00000000	0.00000000	0.00000000	0.00000000	0.00000000	0.00000000	0.00000000	0.00000000	0.00000000	0.00000000	0.00000000	0.00000000	0.00000000	0.00000000	0.00000000	0.00000000	0.00000000	0.00000000	0.00000000	0.00000000	0.00000000	0.00000000	0.00000000	0.00000000	0.00000000	0.00000000	0.00000000	0.00000000	0.00000000	0.00000000	0.00000000
0.00000000	0.00000000	0.00000000	0.00000000	0.00000000	0.00000000	0.00000000	0.00000000	0.00000000	0.33333333	0.00000000	0.00000000	0.00000000	0.00000000	0.00000000	0.00000000	0.00000000	0.00000000	0.00000000	0.00000000	0.00000000	0.00000000	0.00000000	0.00000000	0.00000000	0.00000000	0.00000000	0.00000000	0.00000000	0.33333333	0.00000000	0.00000000	0.00000000	0.00000000	0.00000000	0.00000000	0.00000000	0.00000000	0.00000000	0.00000000	0.00000000	0.00000000	0.33333333	0.00000000	0.00000000	0.00000000	0.00000000	0.00000000	0.00000000	0.00000000
0.00000000	0.00000000	0.00000000	0.00000000	0.00000000	0.00000000	0.09090909	0.00000000	0.00000000	0.00000000	0.00000000	0.00000000	0.09090909	0.09090909	0.00000000	0.00000000	0.00000000	0.00000000	0.00000000	0.00000000	0.09090909	0.09090909	0.00000000	0.00000000	0.00000000	0.09090909	0.00000000	0.09090909	0.00000000	0.00000000	0.00000000	0.00000000	0.09090909	0.09090909	0.00000000	0.00000000	0.00000000	0.00000000	0.00000000	0.00000000	0.00000000	0.00000000	0.00000000	0.00000000	0.09090909	0.09090909	0.00000000	0.00000000	0.00000000	0.00000000
0.00000000	0.00000000	0.00000000	0.00000000	0.00000000	0.00000000	0.07692308	0.00000000	0.07692308	0.00000000	0.00000000	0.00000000	0.07692308	0.00000000	0.00000000	0.00000000	0.00000000	0.00000000	0.00000000	0.00000000	0.07692308	0.00000000	0.07692308	0.00000000	0.07692308	0.07692308	0.00000000	0.07692308	0.07692308	0.00000000	0.00000000	0.00000000	0.07692308	0.00000000	0.00000000	0.15384615	0.00000000	0.07692308	0.00000000	0.00000000	0.00000000	0.00000000	0.00000000	0.00000000	0.00000000	0.00000000	0.00000000	0.00000000	0.00000000	0.00000000
0.00000000	0.00000000	0.02564103	0.00000000	0.02564103	0.00000000	0.00000000	0.00000000	0.00000000	0.02564103	0.02564103	0.00000000	0.05128205	0.00000000	0.00000000	0.00000000	0.00000000	0.00000000	0.00000000	0.00000000	0.05128205	0.02564103	0.02564103	0.00000000	0.02564103	0.00000000	0.00000000	0.00000000	0.00000000	0.05128205	0.02564103	0.00000000	0.05128205	0.00000000	0.02564103	0.17948718	0.02564103	0.15384615	0.02564103	0.12820513	0.02564103	0.00000000	0.00000000	0.02564103	0.00000000	0.00000000	0.00000000	0.00000000	0.00000000	0.00000000
0.00000000	0.00000000	0.00000000	0.00000000	0.00000000	0.00000000	0.00000000	0.00000000	0.00000000	0.00000000	0.00000000	0.00000000	0.00000000	0.00000000	0.00000000	0.00000000	0.00000000	0.00000000	0.00000000	0.00000000	0.00000000	0.00000000	0.00000000	0.00000000	0.00000000	0.00000000	0.00000000	0.00000000	0.00000000	0.00000000	0.00000000	0.00000000	0.00000000	0.00000000	0.00000000	0.00000000	0.00000000	0.00000000	0.00000000	0.00000000	0.00000000	0.00000000	0.00000000	0.00000000	0.00000000	0.00000000	0.00000000	0.00000000	0.00000000	0.00000000
0.00000000	0.00000000	0.00000000	0.00000000	0.00000000	0.00000000	0.00000000	0.00000000	0.00000000	0.00000000	0.00000000	0.00000000	0.00000000	0.00000000	0.00000000	0.00000000	0.00000000	0.00000000	0.00000000	0.00000000	0.00000000	0.00000000	0.00000000	0.00000000	0.00000000	0.00000000	0.00000000	0.00000000	0.00000000	0.00000000	0.00000000	0.00000000	0.00000000	0.00000000	0.00000000	0.00000000	0.00000000	0.00000000	0.00000000	0.00000000	0.00000000	0.00000000	0.00000000	0.00000000	0.00000000	0.00000000	0.00000000	0.00000000	0.00000000	0.00000000
0.00000000	0.00000000	0.00000000	0.00000000	0.00000000	0.00000000	0.00000000	0.00000000	0.00000000	0.00000000	0.00000000	0.00000000	0.00000000	0.00000000	0.00000000	0.00000000	0.00000000	0.00000000	0.00000000	0.00000000	0.00000000	0.00000000	0.00000000	0.00000000	0.00000000	0.00000000	0.00000000	0.00000000	0.00000000	0.00000000	0.00000000	0.00000000	0.00000000	0.00000000	0.00000000	0.00000000	0.00000000	0.00000000	0.00000000	0.00000000	0.00000000	0.00000000	0.00000000	0.00000000	0.00000000	0.00000000	0.00000000	0.00000000	0.00000000	0.00000000
0.00000000	0.00000000	0.00000000	0.00000000	0.00000000	0.00000000	0.00000000	0.00000000	0.00000000	0.00000000	0.00000000	0.00000000	0.00000000	0.00000000	0.00000000	0.00000000	0.00000000	0.00000000	0.00000000	0.00000000	0.00000000	0.00000000	0.00000000	0.00000000	0.00000000	0.00000000	0.00000000	0.00000000	0.00000000	0.00000000	0.00000000	0.00000000	0.00000000	0.00000000	0.00000000	0.00000000	0.00000000	0.00000000	0.00000000	0.00000000	0.00000000	0.00000000	0.00000000	0.00000000	0.00000000	0.00000000	0.00000000	0.00000000	0.00000000	0.00000000
0.00000000	0.00000000	0.01851852	0.01851852	0.00000000	0.00000000	0.07407407	0.03703704	0.03703704	0.09259259	0.07407407	0.01851852	0.00000000	0.00000000	0.00000000	0.00000000	0.00000000	0.00000000	0.00000000	0.00000000	0.03703704	0.03703704	0.00000000	0.00000000	0.00000000	0.07407407	0.03703704	0.01851852	0.03703704	0.11111111	0.09259259	0.01851852	0.03703704	0.00000000	0.00000000	0.01851852	0.01851852	0.00000000	0.00000000	0.00000000	0.00000000	0.00000000	0.00000000	0.00000000	0.01851852	0.01851852	0.00000000	0.00000000	0.03703704	0.01851852
0.00000000	0.00000000	0.02127660	0.00000000	0.02127660	0.00000000	0.03546099	0.00709220	0.02836879	0.01418440	0.00000000	0.00709220	0.00709220	0.00000000	0.00000000	0.00000000	0.00000000	0.00000000	0.00000000	0.02127660	0.07092199	0.01418440	0.04964539	0.00709220	0.04255319	0.04255319	0.00709220	0.02836879	0.02836879	0.01418440	0.00000000	0.00709220	0.02836879	0.00000000	0.00709220	0.14893617	0.07092199	0.07092199	0.04964539	0.02127660	0.01418440	0.02127660	0.00000000	0.00000000	0.02836879	0.00000000	0.02127660	0.00709220	0.02127660	0.01418440
0.00000000	0.00000000	0.00000000	0.00000000	0.00000000	0.00000000	0.02564103	0.00000000	0.02564103	0.02564103	0.00000000	0.02564103	0.00000000	0.00000000	0.00000000	0.00000000	0.00000000	0.00000000	0.00000000	0.00000000	0.02564103	0.00000000	0.02564103	0.00000000	0.00000000	0.02564103	0.00000000	0.02564103	0.02564103	0.07692308	0.02564103	0.05128205	0.00000000	0.00000000	0.00000000	0.20512821	0.02564103	0.10256410	0.02564103	0.02564103	0.02564103	0.05128205	0.05128205	0.00000000	0.02564103	0.00000000	0.02564103	0.02564103	0.02564103	0.00000000
0.00000000	0.00000000	0.00000000	0.00000000	0.00000000	0.00000000	0.00000000	0.00000000	0.00000000	0.15000000	0.15000000	0.00000000	0.05000000	0.05000000	0.00000000	0.00000000	0.00000000	0.00000000	0.00000000	0.00000000	0.00000000	0.00000000	0.00000000	0.00000000	0.00000000	0.00000000	0.00000000	0.00000000	0.00000000	0.15000000	0.15000000	0.00000000	0.05000000	0.05000000	0.05000000	0.05000000	0.00000000	0.00000000	0.00000000	0.00000000	0.00000000	0.00000000	0.00000000	0.00000000	0.05000000	0.00000000	0.05000000	0.00000000	0.00000000	0.00000000
0.00000000	0.00000000	0.00000000	0.00000000	0.00000000	0.00000000	0.00000000	0.00000000	0.08333333	0.00000000	0.00000000	0.00000000	0.16666667	0.00000000	0.00000000	0.00000000	0.00000000	0.00000000	0.00000000	0.08333333	0.00000000	0.00000000	0.00000000	0.00000000	0.00000000	0.08333333	0.00000000	0.00000000	0.08333333	0.00000000	0.00000000	0.00000000	0.25000000	0.00000000	0.00000000	0.00000000	0.00000000	0.00000000	0.00000000	0.00000000	0.00000000	0.00000000	0.08333333	0.16666667	0.00000000	0.00000000	0.00000000	0.00000000	0.00000000	0.00000000
