0.5449574831814592
0.7052165993661528
0.5392816077404787
0.5395125837556102
0.6235697815142212
0.5268123476151945
0.5375265303589837
0.6064654787200532
0.5825397029391651
0.6056499873836758
0.7933548310661617
0.4555555565555556
0.8547151376593879
0.5738345025149368
0.6546144413169475
0.5941183762887893
0.6176601047523977
0.5182577716754893
0.5632155026797802
0.5398146915684812
0.5388732030974418
0.6863680475582832
0.4555555565555556
0.6663563008072866
0.5597879169347445
0.707813339562071
0.4555555565555556
0.6674607317400943
0.5421687007606798
0.5215284541822112
0.5833229380117764
0.5738223513582119
0.6386284163020713
0.6144841718461787
0.6136695902168204
0.507146274450161
0.6651398920018328
0.6842695224466733
0.5975426632317967
0.79230282244366
0.5959248911871443
0.6020165821416961
0.6255371381848953
0.531637269604696
0.5175322426134059
0.5967333229701964
0.7753080554523819
0.6720557049645327
0.4562185578228833
0.4555555565555556
0.9119003674666718
0.5522827973758806
0.5317121302867763
0.4651832397550586
0.6879686125237074
0.58033989587938
0.45762483384304564
0.5218404349779416
0.5136722881326689
0.4555555565555556
0.6273407594195312
0.5079824045247185
0.6083431283108098
0.7517623013070129
0.519192353973034
0.602199160006727
0.576742597447304
0.572735036595384
0.9119003674666718
0.4555555565555556
0.4905139692347595
0.6821472412909264
0.6705021638927892
0.7908255917169361
0.57599096525324
0.5324031000839737
0.6753578496189863
0.4555555565555556
0.7677758018914298
0.8100673650211954
0.5982062755325261
0.7517623013070129
0.4555555565555556
0.769514930626477
0.7420690399334942
0.4555555565555556
0.5765113686363191
0.520340036178
0.6562075365542578
0.6288753853659335
0.7441507918878867
