0.5440470351763765
0.7530252161606643
0.5542052756651225
0.5766350797863508
0.561442525234194
0.540918074579932
0.587173032177931
0.5155915881142904
0.5506850512765121
0.6039173208857532
0.7536621428935184
0.7741603689347077
0.4388888933888891
0.5406627250500482
0.6236541811519988
0.5449028639577373
0.5191055936928415
0.5402543268127165
0.5858423849853688
0.5643331405562755
0.5075745507862641
0.4388888933888891
0.7041875570566832
0.5690987283995922
0.5002758729782603
0.6738062594057244
0.7985046092407658
0.5271953282555757
0.49581422051062657
0.5641666034807228
0.7603401635084392
0.5049745372953744
0.5132516793295019
0.4388888933888891
0.7799439699804596
0.49073757341605506
0.6232068664464537
0.7154178987657684
0.6645934434649848
0.4388888933888891
0.6445629072555025
0.516768046435848
0.7555037835236403
0.4557589897066797
0.523630424415288
0.6189034583416823
0.5425161492914208
0.535394367173853
0.47538904064867626
0.7799439699804596
0.4388888933888891
0.5224283121008664
0.5553479959190873
0.48874271608479103
0.4388888933888891
0.6542021652337651
0.4467093782185672
0.483724402591355
0.48793330773486093
0.61301570998921
0.5744413506603503
0.5707182073548903
0.592499095368828
0.5698577647302381
0.585108866325861
0.5554763235196019
0.532772806506704
0.5139588487417446
0.8205474539157406
0.7530252161606643
0.49214082104401624
0.6630494748981124
0.7536621428935184
0.4388888933888891
0.49472948710107323
0.5278485196503732
0.5569007778637746
0.4388888933888891
0.759034889328899
0.6303749883860613
0.5709175424566821
0.5916167738075375
0.4388888933888891
0.4388888933888891
0.4388888933888891
0.4388888933888891
0.4678768947733599
0.518260968368795
0.552116458156387
0.6057263213557155
0.657565861718138
