0.15584077111748984
1.0
0.3983409540646068
0.10208563190808692
0.38860031434000736
0.16028085180991575
0.27311116548888814
0.3090631471405961
0.4415037599278846
0.03629696189335762
0.999999995
0.499999995
0.5
0.5302917652402606
0.5118005008647253
0.4038651094639907
0.3353478421150216
0.355674027665818
0.3693192740061578
0.4432480394320596
0.2926684091629065
0.5000000099999999
0.499999995
0.5
0.14462248558454638
1.0
0.5
0.4448889245202137
0.24046281839222136
0.255704128446158
0.4419826912242225
0.4741859272001796
0.50556674595998
0.5000000099999999
0.6340014278720393
0.18640094158004772
1.0
0.6471030524721656
0.6789898556737228
0.499999995
0.3251956737373611
0.3198517660280209
1.0
0.21417925788173153
0.20365661076753278
0.12756450084603452
0.770426029819711
0.2651768980862069
0.1339110547559253
0.5
0.5
0.2968054173669783
0.09408031883013154
0.25329054706385024
0.5
0.2818904901981726
0.13741151094938403
0.25726031641970726
0.11720860012523335
0.5
0.1183718975662095
0.26637375241945993
0.21878872433349367
0.8392167831272805
0.24270858613970958
0.4484004907766348
0.41389465493068206
0.44826231105748077
0.999999995
0.5
0.20141665043549484
0.5518585781295487
1.0
0.5
0.2012920939918511
0.24950593696301737
0.5215656257901824
0.0
0.33333333499999995
0.7147815619808663
0.5581262783000607
1.0000000249999998
0.0
0.5
0.5
0.0
0.31128972862055365
0.07703014966663077
0.642547996797308
0.3471681435687003
0.7295739601802891
