cluster 0: 
0.03634940666666667,0.056332919999999995,0.04053235888888889,0.012439435555555553,0.12084969555555555,0.08762020666666664,0.020455103333333335,0.05445048222222223,0.04355316555555556,0.005364691111111111,0.003984428888888889,0.05152668444444444,0.05190937666666667,0.013640636666666666,0.09788834,0.011766942222222222,0.029693025555555554,0.010496103333333333,0.008080644444444444,0.002415458888888889,0.002415458888888889,0.06696848444444443,0.00865504111111111,0.003984428888888889,0.003980481111111111,0.015281439999999999,0.006718,0.07138262555555555,0.034183743333333336,0.02708119111111111
0.030213572063603398,0.024939304474558492,0.02047374231219938,0.016264264866603245,0.025565759673797255,0.03100292259236072,0.019174520044974615,0.03679808313898151,0.036781503029503566,0.010041897350986179,0.007893389442959982,0.043768070679242904,0.022843574787143103,0.015690279057551666,0.03521045023823183,0.012848069051871636,0.0264875574275936,0.01672206074301716,0.012921639278899659,0.006831949440042626,0.006831949440042626,0.044731883427376024,0.010682170256660233,0.007893389442959982,0.006916732146087557,0.018779669166888963,0.01459099394012241,0.03984737430749152,0.03230685648868329,0.02652145249294886

cluster 1: 
0.025484779166666666,0.03805922333333333,0.0164336325,0.017117077500000005,0.028779543333333334,0.013026533333333335,0.02541979916666667,0.08254283083333333,0.033923592499999995,0.039614895,0.023335339166666663,0.023555282499999997,0.02116641333333333,0.022924904166666673,0.01781588666666667,0.012457910833333335,0.10074479000000003,0.09314397166666667,0.04516839,0.043741543333333334,0.020081605833333332,0.05277803833333333,0.052190974999999994,0.028686047500000002,0.018931931666666665,0.011952266666666668,0.026081849166666667,0.028043449166666665,0.0226316225,0.014165875833333333
0.026949720489350612,0.023273227536324267,0.017993037586116062,0.009877542321820348,0.019661379925358886,0.014858646368270077,0.017217047183868114,0.03508045517605196,0.020338089183333297,0.02963347364046794,0.022928090919519976,0.03316830157512192,0.023299124992816552,0.011689660159656381,0.020763166271038858,0.00920115637073176,0.022669614395262293,0.053028573636253386,0.02045486610869689,0.036748394549133104,0.011498651231094063,0.02099193748770697,0.037256927937189405,0.026675852527980905,0.017969515243264463,0.013522582253565904,0.01381522507526356,0.035411622279866786,0.029696201262266728,0.018905891668435204

cluster 2: 
0.091387765,0.111174865,0.10330934,0.0072868225,0.09402131124999998,0.07600213249999999,0.08251951625000001,0.00166666625,0.00166666625,0.0,0.0,0.0232621075,0.13059788375,0.00869885875,0.09796180374999999,0.02608742,0.02249565125,0.0064120375,0.0047453700000000005,8.3333375E-4,0.0,0.0069047625,0.00479166625,0.00479166625,0.0,0.033948098749999996,0.01195028375,0.02674501375,0.0106588325,0.01008012875
0.07844343427523412,0.05055708667307507,0.05529613857349398,0.015363121926731518,0.04416002227810054,0.03547002955946497,0.04497667431077495,0.004409584416044604,0.004409584416044604,0.0,0.0,0.025985099299420982,0.05041024793744496,0.0173050740585467,0.05084389403293279,0.018738005004082615,0.026808731878707186,0.015290102041903406,0.010910981116119899,0.002204793861616872,0.0,0.011968875989846278,0.008796996399892603,0.008796996399892603,0.0,0.03213648833175789,0.013163905887282218,0.03186921993743294,0.016084549340653554,0.01482598872042809