[0.02862769 0.03067718 0.03519688 0.03851105 0.03902622 0.0249619
 0.0222039  0.02880164 0.02491462 0.03884018 0.03904621 0.03300919
 0.03164375 0.01984457 0.02581497 0.0243961  0.03374386 0.02167769
 0.01452678 0.02445659 0.01756688 0.02595986 0.01825818 0.01419971
 0.0458111 ]
[0.02933217 0.03047776 0.02472099 0.02240511 0.02403784 0.03170326
 0.03198151 0.01995937 0.02995625 0.02584963 0.02913732 0.02832227
 0.02352013 0.02671346 0.0333577  0.0103596  0.01895205 0.01890702
 0.01702478 0.03807898 0.02436581 0.03447246 0.04168998 0.01906157
 0.01177712]
[0.03224242 0.03433655 0.0225909  0.02010891 0.03246578 0.03238087
 0.03142364 0.03999417 0.03983885 0.02485457 0.0290057  0.0312073
 0.03221379 0.03753611 0.03169305 0.02160113 0.02691961 0.02375706
 0.04172014 0.01958192 0.01457752 0.02214596 0.01782924 0.02293512
 0.03558493]
[0.03427915 0.03886161 0.02933473 0.0331721  0.0352058  0.03952406
 0.0317319  0.0347678  0.04359098 0.04048851 0.03088968 0.03823742
 0.03531255 0.03586858 0.04071558 0.01491127 0.0244014  0.00820126
 0.03625235 0.00724369 0.05033329 0.03827877 0.04971317 0.0287045
 0.03823632]
[0.02345734 0.03726104 0.02775518 0.04123313 0.03128651 0.02528879
 0.03094744 0.03011004 0.02801256 0.02342473 0.0242501  0.03495193
 0.03092157 0.03134488 0.0250435  0.04487924 0.01682584 0.04333478
 0.03009557 0.04243274 0.01162859 0.02165798 0.01507134 0.01141591
 0.01016405]
[0.0308794  0.02478033 0.02977786 0.0316203  0.03502132 0.03125212
 0.02540721 0.02803168 0.02408912 0.03138199 0.02465529 0.02473206
 0.02275864 0.03507292 0.02912905 0.0278976  0.03120682 0.03964263
 0.01383075 0.03178865 0.03606171 0.0114806  0.01704067 0.04047758
 0.02509831]
