cluster 0: 
0.08889854727272727,0.05310209363636364,0.031009228181818182,0.02245270090909091,0.03017367090909091,0.005695224545454545,0.021124148181818177,0.05210934,0.013541591818181818,0.03419732181818181,0.020932867272727276,0.02622261636363636,0.011012553636363637,0.07529063727272725,0.0475655009090909,0.023502266363636358,0.018443844545454547,0.02017832090909091,0.11131129727272727,0.08221084636363636,0.04123007,0.034514640909090906,0.008142797272727272,0.017127925454545452,0.04034120909090909,0.03559121,0.020447439999999997,0.013630094545454547
0.04291183144654081,0.037866528383366675,0.019400081260843315,0.021055432115901482,0.01989300398273563,0.007779761812269253,0.013122858830876211,0.025970540903977754,0.013751782037589177,0.027635097187873513,0.02057619599113592,0.030477033510015756,0.010987506387956585,0.04618632915937455,0.02318609561801189,0.01558630305994586,0.022167178986917637,0.013279005944414977,0.030332320310588325,0.04956144559837309,0.024419967777352725,0.02814781687995115,0.009138964702083542,0.016141607184342727,0.026082859399627477,0.035911647869559235,0.022733513003590094,0.014804614073128667

cluster 1: 
0.008534518750000001,0.008534518750000001,0.0,0.00327605125,0.12334404500000001,0.1075396525,0.04014362125,0.0934022075,0.08404763124999999,0.009354575,0.06170564,0.0183335925,0.008940213749999999,0.02625181,0.0011574075,0.0,0.04245752125,0.00525599125,0.0205146125,0.0081971675,0.0081971675,0.0,0.13206489125,0.10275342874999999,0.01313997875,0.038553655,0.017623537499999998,0.01667656875
0.010289469906670895,0.010289469906670895,0.0,0.005991113076143359,0.05569969892592262,0.05221978477625859,0.03170110334670681,0.04193036217182954,0.047940812291131035,0.016904411458535756,0.029658226893703118,0.02106522136808723,0.0096955057214734,0.027422577578436625,0.00306221241056099,0.0,0.03728021277624178,0.009189431196882423,0.03143136450963621,0.015889932672129035,0.015889932672129035,0.0,0.06022173056083959,0.04526726006876394,0.022973579235034555,0.025276848136381147,0.01729321531696806,0.017194952582709727

cluster 2: 
0.030894334999999995,0.024553854000000003,0.004989024,0.008452522,0.022348037999999997,0.016570922,0.064077727,0.10449349000000001,0.09601677,0.007426188,0.020672048000000002,0.071105464,0.034734663,0.02610478,0.007001858,0.006576326,0.085429969,0.005925926,0.028418391000000005,0.009617452,0.004095566,0.005521886,0.018814636000000003,0.109527776,0.007889151,0.08281677,0.058548222999999996,0.037376258
0.027366784669596557,0.022710382687185702,0.00984843048292285,0.014800345769151338,0.017712667075819387,0.014703802199471264,0.04864160370023239,0.04040022391988935,0.043674469576221765,0.011276027786085666,0.011357785572180697,0.03906126316930245,0.02759141903699447,0.023307074559577395,0.014292116802708268,0.014304203228611655,0.049817489066772615,0.014948471179932886,0.03198278028680823,0.0187133334271117,0.007237992133193017,0.011821204086318959,0.014165018485460722,0.0530084397562264,0.011435694308242463,0.04599738797022675,0.05193307991920045,0.031181366553571