cluster 0: 
0.021453459999999997,0.017510374444444445,0.0029094944444444447,0.028550723333333337,0.022993481111111116,0.07281334444444446,0.12380458888888889,0.10892359333333333,0.009309832222222222,0.02750336222222223,0.04682511111111112,0.02074022777777778,0.0029094944444444447,0.0029094944444444447,0.0,0.03137894,0.0747690288888889,0.007023264444444445,0.019508455555555554,0.011759575555555556,0.005488456666666666,0.006271118888888889,0.029132968888888895,0.002713057777777778,0.03846393777777778,0.1274796411111111,0.010468887777777778,0.05887527333333334,0.038829836666666666,0.028680976666666667
0.021078040687358864,0.016167025263541912,0.004637398451651556,0.02510879187115851,0.025388955491549403,0.04419349791983384,0.03510533792558823,0.043264594564354046,0.012853268665605629,0.013346131279633711,0.04089270011837659,0.017052059712054847,0.004637398451651556,0.004637398451651556,0.0,0.03286444134189345,0.04122554174220865,0.01233932671617514,0.021790720337550983,0.019673863292954667,0.008017319172714641,0.012474026936958467,0.02463040076503806,0.004526564415120976,0.03451691087899694,0.044108398471723535,0.013700830396748286,0.04875340382041147,0.043739299012649176,0.031250784934723025

cluster 1: 
0.08302611545454547,0.04839013090909092,0.029733388181818185,0.024949609090909094,0.00438251,0.021831166363636363,0.050688132727272725,0.01037790909090909,0.03749007,0.017147353636363636,0.019748413636363638,0.06952020272727273,0.04626340818181818,0.02099067818181818,0.020835353636363633,0.007026306363636364,0.020776064545454543,0.015786317272727272,0.10782465000000001,0.09928097363636365,0.03954361181818182,0.053990337272727285,0.005957711818181818,0.022858422727272728,0.01290108090909091,0.01341074181818182,0.04238772363636363,0.02897379909090909,0.01444556909090909,0.009462252727272729
0.038630743622670737,0.039352685169708204,0.020011316132433586,0.01720102175394318,0.007381874883336643,0.018248052451077062,0.0318103805076202,0.01398594031549571,0.03325601057408447,0.017958047924264673,0.03215847926901035,0.04878511359014403,0.029665829432979504,0.01779655474704524,0.017638993308232695,0.008623794792976501,0.026578893757913308,0.011837693816834803,0.02757207785876337,0.09419382287609052,0.023609130513936503,0.07510464835112902,0.008441251798088004,0.017680185058016523,0.012747360211811026,0.01652687936368114,0.03195266581528492,0.03775672832696288,0.021480916822027046,0.014269755176270285

cluster 2: 
0.008508435,0.008508435,0.0,0.13372545833333332,0.11358046833333334,0.03546440333333334,0.07145275333333334,0.05973500000000001,0.011717751666666667,0.05572606,0.02092570833333333,0.02249311,0.0014367816666666668,0.0,0.0014367816666666668,0.016564163333333333,0.03657396333333334,0.011552391666666667,0.0307278,0.012768531666666666,0.012768531666666666,0.0,0.134993655,0.015006386666666668,0.015384028333333334,0.08063669666666667,0.01644316833333333,0.041112126666666665,0.017222005000000002,0.013535403333333335
0.006518228405573481,0.006518228405573481,0.0,0.058846128174341664,0.058273216848593316,0.031073990138177014,0.023972736847709366,0.02810409389729843,0.0174180016403934,0.011858333543133285,0.01644871370133383,0.026375813688084268,0.0032127414754921104,0.0,0.0032127414754921104,0.015448811058290395,0.03799659710712293,0.012120320418446615,0.029398150630647386,0.015901402953402588,0.015901402953402588,0.0,0.06600784663567805,0.022076877569809448,0.014410539102272125,0.03193194102012574,0.023530338359183882,0.02297129062764699,0.01572383461131619,0.011483005484798926