0.3351856324367056
0.2951774206817703
0.36630046760687873
0.3941038812881554
0.3340432701670676
0.33406216331501104
0.403754621483056
0.3728699297426696
0.4345827642610699
0.4497109958655149
0.4496917661195785
0.32066353302406786
0.40642443276543583
0.343090561578288
0.4657034684084242
0.2811408617423404
0.35541798826134063
0.6531873146461686
0.48791354718172025
0.4931871565631752
0.4289481225494997
0.3286837647558715
0.3538461185892372
0.3709336649890786
0.3320532471478453
0.3147942478573008
0.32337700564835375
0.43596834746271823
0.3516520968943724
0.3815728112921714
0.3700118649180953
0.33716150574339165
0.47232226270458644
0.3053160856599275
0.45372833272918583
0.35319513084406245
0.4728703853981309
0.27740889112648776
0.3597535210413472
0.4723513124553137
0.4382365659825182
0.42421249085545615
0.332148655399383
0.4393429107354742
0.2810942668584374
0.31537111474180385
0.4424644752249145
0.5193703036175102
0.44685566013658
0.33037765750320436
0.41429561884383953
0.404890072092137
0.4752802567104347
0.387428011020892
0.3398148806575984
0.3327629569126014
0.4510185128604277
0.3537448892611407
0.3371571063552108
0.34464559868839356
0.35793391679248654
0.3959830402571501
0.6024347887646048
0.3370976294414848
0.37079331238747193
0.33028944670035526
0.4930455547817529
0.6029337483088972
