0.13429086018389233
0.10957623851404596
0.022997797482607663
0.13324601415656143
0.10516349603814436
0.18041723364308293
0.13331267045580888
0.20207263697097055
0.041966577590296775
0.312087148464404
0.29356765300524856
0.18904333774186294
0.2050314033308323
0.18106575777785286
0.2601687575314966
0.12578951439471178
0.10818027265616267
0.7330022340246063
0.3256080055363738
0.4836541888103415
0.12336160807254623
0.15336459386896995
0.2532774380244355
0.07318271245949529
0.14456667649585198
0.29570632566252925
0.1818364951437636
0.17215467846424837
0.2568516033062064
0.15504437568854068
0.052880269395187876
0.18542957490371448
0.33264706087304596
0.07475246273245129
0.23268299642748064
0.046094134750382584
0.32828447409331385
0.09975807089219721
0.2056160156187707
0.3850096546001802
0.10684226507165255
0.06351814584148788
0.13072376053271095
0.14944242434951593
0.12222017289054499
0.16121300333542637
0.08908273503884621
0.06492405486800629
0.08202179738021648
0.16393704364263118
0.07012532720843917
0.2547586725798542
0.1756798805359601
0.3177608393413503
0.11634441703264486
0.16301387139314558
0.20404560917809605
0.07420306795701287
0.14163323462032507
0.18306673933307363
0.4401232126174469
0.1870139415938623
0.5896684071806111
0.11597351465621136
0.06072811534535272
0.09797864851439629
0.4475744844653262
0.44018938729339224
