cluster 0: 
0.02886395857142857,0.05234125428571429,0.044269198571428574,0.005913427142857143,0.002956712857142857,0.1153837,0.07795818857142857,0.04476038714285714,0.05450285428571429,0.03595954285714286,0.013990430000000002,0.08143326285714285,0.00481541,0.051017025714285714,0.06925779142857143,0.00807793,0.002956712857142857,0.002962587142857143,0.023876654285714283,0.00865245,0.03831404714285715,0.01698981142857143,0.01482531,0.002164502857142857,0.002164502857142857,0.10366816571428572,0.01713732285714286,0.04949032,0.01831665571428571,0.006979912857142857
0.040537618762214456,0.044403923959521176,0.042946216927678416,0.00939142265066635,0.004695710075489007,0.02138675917257752,0.03531314848284799,0.04135060880351917,0.027693954525637055,0.02070469856990003,0.014725256921385108,0.07245742316206999,0.011795297402295544,0.0625619821371569,0.04347496116299504,0.009524179503898786,0.004695710075489007,0.005336399108084333,0.024196424957918215,0.01430374482778249,0.027711458381100725,0.018516795600635835,0.01770167101400236,0.005301927546796311,0.005301927546796311,0.04955149301510266,0.020528430880567786,0.01972901299831364,0.018521425836022495,0.012099319778956542

cluster 1: 
0.03230649181818182,0.08012337999999998,0.04699451727272727,0.02795027818181818,0.013693249090909092,0.032461979999999994,0.010541673636363637,0.01470006,0.04504716727272727,0.012407207272727273,0.029162366363636363,0.018411827272727273,0.037864884545454544,0.027362808181818184,0.07095127272727274,0.04228263454545455,0.02053221090909091,0.017069835454545452,0.006532626363636363,0.017696248181818183,0.09018123545454546,0.08536389727272728,0.03657159818181818,0.042866333636363635,0.017598373636363636,0.01296166090909091,0.02129655,0.01448539272727273,0.033775269090909096,0.04080698181818182
0.02593824846861723,0.037396255431966355,0.030503992469583713,0.019638098943722457,0.010377241914538017,0.02331645472362305,0.016176267249443085,0.01292705965455268,0.02454512510342906,0.014799806711737267,0.02148651425406951,0.020097716895194878,0.041007816746956555,0.025011343816694207,0.03972009928905747,0.025867918592338682,0.014088287246508553,0.011658547932041002,0.0069812602259585205,0.015581059856799227,0.028848687862423374,0.057302568171623394,0.025092032203268617,0.03375326144703522,0.014068358988074346,0.016171915346316477,0.01353485824466521,0.015006431323377254,0.019780043167810905,0.041242979404882925

cluster 2: 
0.005542155,0.018053282,0.013673816,0.004379466,0.0037734050000000005,0.057313427999999986,0.047817201,0.071095551,0.14135845600000002,0.125073934,0.012301881,0.053295592999999995,0.027224915000000006,0.009096618,0.015631229,0.011585795000000001,0.008984785,0.00260101,0.05268719000000001,0.008252114999999999,0.032960157000000004,0.011926700000000002,0.008580398,0.0026706259999999997,0.0019949499999999997,0.058756023000000004,0.008696229,0.14100974900000002,0.014366445,0.029296901000000004
0.007214682456178165,0.018610894885390545,0.012689322525634851,0.009426561268043825,0.009493581786349398,0.03261390074334832,0.031507115198591076,0.03543070457456483,0.03378892001341777,0.04679876190274721,0.01744223195932817,0.036321291929199064,0.02724651244711743,0.01340495378082282,0.013296873865157518,0.014142463010635205,0.014816580056253366,0.005217015114940726,0.04247438280141526,0.01147485760393239,0.035521979952368096,0.018625138588638207,0.013283115153792652,0.004516233302023269,0.004356994422525693,0.0397911194695123,0.01375268546794658,0.046624930179981705,0.02127638242598739,0.03069902778652492