0.04660985	0.08615979	0.00000000	0.12386048	0.17060828	0.00233801	0.00000000	0.00000000	0.00000000	0.34534430	0.00000000	0.00509739	0.29542445	0.10377399	0.05852634	0.21025749	0.03613593	0.00000000	0.01325339	0.00000000
0.00000000	0.06770484	0.05748284	0.00000000	0.35043054	0.00000000	0.00000000	0.00000000	0.00000000	0.05860695	0.17082108	0.00000000	0.23195065	0.02019529	0.13245169	0.25387421	0.00000000	0.00000000	0.00000000	0.00000000
0.04886861	0.01049527	0.33001375	0.18383296	0.01464242	0.04003758	0.18968270	0.05815002	0.08093105	0.06841592	0.05964566	0.29271429	0.08299257	0.01535416	0.07713010	0.00000000	0.04021307	0.00294787	0.27217953	0.00000000
0.00000000	0.47267170	0.00000000	0.00000000	0.00000000	0.00000000	0.00000000	0.00742714	0.00000000	0.23717631	0.00000000	0.00000000	0.13216614	0.39057518	0.00000000	0.09269474	0.00000000	0.00000000	0.00000000	0.00000000
0.00000000	0.00058447	0.05826073	0.13877528	0.28472448	0.00592043	0.00000000	0.00000000	0.00399329	0.00887500	0.15355842	0.00000000	0.22152409	0.00000000	0.22207746	0.05911820	0.00612936	0.00892114	0.00000000	0.00000000
0.07482564	0.00000000	0.32823561	0.00000000	0.00000000	0.08753032	0.22624153	0.02758735	0.15899804	0.00000000	0.05114453	0.40173169	0.00000000	0.00000000	0.02208898	0.00000000	0.01004705	0.04114322	0.24661607	0.02126099
0.00000000	0.09693678	0.00000000	0.00000000	0.00000000	0.00109606	0.00000000	0.00696438	0.00000000	0.18736793	0.00000000	0.00000000	0.11934477	0.11353759	0.00000000	0.06523328	0.00000000	0.00082572	0.00000000	0.00232558
0.00000000	0.10627884	0.00000000	0.00000000	0.08575447	0.00000000	0.00000000	0.00000000	0.00000000	0.10540185	0.00000000	0.00000000	0.06077884	0.03888747	0.01319610	0.27199014	0.00000000	0.00000000	0.00000000	0.00000000
0.02174222	0.01071420	0.02444600	0.05092584	0.00490792	0.39553204	0.00000000	0.00000000	0.20140739	0.05288195	0.14946840	0.08006022	0.01960785	0.01046796	0.15222191	0.02022057	0.00119455	0.39166887	0.02657923	0.08254276
0.04135278	0.00527056	0.00000000	0.04152662	0.00889588	0.06247465	0.00000000	0.36171969	0.04838248	0.00000000	0.09558451	0.01151445	0.00000000	0.00000000	0.02840226	0.00945925	0.34164211	0.00000000	0.00257110	0.00000000
0.02188328	0.00000000	0.33279382	0.00000000	0.00000000	0.04801029	0.18414702	0.03573678	0.08494067	0.00070857	0.06232784	0.28487166	0.00000000	0.00000000	0.02866419	0.00000000	0.01152088	0.00649339	0.26998882	0.00000000
0.08427026	0.02344817	0.06964164	0.04366618	0.00590863	0.00823361	0.24737696	0.00000000	0.00000000	0.03019988	0.00000000	0.04127924	0.05329565	0.03409176	0.00000000	0.00000000	0.00178757	0.00000000	0.17867917	0.18907119
0.06590032	0.00749357	0.00000000	0.04220994	0.00767926	0.10599530	0.05409123	0.01190412	0.13389860	0.02783560	0.00000000	0.13534486	0.01426678	0.00743119	0.01265485	0.02720630	0.00000000	0.00000000	0.00202119	0.38079310
0.00000000	0.05798899	0.00000000	0.00000000	0.05485328	0.00000000	0.00000000	0.00000000	0.00000000	0.08277640	0.00012090	0.00000000	0.04775974	0.01317418	0.00000000	0.21906752	0.00000000	0.00000000	0.00000000	0.00000000
0.04744377	0.00000000	0.01974786	0.00000000	0.00000000	0.41268015	0.00087042	0.00000000	0.19080738	0.00000000	0.15305825	0.13924549	0.00000000	0.00000000	0.00000000	0.00000000	0.00000000	0.35318149	0.00000000	0.16367888
0.00000000	0.00000000	0.05658285	0.05343436	0.24005843	0.00000000	0.00000000	0.00000000	0.00000000	0.00000000	0.15592343	0.00000000	0.16224569	0.00542444	0.13845654	0.00066785	0.00000000	0.00000000	0.00000000	0.00000000
0.02401024	0.00000000	0.01336472	0.04471996	0.00985274	0.00000000	0.00000000	0.29114631	0.00111893	0.00000000	0.00691131	0.00000000	0.00000000	0.00000000	0.01658064	0.00000000	0.31018658	0.00000000	0.01062039	0.00000000
0.15295073	0.00000000	0.05031072	0.00000000	0.02749859	0.00000000	0.24448304	0.02183727	0.01138550	0.00424215	0.00000000	0.09048800	0.02507896	0.00000000	0.00000000	0.00000000	0.03810340	0.00000000	0.00000000	0.06566446
0.00000000	0.35148360	0.00036016	0.00000000	0.00214687	0.00000000	0.00042066	0.00138381	0.00000000	0.03486282	0.00059912	0.00009618	0.00783767	0.25180190	0.00460261	0.02684004	0.00000000	0.00000000	0.00000000	0.00000000
0.00799555	0.01541816	0.00000000	0.21388160	0.02723877	0.00000000	0.00000000	0.01303298	0.00000000	0.05993374	0.00000000	0.00000000	0.10311186	0.01407366	0.03993196	0.00000000	0.02920850	0.00000000	0.00391552	0.00000000
0.01496679	0.00000000	0.02974519	0.00000000	0.00000000	0.35727460	0.00000000	0.00000000	0.16400839	0.00000000	0.15584812	0.08656688	0.00000000	0.00000000	0.00000000	0.00000000	0.00000000	0.36266002	0.02179035	0.03593436
0.00000000	0.07960787	0.00000000	0.00000000	0.00000000	0.00000000	0.00000000	0.00674803	0.00000000	0.06161188	0.00000000	0.00000000	0.01811455	0.08496350	0.01561623	0.02482887	0.00000000	0.00000000	0.00000000	0.00000000
0.04076204	0.02019758	0.00188266	0.01548687	0.00000000	0.00385671	0.00000000	0.00000000	0.00105066	0.10793441	0.00000000	0.00656007	0.08260587	0.06832609	0.00000000	0.00000000	0.01321566	0.00000000	0.01694399	0.00915593
0.00000000	0.01486365	0.00000000	0.00000000	0.06501662	0.00000000	0.00000000	0.00000000	0.00000000	0.05672219	0.00000000	0.00339368	0.01227937	0.00222499	0.00000000	0.18527983	0.00600445	0.00000000	0.00237940	0.00187746
0.00000000	0.08267811	0.00000000	0.00000000	0.01821119	0.00000000	0.00000000	0.00000000	0.00000000	0.03618512	0.00000000	0.00000000	0.04317698	0.03635588	0.01155409	0.05587954	0.00000000	0.00000000	0.00000000	0.00000000
0.00016376	0.00544881	0.00000000	0.00000000	0.00000000	0.00000000	0.00000000	0.27549489	0.18750365	0.00022540	0.00321878	0.00000000	0.00000000	0.03985120	0.00000000	0.00924330	0.21788467	0.00134690	0.00000000	0.00000000
0.00000000	0.01561104	0.00000000	0.20620231	0.02438337	0.00000000	0.00000000	0.01061122	0.00000000	0.03635125	0.00000000	0.00000000	0.07299649	0.01459724	0.04083968	0.00000000	0.02651074	0.00000000	0.00275348	0.00000000
0.01526319	0.00245277	0.00000000	0.00000000	0.00000000	0.00000000	0.00000000	0.19020440	0.04251273	0.00545427	0.00882573	0.00000000	0.00000000	0.00000000	0.00000000	0.01622699	0.16735013	0.00386201	0.00000000	0.00000000
0.01397845	0.01546457	0.00000000	0.02508205	0.00000000	0.00000000	0.18282861	0.00207586	0.00432943	0.01484418	0.00000000	0.03919379	0.04028409	0.01084267	0.00000000	0.00000000	0.02488698	0.00000000	0.00000000	0.06579377
0.00000000	0.01160038	0.00000000	0.08581842	0.00063766	0.00573108	0.00024386	0.00000000	0.00940763	0.06104505	0.00000000	0.00000000	0.03470165	0.00000000	0.05798616	0.03877676	0.00673213	0.03011252	0.01685008	0.00000000
0.00000000	0.00597161	0.00189835	0.00000000	0.04121115	0.00000000	0.00000000	0.00000000	0.00000000	0.05030462	0.00038721	0.00151546	0.00405731	0.00000000	0.00000000	0.15533648	0.00576927	0.00000000	0.00000000	0.00000000
0.01468201	0.00008512	0.00000000	0.00000000	0.00000000	0.00000000	0.00000000	0.15890444	0.00000000	0.00317422	0.00000000	0.00000000	0.00000000	0.00259502	0.00000000	0.01362112	0.13739758	0.00000000	0.00000000	0.00000000
0.18080971	0.00000673	0.03606370	0.00000000	0.00000000	0.00000000	0.00000000	0.01782589	0.00808287	0.02948146	0.00000000	0.01301508	0.03891918	0.00935867	0.00000000	0.00000000	0.01507972	0.00000000	0.00165306	0.00986272
0.00000000	0.00000000	0.00000000	0.00000000	0.04270720	0.00000000	0.00375341	0.00000000	0.00000000	0.09137604	0.00000000	0.00151771	0.05074681	0.01380340	0.01999943	0.00000000	0.00674560	0.00000000	0.00000000	0.00000000
0.00000000	0.01357233	0.00000000	0.02492230	0.00000000	0.00018503	0.16367486	0.00043697	0.00072403	0.00892947	0.00000000	0.02546217	0.03496490	0.00350123	0.00000000	0.00000000	0.02075929	0.00000000	0.00000000	0.05871891
0.00000000	0.01997451	0.00257297	0.00157331	0.00000000	0.00192720	0.00000000	0.00456802	0.00000000	0.06046354	0.00000000	0.00000000	0.02615493	0.06771121	0.00000000	0.00082944	0.00000000	0.00332844	0.00000000	0.00568514
0.00000000	0.24981076	0.00000000	0.00000000	0.00011542	0.00000000	0.00000000	0.00000000	0.00000000	0.00000000	0.00026859	0.00000000	0.00000000	0.14558276	0.00000000	0.00000000	0.00023450	0.00000000	0.00000000	0.00000000
0.00000000	0.04970819	0.00000000	0.00000000	0.01203784	0.00000000	0.00000000	0.00000000	0.00000000	0.02296050	0.00000000	0.00000000	0.03826166	0.02339602	0.00000000	0.03229434	0.00000000	0.00000000	0.00000000	0.00000000
0.10993687	0.00508909	0.03498330	0.00164013	0.00000000	0.00408735	0.03640850	0.02531294	0.01500489	0.00175971	0.00000000	0.00000000	0.03558866	0.00299161	0.00000000	0.00000000	0.00000000	0.00000000	0.08524380	0.02967057
0.00000000	0.00916489	0.00000000	0.06230170	0.00000000	0.00460557	0.00000000	0.00000000	0.00761170	0.05384780	0.00000000	0.00229808	0.02363800	0.00014906	0.05716698	0.02409773	0.00000000	0.02483601	0.02069574	0.00000000
0.00000000	0.00057138	0.00000000	0.05022445	0.08016235	0.00000000	0.00556728	0.00000000	0.00000000	0.00000000	0.00000000	0.00000000	0.00000000	0.00000000	0.22719437	0.06303795	0.00000000	0.00000000	0.00000000	0.02692642
0.00177698	0.00000000	0.01924230	0.06271956	0.00641484	0.00000000	0.00104676	0.12147036	0.01030963	0.00000000	0.00000000	0.00000000	0.00000000	0.00000000	0.03080393	0.00000000	0.14067790	0.00000000	0.01520779	0.00000000
0.00000000	0.05437775	0.00207150	0.00000000	0.00000000	0.00000000	0.00000000	0.00000000	0.00000000	0.02060124	0.00006068	0.00000000	0.00000000	0.05972289	0.00000000	0.00738845	0.00003858	0.00000000	0.00000000	0.00000000
0.00000000	0.00000000	0.00000000	0.06093895	0.05765841	0.02876826	0.00076985	0.00000000	0.00000000	0.00000000	0.00000000	0.00000000	0.00000000	0.00000000	0.29566566	0.00000000	0.00000000	0.00000000	0.00000000	0.11929324
0.00000000	0.01811726	0.00328107	0.01341398	0.00000000	0.00000000	0.00000000	0.00893983	0.00077986	0.04619426	0.00000000	0.00287465	0.03396599	0.02861113	0.00000000	0.01124849	0.00000000	0.00000000	0.00145574	0.00073310
0.01118888	0.00000000	0.00000000	0.18534415	0.04495531	0.00000000	0.00000000	0.00000000	0.00000000	0.00000000	0.00000000	0.00000000	0.04789205	0.00000000	0.04311723	0.00000000	0.01828163	0.00000000	0.00328325	0.00000000
0.04975407	0.00104657	0.00000000	0.00000000	0.00000000	0.01100750	0.02898504	0.00000000	0.07698960	0.00201955	0.00000000	0.08489561	0.00701892	0.00000000	0.00000000	0.00825740	0.00000000	0.02922546	0.00000000	0.04565541
0.04567601	0.00000000	0.02589861	0.00328084	0.00000000	0.00449416	0.04676330	0.01855281	0.00000000	0.03013082	0.00000000	0.04730196	0.02040858	0.00000000	0.00000000	0.00000000	0.01489997	0.00000000	0.00000000	0.00000000
0.00708650	0.00342822	0.00000000	0.01909887	0.00768199	0.05238529	0.00544594	0.00000000	0.03113159	0.00302610	0.00000000	0.01302774	0.00193746	0.00000000	0.02033142	0.01373381	0.00000000	0.00000000	0.00000000	0.18612494
0.02141148	0.00000000	0.00000000	0.00000000	0.00000000	0.00000000	0.00000000	0.08353736	0.00000000	0.00227490	0.00212746	0.00000000	0.00000000	0.00000000	0.00000000	0.01648692	0.10702642	0.00000000	0.00000000	0.00000000
0.00000000	0.05633682	0.00000000	0.00000000	0.00000000	0.00000000	0.00000000	0.00000000	0.00000000	0.00742147	0.00000000	0.00000000	0.00112408	0.02396346	0.02205676	0.02198534	0.00000000	0.00000000	0.00000000	0.00000000
0.03069496	0.00598065	0.00387139	0.02122843	0.00384065	0.00000000	0.02263768	0.00000000	0.02817046	0.00749357	0.00000000	0.00000000	0.02714456	0.00214590	0.00000000	0.00098734	0.00000000	0.00000000	0.08636304	0.03144746
0.00000000	0.00000000	0.00000000	0.00692091	0.00000000	0.00000000	0.18033732	0.00000000	0.00000000	0.00000000	0.00000000	0.03171927	0.00000000	0.00000000	0.00000000	0.00000000	0.01158612	0.00000000	0.00000000	0.06501021
0.00000000	0.01799978	0.00000000	0.00000000	0.02092436	0.00000000	0.00000000	0.00000000	0.00000000	0.02290590	0.00000000	0.00000000	0.04112055	0.00593288	0.00000000	0.03207235	0.00000000	0.00000000	0.00000000	0.00000000
0.00628272	0.00000000	0.00000000	0.17807555	0.03446309	0.00000000	0.00005632	0.00000000	0.00000000	0.00000000	0.00000000	0.00000000	0.04026906	0.00000000	0.04319337	0.00000000	0.01701774	0.00000000	0.00293716	0.00000000
0.00000000	0.01689491	0.00071341	0.01450283	0.00000000	0.00068651	0.00000000	0.00776685	0.00105298	0.03598474	0.00000000	0.00016015	0.02486075	0.02319722	0.00000000	0.00669286	0.00000000	0.00000000	0.00220978	0.00067598
0.07607436	0.00283585	0.03806597	0.00007457	0.00000000	0.00132118	0.03608940	0.00940673	0.00000000	0.00197699	0.00000000	0.01575356	0.01561475	0.00477627	0.00000000	0.00061632	0.00616943	0.00000000	0.00000000	0.00909465
0.03622926	0.00048850	0.00000000	0.00000000	0.00001035	0.00981346	0.03016063	0.00000000	0.07708117	0.00082470	0.00000000	0.06240429	0.00698808	0.00000000	0.00000000	0.00001650	0.00000000	0.03487786	0.00000000	0.03880406
0.00000000	0.00000000	0.00000000	0.00000000	0.04196271	0.00182145	0.00414097	0.00000000	0.00000000	0.04748356	0.00000000	0.00191176	0.03740677	0.00687259	0.02121957	0.00000000	0.00540142	0.00000000	0.00000000	0.00000000
0.04804288	0.00710065	0.00000000	0.00737981	0.00000000	0.00000000	0.00000000	0.00000000	0.00000000	0.03500545	0.00000000	0.00525891	0.00546080	0.03118775	0.00070655	0.00544679	0.01014368	0.00000000	0.00000000	0.00392888
0.00000000	0.01758730	0.00000000	0.01709843	0.00786792	0.00000000	0.00112619	0.00000000	0.00069610	0.01948414	0.00000000	0.00000000	0.03126821	0.00905336	0.01904272	0.01245236	0.00000000	0.00000000	0.00000000	0.00048116
0.02736374	0.00172870	0.00000000	0.00764145	0.01155019	0.00076894	0.00295879	0.00000000	0.00000000	0.02155070	0.00000000	0.01447824	0.01865234	0.00000000	0.00943509	0.03020956	0.00000000	0.00000000	0.00556882	0.00087724
0.00000000	0.00007157	0.05637812	0.01084021	0.00000000	0.01663741	0.06091915	0.00000000	0.00000000	0.00000000	0.00670087	0.00000000	0.00000000	0.00000000	0.00287543	0.00000000	0.00000000	0.00000000	0.15632092	0.07108601
0.03210420	0.00000000	0.00000000	0.00855961	0.00000000	0.00170075	0.00000000	0.00000000	0.00128041	0.03696779	0.00000000	0.01046746	0.04407974	0.00000000	0.00000000	0.00000000	0.00587927	0.00000000	0.00685285	0.00542633
0.00000000	0.01645205	0.00000000	0.00212267	0.00000000	0.00000000	0.00000000	0.00046590	0.00000000	0.02519157	0.00000000	0.00000000	0.00130942	0.05266446	0.00000000	0.00000000	0.00149609	0.00000000	0.00000000	0.00000000
0.00000000	0.00746527	0.02039879	0.02077162	0.01614862	0.00564670	0.02581414	0.00000000	0.00000000	0.00000000	0.00896745	0.00000000	0.00000000	0.00988962	0.00000000	0.00000000	0.00000000	0.00000000	0.13412464	0.06339488
0.00000000	0.00000000	0.00030452	0.07362324	0.00000000	0.00557257	0.00097938	0.00000000	0.00574495	0.02459667	0.00000000	0.00000000	0.02079246	0.00000000	0.05594166	0.00901417	0.00749204	0.02680808	0.00469378	0.00000000
0.00000000	0.00000000	0.00000000	0.00894069	0.00000000	0.00000000	0.15714789	0.00000000	0.00000000	0.00000000	0.00000000	0.01563765	0.00000000	0.00000000	0.00118276	0.00000000	0.00980435	0.00000000	0.00000000	0.06157107
0.29873673	0.00636105	0.00000000	0.00079135	0.00000000	0.00000000	0.00000000	0.00000000	0.01837461	0.00000000	0.00000000	0.01258735	0.02551514	0.00000000	0.00000000	0.00000000	0.02110518	0.00000000	0.00000000	0.00578713
0.00297720	0.00092576	0.00000000	0.00818777	0.00943934	0.05137320	0.00569831	0.00085248	0.02674585	0.00000000	0.00000000	0.00680954	0.00000000	0.00051013	0.02013916	0.00767764	0.00181334	0.01138126	0.00000000	0.11517845
0.00000000	0.00484253	0.00000000	0.00000000	0.00000000	0.05737057	0.00000000	0.00000000	0.11683650	0.00000000	0.43231061	0.00000000	0.00000000	0.00000000	0.00000000	0.00000000	0.00000000	0.00000000	0.05806453	0.00000000
0.03275172	0.00497316	0.00650240	0.00430978	0.00000000	0.00000000	0.01413651	0.00533798	0.00061110	0.00668633	0.00000000	0.00000000	0.02217954	0.00287709	0.00000000	0.00000000	0.00000000	0.00000000	0.07912121	0.02326622
0.02004235	0.00000000	0.01959155	0.00000000	0.00855009	0.00000000	0.05786907	0.01063662	0.00000000	0.00000000	0.00000000	0.04161987	0.00795781	0.00000000	0.00000000	0.00000000	0.00959496	0.00000000	0.00000000	0.00000000
0.09236175	0.00000000	0.03716674	0.00000000	0.00000000	0.00000000	0.00841196	0.01419154	0.01553702	0.00220568	0.00000000	0.01378640	0.00787623	0.00000000	0.00000000	0.00000000	0.00998085	0.00000000	0.00000000	0.00483851
0.00088526	0.01602789	0.00000000	0.00000000	0.01716470	0.00010658	0.00000000	0.00000000	0.00266044	0.01736961	0.00000000	0.00000000	0.00793939	0.00635923	0.00000000	0.01638617	0.00000000	0.00000000	0.00591482	0.00544059
0.10144353	0.00096518	0.00413518	0.00000000	0.00000000	0.00000000	0.00324400	0.00015635	0.00000000	0.01782901	0.00000000	0.00694899	0.00932218	0.00078440	0.00000000	0.00000000	0.02007517	0.00000000	0.00000000	0.00002129
0.00000000	0.00128886	0.00000000	0.00000000	0.00000000	0.00000000	0.00000000	0.07481217	0.14530491	0.00000000	0.00000000	0.00000000	0.00000000	0.03783794	0.00000000	0.00000000	0.04422058	0.00000000	0.00000000	0.00000000
