cluster 0: 
0.035119305384615385,0.024248279230769235,0.01000695923076923,0.033568955384615386,0.03835253769230769,0.026643936923076924,0.07503365538461539,0.09238194076923077,0.054718749230769234,0.023936651538461536,0.05220350384615385,0.042506026923076916,0.013210674615384613,0.003390720769230769,0.04218732153846154,0.023754232307692306,0.01848835230769231,0.033720021538461535,0.07125338923076924,0.01712777923076923,0.06256090923076922,0.01790300461538461,0.01160050923076923,0.0045843023076923076,0.004233055384615384,0.032946802307692306,0.03747238076923077,0.06984699230769231,0.02699905384615385
0.0369544136576447,0.028410192389653043,0.01456449541460247,0.029910510876936688,0.019977179264149287,0.023665911207633446,0.033813885768793635,0.023090893849942885,0.037032440086869255,0.025000066787727357,0.05981221811854324,0.045532122829507346,0.01989660247655657,0.0070712444035897545,0.040422915538188685,0.026699638321788656,0.020908930455776048,0.028054473153068818,0.033996854522017964,0.017135843831778894,0.050620297478458406,0.0221826603762858,0.01664060886041986,0.005994881727503573,0.005569231600744625,0.027164525179218336,0.013425597144796813,0.040717627055569534,0.025207222017083652

cluster 1: 
0.022662940000000003,0.01144896,0.002415458888888889,0.02805106111111111,0.13812279111111112,0.11933860333333333,0.02301608111111111,0.06944975333333332,0.058945607777777784,0.005072625555555555,0.05301482444444445,0.021843218888888887,0.007919416666666667,0.003088498888888889,0.050465652222222226,0.03830129444444444,0.023094065555555557,0.006843556666666667,0.014833688888888887,0.013147854444444444,0.025917704444444443,0.015363327777777777,0.012218674444444445,0.0031446544444444446,0.0010482177777777777,0.1344515488888889,0.006254041111111112,0.08226791444444444,0.008257954444444444
0.03540985242272363,0.014759663663828295,0.006831949440042626,0.025976065782142368,0.05226925067462588,0.051551806405156914,0.01925327553527419,0.0245733260229669,0.02541836367792859,0.009671773909961011,0.026314967566931732,0.020301000082726325,0.01399056196526946,0.006234922603914974,0.027002330306309892,0.0404773966011551,0.01948905456739934,0.014371075209342473,0.023886349129561866,0.02091431315256405,0.029814551218709788,0.01983521526942018,0.01460043606453216,0.008894425928620327,0.00296480759530784,0.05750776750756747,0.010553205282501135,0.03635452885141031,0.014345392843478131

cluster 2: 
0.056141372,0.015143082000000002,0.034115124,0.005928572,0.024222392000000002,0.007367548,0.014790039999999999,0.024473196,0.005644558,0.015363586000000002,0.020292843999999997,0.031176575999999994,0.061693738,0.03683443200000001,0.010831813999999999,0.010874994,0.005778024,0.005139986,0.005067962,0.02072368,0.08215889,0.21753014599999995,0.056713181999999994,0.14619066600000002,0.036249546,0.011289116,0.008472242,0.00852419,0.021268524
0.015046830476643775,0.016483746376058327,0.011308350612084152,0.009681997673518416,0.022203419220214172,0.012758138992863181,0.005769186563251358,0.014279225694193086,0.010281194692128732,0.010394025704331504,0.023660002677299598,0.03278500695490339,0.017566138685137834,0.013660430819837857,0.014277096269193676,0.01676131957524777,0.008716246408296636,0.004702643357328301,0.0044677283480014755,0.013726057258273403,0.027090807301203116,0.05922021673730606,0.025512124386279866,0.054380764021830216,0.022979446988349042,0.020562389384257463,0.00154204247468609,0.015366473069531603,0.012937922740510702