[0.03061056 0.02831649 0.02079106 0.01974644 0.02681625 0.03271232
 0.02612282 0.0227734  0.02828529 0.02637804 0.02517513 0.02904588
 0.02087632 0.03264714 0.02831893 0.01699983 0.02345265 0.02276115
 0.01573672 0.03268274 0.03070865 0.0232473  0.02728375 0.02682475
 0.01240662]
[0.02635336 0.03371982 0.0330982  0.0393733  0.03157241 0.02899135
 0.03230908 0.03287867 0.02976938 0.02930938 0.02715286 0.03189236
 0.03229689 0.0331456  0.02593254 0.03923327 0.02650175 0.04512805
 0.03135678 0.04088607 0.01560319 0.02232709 0.02149868 0.01752312
 0.01784121]
[0.03748672 0.03841367 0.02402599 0.03056205 0.03180592 0.03441834
 0.03172263 0.03467442 0.04362496 0.03435135 0.03283731 0.03462898
 0.03127606 0.03767795 0.04037716 0.01555332 0.02947439 0.0131665
 0.03914688 0.00899179 0.0332316  0.03192534 0.04341481 0.03287539
 0.04100503]
[0.02743573 0.0298483  0.03264056 0.03340694 0.04080514 0.02634495
 0.02461301 0.03122713 0.02598925 0.03258738 0.03387812 0.02998489
 0.03116044 0.02254722 0.03002301 0.02262917 0.02577391 0.0222057
 0.01667631 0.02304352 0.02130203 0.02203328 0.01269135 0.01935339
 0.04443184]
