cluster 0 low performance: 
1.0570687500000001E-4,0.0,0.0,0.0,0.0,0.0,0.0,1.689475E-4,4.73125E-5,0.0,2.26719375E-4,2.7009375E-5,0.001393520625,4.575375E-5,8.102875E-5,6.4766875E-5,2.1925374999999997E-4,1.25625625E-4,0.0014157043749999999,0.0,2.0726999999999999E-4,1.20323125E-4,2.7009375E-5,2.301825E-4,0.0,6.48388125E-4,0.0,9.8709375E-5,5.514212499999999E-4,9.8753125E-5
2.3393024632672958E-4,0.0,0.0,0.0,0.0,0.0,0.0,5.52694983608726E-4,1.8324052456743836E-4,0.0,4.627486935755296E-4,1.0460685956647093E-4,0.002856429340169446,1.772035117765376E-4,3.1382299931400427E-4,2.5084102826089733E-4,4.6327031914254713E-4,4.1911077622701294E-4,0.001970004563595503,0.0,4.554302052867157E-4,2.583009757462878E-4,1.0460685956647093E-4,6.190187649871772E-4,0.0,7.821669926174553E-4,0.0,3.167154314496837E-4,0.0018399465445933308,2.615369748410048E-4

cluster 1 low performance: 
6.163363636363636E-5,4.689818181818182E-4,8.77489090909091E-4,5.283318181818181E-4,2.647181818181818E-4,2.201190909090909E-4,8.442854545454545E-4,8.9752E-4,0.0,0.0,6.411090909090909E-5,7.111772727272727E-4,5.466236363636364E-4,0.0,0.0010652772727272727,0.0,9.86E-5,6.411090909090909E-5,0.0025892354545454547,3.4057363636363637E-4,6.163363636363636E-5,3.697209090909091E-4,0.0,6.163363636363636E-5,0.0,2.5396636363636364E-4,0.0,0.0,0.0,1.2326636363636364E-4
1.9490267138766874E-4,8.175218220364427E-4,0.002325998944768207,0.0010038844615593622,4.833212445496864E-4,6.960776837583908E-4,0.0018892118476971653,0.0012442991258097503,0.0,0.0,2.0273649559126767E-4,0.0018460332006326478,0.0013143456812648277,0.0,0.0012357523946684974,0.0,3.118005772926022E-4,2.0273649559126767E-4,0.001623839954027958,5.914510928259062E-4,1.9490267138766874E-4,5.467947875899487E-4,0.0,1.9490267138766874E-4,0.0,6.19836672332797E-4,0.0,0.0,0.0,3.8980246797746463E-4

cluster 0 hi performance: 
2.1833E-4,5.001266666666666E-5,7.272666666666666E-5,0.0,4.295533333333334E-5,0.0,2.7188666666666666E-5,1.6983399999999997E-4,2.7411999999999998E-5,0.0,2.8636933333333334E-4,0.0,2.658446666666667E-4,1.0070600000000001E-4,1.4601866666666665E-4,1.0405466666666667E-4,7.0144E-5,2.8637533333333333E-4,0.0019815453333333335,9.2968E-5,3.7573733333333333E-4,4.967733333333333E-5,0.0,5.2742666666666666E-5,1.9279999999999997E-4,8.749873333333333E-4,4.305733333333334E-5,1.5702066666666665E-4,1.86224E-4,1.9952533333333336E-4
4.959759749961013E-4,1.871302636655961E-4,1.4831968912528852E-4,0.0,1.607241402680036E-4,0.0,1.0173067546986776E-4,2.906178597585954E-4,1.0256631228624728E-4,0.0,9.75993644094514E-4,0.0,4.170731883153789E-4,2.5769535812143247E-4,2.9225039508080897E-4,2.656004588817991E-4,1.8397169107591893E-4,4.485243159943753E-4,0.0018630984860061003,2.3780951055273915E-4,8.197776210043524E-4,1.85875561221898E-4,0.0,1.9734498833148906E-4,4.091537676880581E-4,0.0010074594343692234,1.1134592454548521E-4,2.764932645464543E-4,2.8533994985630734E-4,4.8295384078766334E-4

cluster 1 hi performance: 
4.381528571428571E-4,3.29605E-4,9.215464285714286E-4,5.79105E-4,0.0,4.69135E-4,7.284614285714287E-4,8.302492857142857E-4,1.4007285714285714E-4,6.40042857142857E-5,2.219614285714286E-4,5.721621428571429E-4,5.053785714285714E-4,0.0,8.826042857142858E-4,0.0,0.0,0.0,0.004192769285714285,2.9803E-4,8.107642857142857E-5,7.606857142857143E-5,1.2106571428571428E-4,1.7769285714285712E-4,8.107642857142857E-5,0.0,0.0,0.0,9.6395E-5,3.857028571428571E-4
7.184724165540245E-4,9.003169683168732E-4,0.0016513159143483425,0.0014119018582280632,0.0,9.13929381030457E-4,0.0013187396517284284,0.0014616655117045874,3.445885383722898E-4,2.3077073399230442E-4,5.662514557642232E-4,9.572493552897024E-4,0.001283525085907986,0.0,0.0010585213157089488,0.0,0.0,0.0,0.0025223143735168085,6.01743875629111E-4,2.9232522044577927E-4,2.742691347370092E-4,4.365086405578159E-4,4.352709633160964E-4,2.9232522044577927E-4,0.0,0.0,0.0,3.4755711519835126E-4,6.196598227763885E-4

