cluster 0 low performance: 
2.3994875E-4,4.6886875E-5,0.0,0.0,4.0270625E-5,0.0,0.0,2.9820375E-4,0.0,0.0,2.95309375E-4,0.0,0.0010504656249999999,4.575375E-5,9.345937499999999E-5,4.65725E-5,1.9453125E-4,1.4821562499999999E-4,0.002251714375,8.71575E-5,9.232625E-5,1.19583125E-4,3.289475E-4,1.55860625E-4,9.345937499999999E-5,6.85391875E-4,0.0,2.1104625E-4,3.901375E-5,3.7748E-4
4.917043978458374E-4,1.8159208603070882E-4,0.0,0.0,1.5596745996636406E-4,0.0,0.0,6.631183568364229E-4,0.0,0.0,6.764788258278002E-4,0.0,0.0023499517210359045,1.772035117765376E-4,2.472718626954134E-4,1.8037451689124494E-4,4.5823522950656846E-4,4.363641469141448E-4,0.0021732822944194596,2.3135515286297386E-4,2.442832738562702E-4,2.5648650314682124E-4,0.0012740081892765641,6.036456049544794E-4,2.472718626954134E-4,6.834029210065131E-4,0.0,6.503762568590102E-4,1.510996040230996E-4,7.604382966503593E-4

cluster 1 low performance: 
1.97239E-4,2.4215E-4,0.0022287,4.8315900000000004E-4,2.53464E-4,0.0,8.21468E-4,2.9383E-4,0.0,0.0,1.97239E-4,8.21468E-4,0.001259746,0.0,4.22901E-4,1.72117E-4,1.0846E-4,0.0,0.0038029920000000003,6.58567E-4,0.0,1.0846E-4,0.0,0.0,0.0,5.54564E-4,0.0,0.0,9.794300000000001E-5,2.7006E-4
5.91717E-4,4.875748706609068E-4,0.004223151063900036,0.0010150227855811908,5.230221100527205E-4,0.0,0.0019590814566719785,8.8149E-4,0.0,0.0,5.91717E-4,0.0019590814566719785,0.001726689003458353,0.0,8.820108857655897E-4,5.163509999999999E-4,3.2538E-4,0.0,0.002867258606794302,8.198550664727274E-4,0.0,3.2538E-4,0.0,0.0,0.0,0.001368727313530347,0.0,0.0,2.93829E-4,5.650119695900257E-4

cluster 0 hi performance: 
2.166191666666667E-4,0.0,9.737333333333332E-5,1.2227916666666667E-4,0.0,0.0,1.5626500000000002E-4,3.0038E-4,0.0,4.073E-5,4.1910166666666665E-4,6.114E-5,3.505475E-4,1.0870166666666666E-4,6.114E-5,6.797166666666666E-5,7.471583333333333E-5,2.6362416666666664E-4,0.001967118333333333,0.0,3.730408333333333E-4,1.026275E-4,3.858E-5,1.0450833333333333E-4,1.1638749999999999E-4,0.0011846858333333333,1.0958166666666667E-4,1.2779416666666666E-4,3.3456999999999996E-4,3.398583333333333E-5
4.3321311134471936E-4,0.0,1.7448902211568748E-4,4.055541155106664E-4,0.0,0.0,4.1093555138448014E-4,6.885061861862005E-4,0.0,1.3508612771117543E-4,0.0010781580235200013,2.0277843968232915E-4,3.7717892025591334E-4,2.520573587444378E-4,2.0277843968232915E-4,2.2543651470844048E-4,1.678844288718846E-4,4.5039591995003566E-4,0.00203758700075127,0.0,5.110109607672868E-4,3.4037691067219866E-4,1.2795538441191134E-4,2.4309986980091582E-4,3.8601366778748903E-4,0.0013128338144224394,2.0764585383264674E-4,2.4293037646132046E-4,6.869063068691877E-4,1.1271825735422024E-4

cluster 1 hi performance: 
1.1250235294117646E-4,4.7638117647058826E-4,5.999994117647059E-4,7.013176470588235E-4,1.929405882352941E-4,4.512323529411764E-4,4.939758823529412E-4,6.778723529411765E-4,1.2515647058823528E-4,4.299941176470588E-5,0.0,5.752970588235294E-4,2.713323529411765E-4,0.0,7.741576470588235E-4,0.0,0.0,1.6523470588235295E-4,0.0041611823529411765,1.4864411764705884E-4,8.287999999999999E-5,2.792552941176471E-4,9.970117647058824E-5,1.8621588235294116E-4,4.299941176470588E-5,2.0511529411764706E-4,0.0,0.0,1.3840823529411765E-4,2.5124529411764705E-4
3.225487793210858E-4,9.702350039332942E-4,0.0011913509926301444,0.001370185996487679,4.8059622540769556E-4,8.621700920661115E-4,8.58715409352549E-4,0.0013259277642045893,3.427553299356671E-4,1.7199764705882345E-4,0.0,8.407349408545492E-4,5.968943388665486E-4,0.0,9.9453758032405E-4,0.0,0.0,6.609388235294117E-4,0.0039042938255412045,4.1273394853256297E-4,2.271582884505091E-4,6.053099885971664E-4,3.9880470588235306E-4,4.1760121495285876E-4,1.7199764705882345E-4,6.701553513935288E-4,0.0,0.0,5.536329411764706E-4,5.484871994765415E-4

