cluster 0 low performance: 
6.0829090909090914E-5,0.0,4.443272727272727E-5,0.0,0.0,0.0,0.0,4.303690909090909E-4,6.881818181818181E-5,1.1346E-4,5.283490909090909E-4,6.902727272727272E-5,0.0010388009090909092,4.443272727272727E-5,0.0,0.0,1.1325090909090908E-4,1.6640454545454545E-4,0.0015822636363636365,0.0,5.375445454545454E-4,1.8077545454545454E-4,0.0,6.881818181818181E-5,1.269681818181818E-4,9.009336363636363E-4,9.482636363636363E-5,3.0414545454545457E-5,0.0010311272727272726,6.881818181818181E-5
1.9235847527016966E-4,0.0,1.4050862083489976E-4,0.0,0.0,0.0,0.0,9.138683326731538E-4,2.176221989770421E-4,2.474998512396247E-4,0.001111815466019875,2.182834024878045E-4,0.0021492472870178803,1.4050862083489976E-4,0.0,0.0,2.469545201211439E-4,4.311740932376838E-4,0.00206526519677376,0.0,6.191751640891237E-4,3.9660350320195866E-4,0.0,2.176221989770421E-4,4.015086449158333E-4,0.0013251418455551547,2.1076973727367318E-4,9.617923763508483E-5,0.002204433321328516,2.176221989770421E-4

cluster 1 low performance: 
4.5197999999999997E-5,3.5515533333333333E-4,6.663133333333333E-4,5.209366666666666E-4,2.1694799999999998E-4,3.285053333333333E-4,3.837413333333333E-4,8.421733333333333E-4,7.099733333333333E-5,0.0,4.701466666666667E-5,2.861286666666666E-4,5.072206666666667E-4,0.0,8.040246666666666E-4,0.0,0.0,2.3428066666666665E-4,0.0035408840000000002,2.1707066666666665E-4,4.5197999999999997E-5,4.26682E-4,1.1299466666666666E-4,1.2874E-4,0.0,3.73508E-4,0.0,0.0,1.5686266666666666E-4,9.039533333333334E-5
1.6911543056740856E-4,7.426570587277967E-4,0.0020413260434846976,8.146159119459646E-4,5.044053918321387E-4,8.376711812548459E-4,7.052923410602316E-4,0.001133140234661575,2.6564769670791834E-4,0.0,1.759127748200479E-4,5.410343289153552E-4,0.0011883463678544605,0.0,0.001176605374897728,0.0,0.0,7.101384187557302E-4,0.0034450992816265832,4.569842673800586E-4,1.6911543056740856E-4,7.097278981994906E-4,4.227873291993926E-4,3.4461266215854577E-4,0.0,8.459102389591934E-4,0.0,0.0,5.869263554423919E-4,3.3822836669655934E-4

cluster 0 hi performance: 
3.5098875E-4,1.0161562499999999E-4,6.60575E-5,0.0,4.0270625E-5,0.0,0.0,2.9820375E-4,5.472875E-5,1.132875E-5,2.73288125E-4,0.0,5.700375E-4,1.43915625E-4,1.3689249999999998E-4,4.65725E-5,2.1718875E-4,1.4795E-4,0.002304944375,8.71575E-5,3.64643125E-4,1.19583125E-4,3.289475E-4,0.0,9.345937499999999E-5,8.451118749999999E-4,8.8714375E-5,2.9046187499999997E-4,1.22154375E-4,4.45086875E-4
6.251057559412947E-4,2.6976305665733655E-4,2.1357348417757764E-4,0.0,1.5596745996636406E-4,0.0,0.0,6.631183568364229E-4,2.1196353730874916E-4,4.387606008334727E-5,6.934730206109206E-4,0.0,8.676604212946733E-4,3.0147892444930437E-4,2.8516916708552136E-4,1.8037451689124494E-4,4.5701726068162623E-4,3.2126025409704817E-4,0.002050418649419457,2.3135515286297386E-4,7.946808073978409E-4,2.5648650314682124E-4,0.0012740081892765641,0.0,2.472718626954134E-4,9.697923074892037E-4,2.4193780233690098E-4,6.957522247199318E-4,2.5463978901501107E-4,8.408768856431863E-4

cluster 1 hi performance: 
3.499692857142857E-4,1.729642857142857E-4,0.0015619185714285714,1.2294071428571427E-4,6.995928571428573E-5,1.7006785714285716E-4,8.993607142857142E-4,4.610228571428572E-4,6.40042857142857E-5,6.40042857142857E-5,2.219614285714286E-4,7.430614285714286E-4,8.527364285714287E-4,0.0,6.137471428571429E-4,1.2294071428571427E-4,7.747142857142857E-5,0.0,0.0037344142857142853,4.4039500000000006E-4,8.107642857142857E-5,7.747142857142857E-5,0.0,0.0,8.107642857142857E-5,3.9611714285714287E-4,0.0,0.0,1.663542857142857E-4,3.703714285714286E-4
6.905311338741287E-4,4.2634876335015224E-4,0.003710376733020626,4.432690491993111E-4,2.5224179183769253E-4,6.131883792368562E-4,0.0019448983988206694,9.492600370094936E-4,2.3077073399230442E-4,2.3077073399230442E-4,5.662514557642232E-4,0.001735887298608232,0.001555822302989677,0.0,0.0010054812103339843,4.432690491993111E-4,2.7932720809773165E-4,0.0,0.0024343214553538156,7.177925193431596E-4,2.923252204457793E-4,2.7932720809773165E-4,0.0,0.0,2.923252204457793E-4,0.001183603270190701,0.0,0.0,4.134421594148723E-4,6.042039915796786E-4

