[0.03309463 0.03216958 0.02732974 0.03123713 0.03520048 0.029167
 0.02474148 0.03281602 0.03417153 0.03173797 0.03250249 0.03301804
 0.03014185 0.02843098 0.03143364 0.01592243 0.02583708 0.0210504
 0.02502581 0.01833215 0.02854087 0.02767533 0.02679626 0.02395802
 0.03771283]
[0.02541348 0.03168222 0.0295268  0.0311525  0.0305182  0.03105027
 0.03259229 0.02692529 0.02623977 0.02859884 0.02596619 0.02877549
 0.02737171 0.0332721  0.02830777 0.03538955 0.02611088 0.03546181
 0.02351455 0.04047986 0.01861929 0.01976714 0.02060238 0.02159798
 0.01616152]
