[0.02683339 0.03422756 0.02890833 0.0305624  0.02897787 0.02972097
 0.03249726 0.02747039 0.02781233 0.02753176 0.02661214 0.02981388
 0.02917505 0.03388842 0.0288604  0.0355882  0.02456096 0.03666762
 0.02725866 0.04309427 0.01755281 0.02131658 0.022168   0.02107123
 0.01135066]
[0.03087631 0.029437   0.03103629 0.03538851 0.03986783 0.02673732
 0.02688254 0.03181077 0.02549329 0.03339609 0.03195163 0.02901077
 0.02938685 0.02495879 0.02893393 0.02185253 0.02968408 0.0229246
 0.01880754 0.02488425 0.0215275  0.02239619 0.01401204 0.02278441
 0.04375626]
[0.0317417  0.03216737 0.0231212  0.02550407 0.02868731 0.03592473
 0.0240673  0.03156352 0.04288828 0.02979864 0.03013462 0.03632937
 0.02742928 0.03461159 0.03349795 0.01252633 0.02231359 0.02082495
 0.02830017 0.01080121 0.03831047 0.03096213 0.04271904 0.02594006
 0.02881052]
