cluster 0: 
0.027074511000000002,0.011280532,0.020744777,0.017676006,0.0013761469999999999,0.0013761469999999999,0.08687826000000001,0.080177152,0.054310973000000005,0.100504551,0.096860262,0.051343901000000004,0.04765240400000001,0.024450682,0.019884961,0.029814512999999997,0.002151341,0.0013761469999999999,7.75194E-4,0.096440719,0.12220887200000001,0.004103006,0.026140688000000002,0.015182664000000002,0.009380556,0.0057108309999999995,0.003669725,0.0013761469999999999,0.030801635,0.009276711
0.030714836151928427,0.013345143729619998,0.037796078555028444,0.03540306337495675,0.004128440999999999,0.004128440999999999,0.043110294904181994,0.040642127818243175,0.03446663069003526,0.0407338576474798,0.04374481056354498,0.04906893994464899,0.037169737203649744,0.022832238138398433,0.01824800620732383,0.036337787540145876,0.004507637400475885,0.004128440999999999,0.0023255819999999996,0.050793978534294876,0.05268120220049003,0.006323054409374001,0.031097501572415687,0.02319574694054762,0.019111287408915288,0.012299794785665693,0.011009175,0.004128440999999999,0.035623206775529985,0.014718211738433068

cluster 1: 
0.08519341,0.04985040666666666,0.027896290000000004,0.023547887777777776,0.0038795788888888894,0.003410755555555556,0.029993685555555556,0.01788038555555556,0.01968151222222222,0.07495464,0.0556620088888889,0.03764111333333334,0.1014297388888889,0.08096108444444444,0.05395017111111111,0.030270595555555557,0.006140516666666667,0.0038795788888888894,0.0010661944444444445,0.020369411111111114,0.06491745,0.018154463333333332,0.026503683333333337,0.04272721888888889,0.018213336666666666,0.00987517,0.008338166666666667,0.006546051111111111,0.06441331,0.012652187777777777
0.027703532359264222,0.01827696568697453,0.024487742915151562,0.02339139320378558,0.007055248617218633,0.0071565532266046,0.026481437551094417,0.015547733348068679,0.013099862410421449,0.02326274450655764,0.028161522173240583,0.019731657699805942,0.03047502341358154,0.03717384285660613,0.022242922254289962,0.021855827540455054,0.007871547604686415,0.007055248617218633,0.0020132206702313865,0.014727081119196283,0.03162513985093786,0.02236191284793509,0.01987049275874042,0.037969535928131015,0.032038492654518635,0.016742527426996594,0.015340517595384816,0.010838831698567726,0.04780496140774442,0.017258343262663668

cluster 2: 
0.011511301111111111,0.007327866666666667,0.10345944111111112,0.043223561111111114,0.04991278,0.029933255555555555,0.020454979999999998,0.004722925555555556,0.018228513333333335,0.028629277777777778,0.010459483333333333,0.02171156111111111,0.01689912,0.01628261111111111,0.010253387777777777,0.060785986666666667,0.06702909555555554,0.035889317777777784,0.026514455555555556,0.00787028,0.014842155555555557,0.019740930000000004,0.010349145555555557,0.11277975666666669,0.10101111222222224,0.049318066666666674,0.048218206666666666,0.02182188111111111,0.01055204888888889,0.02026749777777778
0.013473912479007923,0.01015937517433145,0.02333139246623334,0.027178695208295637,0.027953756639542308,0.023390759147417412,0.009287187259325494,0.007614883364348051,0.015537333727643807,0.020937675241694906,0.013454468584882869,0.017492731949348084,0.01961539577794443,0.018614521712553372,0.013480167592220456,0.02728024385072587,0.034540232185166365,0.0274600694056555,0.019604023221067045,0.008776408898323835,0.018713401693729852,0.013107532941512,0.009901340214922772,0.021623280606025846,0.05520092936033691,0.019562733256931832,0.04007774055583529,0.011801151538676632,0.01221092247421813,0.013703867383622266