dsa24	0.0,0.0,0.0,0.0,0.0,0.0,0.04166667,0.01041667,0.015625,0.01041667,0.046875,0.00520833,0.05729167,0.00520833,0.02604167,0.01041667,0.109375,0.04166667,0.00520833,0.00520833,0.00520833,0.01041667,0.05208333,0.05208333,0.015625,0.00520833,0.01041667,0.015625,0.00520833,0.01041667
jhb32	0.01760563,0.01408451,0.03521127,0.02112676,0.01056338,0.01056338,0.01408451,0.00352113,0.03873239,0.02816901,0.02816901,0.01760563,0.04577465,0.00352113,0.01408451,0.04225352,0.07746479,0.02464789,0.02464789,0.02112676,0.02464789,0.02464789,0.01760563,0.01760563,0.03521127,0.00704225,0.01408451,0.02464789,0.01760563,0.00704225
snb39	0.07095344,0.06430155,0.04545455,0.01330377,0.02993348,0.02771619,0.01995565,0.00332594,0.01884701,0.01441242,0.01219512,0.00332594,0.00997783,0.00221729,0.01441242,0.01219512,0.15631929,0.02660754,0.03880266,0.03547672,0.00332594,0.00443459,0.03436807,0.02882483,0.03325942,0.00554324,0.00776053,0.02771619,0.00332594,0.00221729
pmp27	0.05343511,0.04834606,0.03053435,0.00763359,0.0178117,0.01272265,0.02798982,0.00254453,0.0178117,0.01272265,0.02798982,0.0,0.0178117,0.00508906,0.0178117,0.02035623,0.13994911,0.02035623,0.02798982,0.02290076,0.00763359,0.00763359,0.03816794,0.03053435,0.02544529,0.00254453,0.00763359,0.02035623,0.0,0.00508906
jmk195	0.03461538,0.02884615,0.02115385,0.0,0.01730769,0.01346154,0.03269231,0.0,0.02307692,0.01923077,0.025,0.0,0.00961538,0.0,0.00961538,0.01153846,0.15192308,0.0,0.02692308,0.01923077,0.01153846,0.00192308,0.06538462,0.06153846,0.02692308,0.00192308,0.00384615,0.03076923,0.00192308,0.0
atg23	0.03278689,0.03278689,0.08196721,0.03278689,0.03278689,0.01639344,0.01639344,0.01639344,0.01639344,0.0,0.04918033,0.03278689,0.04918033,0.03278689,0.01639344,0.01639344,0.09836066,0.03278689,0.04918033,0.03278689,0.0,0.01639344,0.03278689,0.03278689,0.0,0.0,0.01639344,0.0,0.03278689,0.04918033
tjg49	0.04958678,0.04958678,0.07438017,0.0,0.05785124,0.04958678,0.01652893,0.0,0.01652893,0.01652893,0.00826446,0.0,0.01652893,0.0,0.00826446,0.00826446,0.15702479,0.0,0.09090909,0.08264463,0.01652893,0.00826446,0.02479339,0.00826446,0.01652893,0.0,0.0,0.03305785,0.0,0.0
mlk93	0.01986755,0.01986755,0.0,0.0,0.0,0.0,0.01324503,0.00662252,0.0397351,0.03311258,0.01986755,0.01324503,0.08609272,0.07284768,0.02649007,0.02649007,0.08609272,0.0,0.00662252,0.00662252,0.02649007,0.01324503,0.01986755,0.01986755,0.0397351,0.00662252,0.00662252,0.03311258,0.01324503,0.07284768
afd10	0.04683196,0.04132231,0.02203857,0.01928375,0.00275482,0.00275482,0.03305785,0.0137741,0.04407713,0.01928375,0.04132231,0.01652893,0.02754821,0.00826446,0.04407713,0.01101928,0.10743802,0.03305785,0.00826446,0.00826446,0.01652893,0.01652893,0.02754821,0.02479339,0.03030303,0.00275482,0.00275482,0.02479339,0.01928375,0.01101928
mjd78	0.06606607,0.06606607,0.07507508,0.04804805,0.02402402,0.02102102,0.01801802,0.0,0.00900901,0.00900901,0.02402402,0.00600601,0.01801802,0.003003,0.00900901,0.00900901,0.14114114,0.06006006,0.02702703,0.02402402,0.00900901,0.01501502,0.03003003,0.02702703,0.01501502,0.00900901,0.00900901,0.01201201,0.00900901,0.00600601
skm37	0.01515152,0.01515152,0.04545455,0.01515152,0.03030303,0.03030303,0.09090909,0.07575758,0.01515152,0.01515152,0.0,0.0,0.04545455,0.03030303,0.04545455,0.01515152,0.07575758,0.01515152,0.04545455,0.04545455,0.0,0.09090909,0.01515152,0.01515152,0.01515152,0.01515152,0.01515152,0.0,0.0,0.03030303
kan63	0.0,0.0,0.04166667,0.04166667,0.0,0.0,0.08333333,0.0,0.0,0.0,0.04166667,0.04166667,0.08333333,0.08333333,0.0,0.0,0.08333333,0.04166667,0.0,0.0,0.0,0.0,0.08333333,0.08333333,0.0,0.0,0.0,0.0,0.04166667,0.08333333
jrw98	0.0766129,0.07258065,0.06048387,0.03225806,0.02016129,0.02016129,0.03225806,0.01612903,0.02016129,0.01209677,0.02016129,0.01209677,0.01612903,0.0,0.01612903,0.01209677,0.14919355,0.03629032,0.02419355,0.02419355,0.01209677,0.02016129,0.02419355,0.02419355,0.01209677,0.00403226,0.00403226,0.01612903,0.01209677,0.00806452
jme42	0.0,0.0,0.00925926,0.00925926,0.0,0.0,0.05555556,0.02777778,0.01851852,0.01851852,0.07407407,0.03703704,0.05555556,0.01851852,0.0,0.00925926,0.08333333,0.02777778,0.0,0.0,0.01851852,0.03703704,0.02777778,0.02777778,0.01851852,0.0,0.0,0.01851852,0.03703704,0.01851852
teh26	0.08333333,0.08333333,0.08333333,0.08333333,0.0,0.0,0.0,0.0,0.0,0.0,0.08333333,0.0,0.0,0.0,0.0,0.0,0.16666667,0.08333333,0.0,0.0,0.0,0.0,0.0,0.0,0.0,0.0,0.0,0.0,0.0,0.0
bpc20	0.04444444,0.04074074,0.0962963,0.05185185,0.03703704,0.02592593,0.01851852,0.0037037,0.0,0.0,0.00740741,0.0037037,0.01481481,0.0037037,0.0037037,0.01481481,0.11851852,0.07407407,0.04074074,0.02592593,0.02962963,0.00740741,0.02222222,0.02222222,0.01851852,0.0037037,0.0037037,0.02962963,0.00740741,0.0037037
jdh99	0.02097902,0.01398601,0.02797203,0.01398601,0.00699301,0.00699301,0.04895105,0.01398601,0.01398601,0.0,0.03496503,0.02797203,0.03496503,0.02097902,0.02797203,0.06293706,0.05594406,0.02797203,0.00699301,0.00699301,0.02797203,0.03496503,0.02797203,0.02797203,0.02097902,0.01398601,0.02097902,0.00699301,0.03496503,0.03496503
doc23	0.06521739,0.06521739,0.06521739,0.06521739,0.0,0.0,0.04347826,0.02173913,0.0,0.0,0.06521739,0.06521739,0.04347826,0.04347826,0.04347826,0.04347826,0.08695652,0.06521739,0.0,0.0,0.0,0.02173913,0.02173913,0.02173913,0.0,0.0,0.0,0.0,0.06521739,0.04347826
aag45	0.02675585,0.02341137,0.04347826,0.02341137,0.01672241,0.01672241,0.02675585,0.01337793,0.01672241,0.00668896,0.04682274,0.01337793,0.02341137,0.01672241,0.02341137,0.03344482,0.10033445,0.0367893,0.02006689,0.02006689,0.01337793,0.02006689,0.03010033,0.02341137,0.01672241,0.00334448,0.01003344,0.01003344,0.01337793,0.02006689
rde8	0.03030303,0.03030303,0.06060606,0.03030303,0.03030303,0.02272727,0.04545455,0.03030303,0.02272727,0.02272727,0.01515152,0.01515152,0.02272727,0.00757576,0.02272727,0.0,0.09090909,0.03787879,0.03787879,0.03030303,0.00757576,0.0530303,0.03030303,0.03030303,0.03787879,0.02272727,0.02272727,0.0,0.01515152,0.00757576
kbs29	0.0462963,0.0462963,0.09722222,0.06018519,0.03240741,0.01851852,0.01388889,0.0,0.0,0.0,0.01851852,0.0,0.02777778,0.00462963,0.01388889,0.00925926,0.11111111,0.08333333,0.03240741,0.01851852,0.03240741,0.00462963,0.01851852,0.01851852,0.00462963,0.00462963,0.01388889,0.00462963,0.0,0.00462963
mjg82	0.03289474,0.03289474,0.04605263,0.02960526,0.01644737,0.01644737,0.02960526,0.0,0.02631579,0.02302632,0.03289474,0.00328947,0.01644737,0.00657895,0.01644737,0.01315789,0.11842105,0.03618421,0.01644737,0.01644737,0.00986842,0.01315789,0.03947368,0.03618421,0.03618421,0.00986842,0.01315789,0.01644737,0.00328947,0.00657895
clk93	0.0359116,0.0359116,0.04972376,0.02762431,0.01657459,0.01381215,0.02209945,0.00828729,0.01104972,0.00828729,0.0359116,0.01381215,0.02209945,0.00828729,0.02486188,0.03038674,0.1160221,0.03867403,0.01933702,0.01657459,0.02486188,0.01381215,0.04143646,0.03867403,0.01381215,0.00828729,0.01381215,0.00828729,0.01933702,0.00828729
res106	0.05360825,0.05154639,0.04536082,0.02268041,0.01649485,0.01443299,0.02061856,0.01030928,0.01443299,0.01443299,0.01443299,0.00206186,0.00824742,0.00412371,0.01237113,0.01649485,0.13814433,0.02886598,0.0371134,0.03298969,0.00824742,0.01237113,0.0371134,0.02680412,0.03505155,0.00412371,0.01237113,0.03092784,0.00206186,0.00412371
jah208	0.0,0.0,0.06918239,0.05660377,0.01257862,0.00628931,0.03773585,0.03773585,0.01886792,0.01886792,0.01257862,0.00628931,0.05660377,0.02515723,0.01886792,0.03144654,0.03144654,0.11320755,0.03773585,0.01257862,0.00628931,0.03773585,0.00628931,0.00628931,0.03144654,0.00628931,0.01257862,0.02515723,0.01257862,0.02515723
rhl10	0.06766917,0.06766917,0.06766917,0.05263158,0.0075188,0.0075188,0.01503759,0.0,0.0,0.0,0.02255639,0.01503759,0.04511278,0.02255639,0.04511278,0.0,0.12030075,0.06766917,0.0075188,0.0075188,0.0075188,0.01503759,0.03759398,0.03759398,0.0,0.0,0.0,0.0075188,0.01503759,0.02255639
kdd28	0.0375,0.0375,0.0625,0.0625,0.0,0.0,0.025,0.025,0.0,0.0,0.0,0.0,0.1,0.025,0.0,0.0125,0.05,0.1,0.0,0.0,0.1,0.025,0.0125,0.0125,0.0,0.0,0.0,0.0125,0.0,0.025
jlc201	0.0678337,0.06345733,0.0809628,0.02844639,0.03282276,0.03063457,0.00437637,0.0,0.02188184,0.0131291,0.00437637,0.00218818,0.00656455,0.0,0.05032823,0.00218818,0.14660832,0.0678337,0.04157549,0.03938731,0.0,0.0,0.02407002,0.02188184,0.02407002,0.0,0.00656455,0.02625821,0.00218818,0.0
qim8	0.0244898,0.0244898,0.03673469,0.0244898,0.0122449,0.0122449,0.0244898,0.01632653,0.0,0.0,0.05714286,0.03265306,0.04489796,0.0244898,0.0244898,0.0244898,0.06122449,0.04897959,0.01632653,0.01632653,0.02857143,0.03673469,0.00816327,0.00816327,0.00816327,0.00816327,0.0122449,0.0,0.03265306,0.02857143
brs112	0.07067138,0.07067138,0.09187279,0.0565371,0.03180212,0.03180212,0.01766784,0.00353357,0.00353357,0.0,0.01766784,0.0,0.01413428,0.0,0.0,0.00353357,0.14840989,0.06360424,0.04240283,0.04240283,0.03180212,0.01060071,0.02120141,0.02120141,0.0,0.0,0.01060071,0.00353357,0.0,0.0
alh133	0.037182,0.037182,0.04109589,0.02739726,0.00782779,0.00587084,0.0332681,0.02544031,0.01761252,0.01174168,0.02739726,0.01369863,0.02544031,0.01174168,0.03522505,0.02544031,0.08414873,0.03522505,0.01369863,0.00978474,0.02739726,0.04305284,0.01956947,0.01761252,0.01956947,0.00978474,0.01565558,0.01174168,0.02152642,0.01565558
jdh98	0.02285714,0.02285714,0.08,0.02,0.05142857,0.05142857,0.01142857,0.0,0.00571429,0.00285714,0.02,0.0,0.02285714,0.0,0.01142857,0.00857143,0.14,0.02,0.07428571,0.07142857,0.01714286,0.0,0.02857143,0.02285714,0.01142857,0.00285714,0.01428571,0.01714286,0.0,0.0
pjs52	0.03436426,0.03436426,0.0790378,0.02061856,0.05498282,0.05154639,0.01718213,0.0,0.01030928,0.01030928,0.01718213,0.0,0.01718213,0.0,0.00343643,0.0137457,0.14776632,0.02749141,0.06185567,0.05841924,0.01718213,0.0,0.02749141,0.02405498,0.0137457,0.0,0.00343643,0.0137457,0.0,0.0
jdh73	0.02727273,0.02727273,0.02727273,0.01818182,0.00909091,0.00909091,0.03636364,0.00909091,0.04545455,0.00909091,0.03636364,0.02727273,0.06363636,0.04545455,0.01818182,0.01818182,0.05454545,0.04545455,0.00909091,0.00909091,0.01818182,0.03636364,0.02727273,0.01818182,0.00909091,0.00909091,0.01818182,0.0,0.03636364,0.04545455
kav33	0.04109589,0.04109589,0.08219178,0.00684932,0.04794521,0.04109589,0.01369863,0.0,0.01369863,0.00684932,0.01369863,0.0,0.01369863,0.0,0.02054795,0.0,0.15068493,0.03424658,0.06849315,0.05479452,0.00684932,0.0,0.03424658,0.02054795,0.01369863,0.0,0.01369863,0.02054795,0.0,0.0
bjs49	0.04956268,0.04956268,0.06997085,0.04664723,0.01749271,0.01457726,0.02623907,0.00291545,0.01457726,0.01166181,0.01166181,0.0,0.03790087,0.00291545,0.01457726,0.00874636,0.13702624,0.06122449,0.02040816,0.01749271,0.02623907,0.01166181,0.04664723,0.04373178,0.01166181,0.0,0.0,0.01749271,0.0,0.0058309
chg57	0.04761905,0.04761905,0.05194805,0.04761905,0.0,0.0,0.07792208,0.05194805,0.02164502,0.00865801,0.05194805,0.03463203,0.00865801,0.004329,0.00865801,0.01298701,0.09090909,0.05194805,0.0,0.0,0.004329,0.06493506,0.02597403,0.02597403,0.01731602,0.00865801,0.01298701,0.00865801,0.03463203,0.004329
art47	0.02777778,0.02777778,0.04166667,0.04166667,0.0,0.0,0.01388889,0.01388889,0.02777778,0.02777778,0.02777778,0.02777778,0.0,0.0,0.06944444,0.0,0.05555556,0.04166667,0.0,0.0,0.0,0.06944444,0.01388889,0.01388889,0.04166667,0.02777778,0.02777778,0.01388889,0.02777778,0.0
ket38	0.0,0.0,0.05970149,0.05970149,0.0,0.0,0.04477612,0.01492537,0.04477612,0.04477612,0.02985075,0.0,0.01492537,0.0,0.01492537,0.01492537,0.07462687,0.08955224,0.0,0.0,0.0,0.01492537,0.02985075,0.02985075,0.04477612,0.02985075,0.02985075,0.01492537,0.0,0.0
mjs187	0.01075269,0.01075269,0.01075269,0.0,0.01075269,0.01075269,0.06451613,0.03225806,0.01075269,0.01075269,0.07526882,0.05376344,0.02150538,0.02150538,0.03225806,0.01075269,0.09677419,0.0,0.01075269,0.01075269,0.0,0.03225806,0.04301075,0.03225806,0.02150538,0.0,0.01075269,0.02150538,0.05376344,0.02150538
avn10	0.03521127,0.03521127,0.11971831,0.00704225,0.1056338,0.09859155,0.0,0.0,0.0,0.0,0.00704225,0.0,0.00704225,0.0,0.0,0.0,0.14788732,0.02112676,0.1056338,0.09859155,0.03521127,0.0,0.00704225,0.00704225,0.0,0.0,0.01408451,0.0,0.0,0.0
sbb28	0.02851711,0.02661597,0.04752852,0.00760456,0.03231939,0.02661597,0.01520913,0.0,0.01330798,0.0095057,0.02661597,0.0,0.02091255,0.00190114,0.01901141,0.02091255,0.13688213,0.01711027,0.0513308,0.0418251,0.01330798,0.00190114,0.04562738,0.03802281,0.02471483,0.00380228,0.00760456,0.02091255,0.0,0.00190114
