cluster 0 low performance: 
0.008593720714285715,0.008593720714285715,0.008745382142857144,0.007445837857142856,9.459378571428572E-4,9.459378571428572E-4,0.060857827857142846,0.051394772142857134,0.04045506285714286,0.03272867214285714,0.049834784285714286,0.04479558142857143,0.05391027357142858,0.04810603357142858,0.027363770714285713,0.02001400142857143,0.025075517142857145,0.010355287142857144,0.0013736535714285716,0.0013736535714285716,0.002581234285714285,0.066450535,0.007532371428571427,0.00727072857142857,0.04205015571428572,0.035554682857142854,0.03948686571428572,0.004769259285714285,0.04828270357142857,0.04922886928571429
0.012568764041938857,0.012568764041938857,0.01084644075289492,0.009003247916153194,0.0018289597975124654,0.0018289597975124654,0.018456629725571775,0.02101981943713129,0.019318677624708326,0.018621410065545973,0.024567489492720924,0.023387294995721765,0.05353463334428372,0.041814885746145065,0.0190998232517553,0.015518044506785759,0.022994446879631435,0.009914754133872139,0.0022167856205893097,0.0022167856205893097,0.004201185520606423,0.023894890527833338,0.010319797013534474,0.010181480542940177,0.024340310433832568,0.023329238346360998,0.02581271169842894,0.009567688279060087,0.022277946770643133,0.0413283659287761

cluster 1 low performance: 
0.041488361666666675,0.04044954666666667,0.05590970333333334,0.029777883333333338,0.02055175166666667,0.017986619166666665,0.02836417083333333,0.009917325833333332,0.016592704166666666,0.013361185000000003,0.033992789166666655,0.007406466666666667,0.022519319166666666,0.004676423333333333,0.013238985833333335,0.010108846666666666,0.12597073499999997,0.044296295000000006,0.02868079,0.025544880000000006,0.010716690000000001,0.016429278333333335,0.028562343333333327,0.02459958416666667,0.018025456666666665,0.0063930524999999995,0.0098335275,0.0137282475,0.007656716666666666,0.006311452500000001
0.02909026338974172,0.028706855465835544,0.028288072870379585,0.025934162855966753,0.018455329945708473,0.016029318582892856,0.01548327593091842,0.010404276051671782,0.010655873144485831,0.011492163893498258,0.02311336752396019,0.010533840790065871,0.016159088666542767,0.006321805771415756,0.009180556525061955,0.009273419966073585,0.030707970081448856,0.024615341027068367,0.02715165648208104,0.02386610246298747,0.00839401299623428,0.014576610994867104,0.011514201509435593,0.012138750127829924,0.012541654748123906,0.009395703347231936,0.008718344867651318,0.009107100473301152,0.01053326867198824,0.006834403103941757

cluster 0 hi performance: 
0.004143395833333333,0.004143395833333333,0.010986075833333333,0.010986075833333333,0.0,0.0,0.0437454775,0.042936996666666664,0.02773066666666667,0.018947859166666668,0.06020104666666667,0.0514727075,0.06867802416666667,0.06363819083333333,0.029724593333333337,0.04309861833333333,0.0227824475,0.01169229,0.001730495,0.001730495,0.011181210833333335,0.05386578833333333,0.0063796375,0.005924264166666666,0.020573231666666667,0.020117858333333332,0.02664279,0.0046065375,0.05489659416666668,0.06526638666666668
0.011411328994165155,0.011411328994165155,0.023707638052630656,0.023707638052630656,0.0,0.0,0.03791343009003716,0.03812691176415581,0.017742508791492976,0.018912435915031084,0.027940979436522184,0.028644299182859267,0.040437989323518844,0.042625181678840086,0.020572778201861125,0.03625264254888826,0.02038690264260739,0.023622151651556848,0.004707318913903292,0.004707318913903292,0.012876425250257709,0.04149558373730447,0.009933536130672136,0.009048900625022041,0.02074060189357654,0.020767367548400636,0.022500107179487683,0.007795267196404202,0.03108926607402799,0.041239868113750744

cluster 1 hi performance: 
0.035196522352941184,0.03429461764705882,0.05058322235294117,0.026419758823529406,0.019455824705882353,0.017804825294117647,0.031050085882352946,0.011893200588235295,0.013808527058823532,0.008275414117647059,0.028494081764705886,0.01635314117647059,0.037270064705882365,0.020556730588235296,0.02017493882352941,0.01683842,0.10315350411764707,0.04007304411764706,0.024015142941176473,0.021904081764705884,0.02150059764705883,0.02007871588235294,0.03145207588235294,0.02845108235294118,0.015259719411764705,0.004265808235294119,0.009135110000000002,0.012920809411764704,0.01808470411764706,0.02202125941176471
0.0176988763004759,0.017573374855934937,0.02757059653925548,0.017963551148429253,0.025708999570547304,0.023929672931433676,0.023499792203448767,0.014098182432754135,0.012830458371179184,0.008136103379261121,0.019505984478247647,0.016558725081682105,0.02876714710504637,0.024282704894357233,0.01490429679726025,0.014879551234810575,0.03452129093305055,0.02470580486248146,0.027130641040300836,0.025036768901574066,0.02260276179356708,0.018248862750917826,0.017705293355884562,0.017205182546215038,0.011604981023222681,0.004538998316684156,0.006553600893988156,0.010410149618906413,0.017362962399631022,0.024369366148900833

