0.44886740095785704
0.34693044125807543
0.3663432357960498
0.40459996506616236
0.4465099788911788
0.3501388019671621
0.4015394506196027
0.44600168834060755
0.46400937113879787
0.5453235565477667
0.5462607811035088
0.3259463441435732
0.4290926599585256
0.4166399691844569
0.4702832171066233
0.33012456039436355
0.45326244772424973
0.6437233116549668
0.4691604916202577
0.4825011134731173
0.42747381724130246
0.40634052602132154
0.436282417523137
0.4464750323784695
0.43704981038946483
0.46078675401245395
0.34571096655406497
0.4763870022504592
0.37819422703454025
0.47843447953303914
0.429037960576573
0.41881876308118504
0.49019057465477917
0.3788707194540812
0.5200058364795312
0.3249205945297022
0.4197828724844342
0.3341761652212779
0.40547021961501334
0.4807092104042968
0.49584555077915604
0.49013897417103963
0.41172194733153367
0.46905883101284696
0.33706157913628826
0.3589058933410437
0.44890633196673646
0.6214657170402377
0.4518418680989335
0.50484177016452
0.4655422922911704
0.4369502993039354
0.5214427444413803
0.408607840365711
0.3692458874555786
0.4356779376138814
0.4544834734314075
0.4663845708254046
0.37026473765781714
0.4413796091170083
0.37887610234783325
0.5823187402570771
0.5557451216847996
0.37920844864803493
0.4307449270914109
0.3408032808697663
0.4847671660367796
0.8612495119927919
