0.14785590961851736
0.2727522252165967
0.07530848338581414
0.2606031429135799
0.18991046168309836
0.18604969717898057
0.1365284490685253
0.4100433879183807
0.05979667053846044
0.37938832903340924
0.271785222567423
0.2822694558662895
0.3809605444235228
0.16961362836986457
0.2719199429174423
0.1913475025138777
0.26428974927000826
1.0
0.1976230300001081
0.3042039643224379
0.18359394414389904
0.39147930352891624
0.3557296494308303
0.23699795196020135
0.4308449669671754
0.23390494515124938
0.26917843238414546
0.22093831840164124
0.2926626471521224
0.20972539521167616
0.2068733890011219
0.15514368193915512
0.4037398169215633
0.21855716219253385
0.2900634268184826
0.1905273875484571
0.24852179688772047
0.15343855653248423
0.5778337940780112
0.41418696801461313
0.1160133436551001
0.07117020723459913
0.30097820686521737
0.12914511592401356
0.19745445505445508
0.15912391995368824
0.11722971615883142
0.21762384720671876
0.09089642055089117
0.25172091673370145
0.15451443129039022
0.3345417307388826
0.4030232656487085
0.41287328892317166
0.18317427536922037
0.44427860618600123
0.23420899197785294
0.14684973268471885
0.42920632521962415
0.2520495391951703
0.4219156331771058
0.7865074797149852
0.8671015650026122
0.25716637913722534
0.06454241120729079
0.2275899758090481
0.27651595190944733
0.5572898077130728
