0.4974703714894744
0.7369616496863023
0.4282041411561518
0.5791693811077425
0.4391883701338421
0.4846833155277337
0.4824632843554696
0.46711092480645183
0.4397031058155022
0.5605275701768561
0.5773251825565999
0.5111822819838721
0.6415109576103813
0.5712917012363058
0.5975816026535248
0.4126045631306281
0.5601535607491779
0.5041207423852112
0.47633470295943653
0.43109893491835094
0.5020184677074767
0.5438413437460535
0.6140230654498556
0.5827751714936744
0.47820134648114987
0.6435782948490832
0.6514156516331827
0.6514156516331827
0.4825005404549127
0.43078494413385415
0.537601208187959
0.38931666100024653
0.42924416679103056
0.5454109480657785
0.48791713100060724
0.39332938535707435
0.508529071791856
0.5489219309758886
0.5009725977719323
0.6432355969940435
0.4517272136962748
0.5235678525019818
0.4756889272438942
0.4826612625263026
0.5470621448387405
0.4735636227870098
0.952604776853057
0.4871425490716943
0.4501371072160495
0.4507932541235856
0.7349569385897188
0.5621158781582547
0.5628375701347391
0.4377646815013415
0.5435015925550568
0.5691678303932803
0.4774819189188683
0.4454834024815498
0.49873719335256267
0.6567167453030448
0.6041021774131465
0.5133524315595888
0.5955103361744646
0.5823874588138683
0.5229999118634969
0.5337803211243557
0.5112850563593834
0.4460156412704225
0.6192854064730099
0.5290538104632436
0.47617218634160974
0.5176768119528106
0.5083859577319547
0.5677370474692629
0.5006238338971166
0.5390775873066618
0.45198601076326905
0.8227573181129848
0.41980787450521917
0.5388114404200822
0.4404167798124371
0.4808120095585156
0.5557562108119967
0.4795119403979009
0.6619108740518319
0.6869368170447969
0.47107113729889516
0.533720378668157
0.4611626246657425
0.504389914682031
0.6604728056091942
