0.49728053618217843
0.6430294908375298
0.4390323666001495
0.4905889431857004
0.557626483970773
0.46273920368870053
0.5017918250061304
0.49271374700339887
0.47706625339903336
0.5565987299123729
0.5152457856092665
0.636943693245483
0.6237835164755549
0.5820305243235842
0.5989215801781843
0.43159273847012813
0.6235831206288436
0.49825657344497926
0.5639217798824064
0.48471857399485807
0.4865231825747203
0.7134285958310486
0.64234724046669
0.45791958528388516
0.4483950113084155
0.66056854071307
0.7534388067159035
0.78326154058377
0.5344142080001455
0.5740314107864273
0.5197719515585596
0.49098056781724425
0.5692700076324914
0.5643000550818618
0.6294479151544534
0.46071724203202186
0.5396515880619888
0.5512636431067997
0.6249729548331103
0.7134285958310486
0.46030791541709326
0.45993861220761195
0.6451827838006337
0.4296931385947041
0.5506867149230529
0.5275663267887382
0.621692775138684
0.47700792360506483
0.42009868093658465
0.5051476572081058
0.547808952099349
0.494110486943734
0.5863977851479822
0.5470426989820414
0.573873506544223
0.5267632069447475
0.4046588249644377
0.4560666645382195
0.5082845576562811
0.6899902927939872
0.5305123512169355
0.49783988335455603
0.4696754440132271
0.6032137597285914
0.5563752310192159
0.5507500666478097
0.5349829080298889
0.47380849988848067
0.6033997198934645
0.6942087367799803
0.6518549395917999
0.6267038752574631
0.4615700521405485
0.7883206754905937
0.7106162704282489
0.5764251988922424
0.4496665658406372
0.7623941708432873
0.497564015482138
0.7199745918055541
0.5698490749103601
0.5600252743434002
0.6679173607231681
0.657141573484835
0.5832296472704027
0.5605040776180732
0.5663339490213161
0.5101322640669081
0.46248607679523346
0.6141312741332642
0.6415771251220521
