0.16726358623724896
0.12439439120196297
0.2104298950415546
0.05598432427810239
0.19457218034181817
0.11306482512980384
0.17161933314341926
0.25879098734013806
0.149900266207378
0.0574017562119091
0.3920506721296938
0.481317820235685
0.057127544644358715
0.6354876641672933
0.24200414246632806
0.04332390238406272
0.21670687074852396
0.5032632675386498
0.21738422078277114
0.19672485699415976
0.08777646218045757
0.3568671475091223
0.3265349385847288
0.5175080522847793
0.21492329966802554
0.1888105876997257
1.0
1.00000001
0.34454731675142175
0.23416732183600303
0.09362878251171013
0.3125080620195596
0.39069681467904416
0.5160348760562179
0.42528358807808586
0.2979620221143376
0.4686495560348407
0.6194273074205412
0.3586477869357916
0.999999995
0.09652241783913451
0.1819427074124154
0.5982039024768027
0.14851017199033678
0.4094498678009548
0.20465482961178938
1.0
0.5020358383222683
0.2569613674290442
0.3572452549003853
0.4915109760150298
0.22725358457854775
0.08520943122904209
0.4147851100687202
0.1228130419069852
0.0785024980677501
0.2818586578085894
0.2018422731099196
0.3220243632556935
0.05518910967485619
0.12585588542290244
0.17907957366723282
0.14781670999204316
0.3624660448902117
0.26186272181344183
0.30931248621483665
0.41907169053286963
0.3214469292597866
0.13556573497975374
0.7126418009654936
0.20938979978962247
0.10199322316220133
0.16726626862809518
1.00000001
0.5302494553137022
0.084456745505115
0.24740236219179218
0.99999999
0.26426470796989143
0.4399997840888869
0.2557622780371806
0.136363841199101
0.5272925957419936
0.3507176436823857
0.18624186070993498
0.45328338368767396
0.44015636259083674
0.06217947276088231
0.22306191145648166
0.44703245608255293
0.3394500725822463
