dsa24	0.00000000,0.00000000,0.00000000,0.00000000,0.00000000,0.00000000,0.05084746,0.00000000,0.00000000,0.03389831,0.00000000,0.03389831,0.03389831,0.01694915,0.00000000,0.00000000,0.00000000,0.00000000,0.00000000,0.05084746,0.05084746,0.05084746,0.00000000,0.00000000,0.00000000,0.05084746,0.00000000,0.05084746,0.00000000,0.03389831,0.00000000,0.03389831,0.03389831,0.01694915,0.01694915,0.11864407,0.05084746,0.05084746,0.03389831,0.01694915,0.01694915,0.01694915,0.01694915,0.00000000,0.05084746,0.00000000,0.03389831,0.01694915,0.01694915,0.00000000
saa128	0.00000000,0.00000000,0.00000000,0.00000000,0.00000000,0.00000000,0.25000000,0.25000000,0.00000000,0.00000000,0.00000000,0.00000000,0.00000000,0.00000000,0.00000000,0.00000000,0.00000000,0.00000000,0.00000000,0.00000000,0.00000000,0.00000000,0.00000000,0.00000000,0.00000000,0.25000000,0.25000000,0.00000000,0.00000000,0.00000000,0.00000000,0.00000000,0.00000000,0.00000000,0.00000000,0.00000000,0.00000000,0.00000000,0.00000000,0.00000000,0.00000000,0.00000000,0.00000000,0.00000000,0.00000000,0.00000000,0.00000000,0.00000000,0.00000000,0.00000000
jhb32	0.00000000,0.00000000,0.02678571,0.01785714,0.00000000,0.00000000,0.02678571,0.00000000,0.01785714,0.03571429,0.01785714,0.00000000,0.02678571,0.01785714,0.00000000,0.00000000,0.00000000,0.00000000,0.00000000,0.04464286,0.07142857,0.02678571,0.02678571,0.00000000,0.00892857,0.05357143,0.00000000,0.01785714,0.04464286,0.04464286,0.02678571,0.00000000,0.04464286,0.01785714,0.02678571,0.09821429,0.00892857,0.07142857,0.00892857,0.06250000,0.00892857,0.00892857,0.00892857,0.01785714,0.03571429,0.02678571,0.00000000,0.00000000,0.00000000,0.00000000
snb39	0.00000000,0.00000000,0.04402516,0.01886792,0.02515723,0.00628931,0.00000000,0.00000000,0.00314465,0.00628931,0.00000000,0.00314465,0.00628931,0.00314465,0.02830189,0.00000000,0.00000000,0.00000000,0.00000000,0.00314465,0.05974843,0.02830189,0.03144654,0.00943396,0.02201258,0.00000000,0.00000000,0.00000000,0.00628931,0.00628931,0.00000000,0.00314465,0.00943396,0.00314465,0.00943396,0.20440252,0.06918239,0.11949686,0.04716981,0.06918239,0.02515723,0.01572327,0.00628931,0.00628931,0.02830189,0.00314465,0.02201258,0.00943396,0.02201258,0.01572327
nrg14	0.00000000,0.00000000,0.01612903,0.01612903,0.00000000,0.00000000,0.01612903,0.01612903,0.01612903,0.06451613,0.03225806,0.01612903,0.06451613,0.03225806,0.00000000,0.00000000,0.00000000,0.00000000,0.00000000,0.00000000,0.01612903,0.01612903,0.00000000,0.00000000,0.00000000,0.01612903,0.01612903,0.00000000,0.03225806,0.08064516,0.04838710,0.01612903,0.09677419,0.03225806,0.01612903,0.03225806,0.01612903,0.00000000,0.00000000,0.00000000,0.00000000,0.00000000,0.00000000,0.03225806,0.08064516,0.06451613,0.01612903,0.00000000,0.04838710,0.03225806
pmp27	0.00000000,0.00000000,0.01538462,0.00512821,0.01025641,0.00512821,0.02051282,0.00512821,0.02051282,0.02051282,0.00000000,0.01538462,0.00512821,0.00512821,0.00512821,0.00000000,0.00000000,0.00000000,0.00000000,0.00000000,0.03076923,0.00512821,0.02051282,0.01025641,0.01025641,0.02564103,0.00512821,0.01538462,0.03076923,0.03589744,0.00000000,0.03076923,0.01025641,0.00512821,0.00512821,0.19487179,0.05128205,0.11794872,0.03589744,0.07179487,0.01538462,0.03076923,0.00512821,0.00512821,0.03076923,0.01025641,0.02051282,0.01025641,0.01538462,0.01025641
rdp23	0.00000000,0.00000000,0.00000000,0.00000000,0.00000000,0.00000000,0.01785714,0.01785714,0.01785714,0.16071429,0.14285714,0.00000000,0.01785714,0.00000000,0.00000000,0.00000000,0.00000000,0.00000000,0.00000000,0.00000000,0.00000000,0.00000000,0.00000000,0.00000000,0.00000000,0.01785714,0.01785714,0.00000000,0.05357143,0.17857143,0.16071429,0.00000000,0.03571429,0.01785714,0.00000000,0.00000000,0.00000000,0.00000000,0.00000000,0.00000000,0.00000000,0.00000000,0.01785714,0.01785714,0.03571429,0.03571429,0.00000000,0.00000000,0.01785714,0.01785714
mjm248	0.00000000,0.00000000,0.00000000,0.00000000,0.00000000,0.00000000,0.03076923,0.00000000,0.06153846,0.01538462,0.01538462,0.00000000,0.01538462,0.00000000,0.00000000,0.00000000,0.00000000,0.00000000,0.00000000,0.01538462,0.01538462,0.00000000,0.00000000,0.00000000,0.00000000,0.06153846,0.01538462,0.01538462,0.07692308,0.07692308,0.06153846,0.01538462,0.03076923,0.00000000,0.00000000,0.03076923,0.01538462,0.01538462,0.01538462,0.00000000,0.00000000,0.09230769,0.01538462,0.04615385,0.09230769,0.01538462,0.00000000,0.00000000,0.09230769,0.04615385
ams396	0.00000000,0.00000000,0.00000000,0.00000000,0.00000000,0.00000000,0.06060606,0.06060606,0.06060606,0.09090909,0.03030303,0.06060606,0.00000000,0.00000000,0.00000000,0.00000000,0.00000000,0.00000000,0.00000000,0.00000000,0.00000000,0.00000000,0.00000000,0.00000000,0.00000000,0.06060606,0.06060606,0.00000000,0.09090909,0.09090909,0.03030303,0.06060606,0.03030303,0.00000000,0.00000000,0.06060606,0.03030303,0.00000000,0.00000000,0.00000000,0.00000000,0.00000000,0.00000000,0.03030303,0.03030303,0.03030303,0.00000000,0.00000000,0.03030303,0.00000000
jmk195	0.00000000,0.00000000,0.04219409,0.00000000,0.04219409,0.01265823,0.00000000,0.00000000,0.00421941,0.02109705,0.00000000,0.01687764,0.00843882,0.00843882,0.00421941,0.00000000,0.00000000,0.00000000,0.00000000,0.00000000,0.04641350,0.00000000,0.04219409,0.01265823,0.02531646,0.00000000,0.00000000,0.00000000,0.00421941,0.02953586,0.00421941,0.02109705,0.01265823,0.00843882,0.00843882,0.20675105,0.05907173,0.12658228,0.04219409,0.06751055,0.02953586,0.02109705,0.00421941,0.00421941,0.02531646,0.00421941,0.01265823,0.00843882,0.01265823,0.00000000
atg23	0.00000000,0.00000000,0.10526316,0.05263158,0.00000000,0.00000000,0.05263158,0.05263158,0.00000000,0.00000000,0.00000000,0.00000000,0.00000000,0.00000000,0.00000000,0.00000000,0.00000000,0.00000000,0.00000000,0.05263158,0.10526316,0.05263158,0.00000000,0.00000000,0.00000000,0.05263158,0.05263158,0.00000000,0.00000000,0.00000000,0.00000000,0.00000000,0.00000000,0.00000000,0.05263158,0.05263158,0.05263158,0.00000000,0.00000000,0.00000000,0.00000000,0.05263158,0.00000000,0.00000000,0.10526316,0.00000000,0.05263158,0.00000000,0.05263158,0.00000000
jaw154	0.00000000,0.00000000,0.00000000,0.00000000,0.00000000,0.00000000,0.00000000,0.00000000,0.05882353,0.11764706,0.11764706,0.00000000,0.05882353,0.05882353,0.00000000,0.00000000,0.00000000,0.00000000,0.00000000,0.00000000,0.00000000,0.00000000,0.00000000,0.00000000,0.00000000,0.05882353,0.05882353,0.00000000,0.05882353,0.11764706,0.11764706,0.00000000,0.05882353,0.05882353,0.00000000,0.00000000,0.00000000,0.00000000,0.00000000,0.00000000,0.00000000,0.00000000,0.00000000,0.00000000,0.05882353,0.00000000,0.00000000,0.00000000,0.00000000,0.00000000
tjg49	0.00000000,0.00000000,0.01604278,0.00000000,0.01604278,0.00000000,0.00534759,0.00000000,0.00000000,0.01069519,0.00000000,0.01069519,0.00534759,0.00534759,0.00000000,0.00000000,0.00000000,0.00000000,0.00000000,0.00534759,0.03208556,0.00000000,0.03208556,0.00000000,0.03208556,0.00534759,0.00000000,0.00000000,0.00000000,0.01069519,0.00000000,0.01069519,0.00534759,0.00534759,0.00534759,0.27272727,0.02673797,0.22459893,0.02673797,0.17647059,0.02139037,0.01069519,0.00534759,0.00000000,0.00534759,0.00000000,0.00534759,0.00534759,0.00534759,0.00000000
mac276	0.00000000,0.00000000,0.00000000,0.00000000,0.00000000,0.00000000,0.09090909,0.04545455,0.04545455,0.00000000,0.00000000,0.00000000,0.04545455,0.00000000,0.00000000,0.00000000,0.00000000,0.00000000,0.00000000,0.00000000,0.00000000,0.00000000,0.00000000,0.00000000,0.00000000,0.09090909,0.04545455,0.00000000,0.04545455,0.00000000,0.00000000,0.00000000,0.04545455,0.00000000,0.00000000,0.04545455,0.04545455,0.00000000,0.00000000,0.00000000,0.00000000,0.00000000,0.09090909,0.00000000,0.13636364,0.09090909,0.04545455,0.00000000,0.09090909,0.00000000
hwf2	0.00000000,0.00000000,0.03225806,0.03225806,0.00000000,0.00000000,0.03225806,0.03225806,0.03225806,0.00000000,0.00000000,0.00000000,0.06451613,0.03225806,0.00000000,0.00000000,0.00000000,0.00000000,0.00000000,0.00000000,0.03225806,0.03225806,0.00000000,0.00000000,0.00000000,0.03225806,0.03225806,0.00000000,0.03225806,0.00000000,0.00000000,0.00000000,0.09677419,0.03225806,0.00000000,0.00000000,0.00000000,0.00000000,0.00000000,0.00000000,0.00000000,0.00000000,0.03225806,0.00000000,0.12903226,0.12903226,0.00000000,0.00000000,0.09677419,0.06451613
mhr19	0.00000000,0.00000000,0.03260870,0.02173913,0.00000000,0.00000000,0.01086957,0.00000000,0.03260870,0.07608696,0.05434783,0.02173913,0.02173913,0.00000000,0.01086957,0.00000000,0.00000000,0.00000000,0.00000000,0.00000000,0.04347826,0.03260870,0.00000000,0.00000000,0.00000000,0.01086957,0.00000000,0.00000000,0.03260870,0.08695652,0.06521739,0.02173913,0.02173913,0.00000000,0.01086957,0.10869565,0.04347826,0.06521739,0.02173913,0.04347826,0.01086957,0.00000000,0.00000000,0.00000000,0.03260870,0.02173913,0.01086957,0.01086957,0.01086957,0.01086957
rwm27	0.00000000,0.00000000,0.00000000,0.00000000,0.00000000,0.00000000,0.20000000,0.13333333,0.00000000,0.06666667,0.06666667,0.00000000,0.00000000,0.00000000,0.00000000,0.00000000,0.00000000,0.00000000,0.00000000,0.00000000,0.00000000,0.00000000,0.00000000,0.00000000,0.00000000,0.20000000,0.13333333,0.00000000,0.00000000,0.06666667,0.06666667,0.00000000,0.00000000,0.00000000,0.00000000,0.00000000,0.00000000,0.00000000,0.00000000,0.00000000,0.00000000,0.00000000,0.06666667,0.00000000,0.00000000,0.00000000,0.00000000,0.00000000,0.00000000,0.00000000
mlk93	0.00000000,0.00000000,0.00000000,0.00000000,0.00000000,0.00000000,0.13043478,0.04347826,0.04347826,0.04347826,0.00000000,0.04347826,0.00000000,0.00000000,0.00000000,0.00000000,0.00000000,0.00000000,0.00000000,0.04347826,0.08695652,0.08695652,0.00000000,0.00000000,0.00000000,0.17391304,0.04347826,0.04347826,0.04347826,0.04347826,0.00000000,0.04347826,0.00000000,0.00000000,0.00000000,0.04347826,0.04347826,0.00000000,0.00000000,0.00000000,0.00000000,0.00000000,0.00000000,0.00000000,0.00000000,0.00000000,0.00000000,0.00000000,0.00000000,0.00000000
kko4	0.00000000,0.00000000,0.00000000,0.00000000,0.00000000,0.00000000,0.04651163,0.04651163,0.06976744,0.04651163,0.04651163,0.00000000,0.04651163,0.04651163,0.00000000,0.00000000,0.00000000,0.00000000,0.00000000,0.00000000,0.00000000,0.00000000,0.00000000,0.00000000,0.00000000,0.06976744,0.06976744,0.00000000,0.06976744,0.06976744,0.06976744,0.00000000,0.04651163,0.04651163,0.02325581,0.00000000,0.00000000,0.00000000,0.00000000,0.00000000,0.00000000,0.00000000,0.00000000,0.00000000,0.06976744,0.06976744,0.00000000,0.00000000,0.02325581,0.02325581
afd10	0.00000000,0.00000000,0.02173913,0.01086957,0.01086957,0.01086957,0.02173913,0.00000000,0.00000000,0.06521739,0.02173913,0.02173913,0.04347826,0.02173913,0.01086957,0.00000000,0.00000000,0.00000000,0.00000000,0.01086957,0.05434783,0.04347826,0.01086957,0.01086957,0.00000000,0.02173913,0.00000000,0.01086957,0.00000000,0.06521739,0.02173913,0.02173913,0.04347826,0.02173913,0.02173913,0.09782609,0.05434783,0.02173913,0.02173913,0.00000000,0.00000000,0.02173913,0.02173913,0.00000000,0.04347826,0.01086957,0.03260870,0.02173913,0.02173913,0.01086957
mjd78	0.00000000,0.00000000,0.06976744,0.06976744,0.00000000,0.00000000,0.03488372,0.00000000,0.01162791,0.02325581,0.00000000,0.02325581,0.00000000,0.00000000,0.02325581,0.00000000,0.00000000,0.00000000,0.00000000,0.01162791,0.10465116,0.09302326,0.01162791,0.00000000,0.01162791,0.03488372,0.00000000,0.02325581,0.01162791,0.04651163,0.00000000,0.04651163,0.00000000,0.00000000,0.01162791,0.12790698,0.06976744,0.04651163,0.03488372,0.01162791,0.01162791,0.00000000,0.00000000,0.00000000,0.02325581,0.01162791,0.00000000,0.00000000,0.00000000,0.00000000
sws19	0.00000000,0.00000000,0.00000000,0.00000000,0.00000000,0.00000000,0.00000000,0.00000000,0.11111111,0.11111111,0.11111111,0.00000000,0.00000000,0.00000000,0.00000000,0.00000000,0.00000000,0.00000000,0.00000000,0.11111111,0.00000000,0.00000000,0.00000000,0.00000000,0.00000000,0.11111111,0.11111111,0.00000000,0.11111111,0.11111111,0.11111111,0.00000000,0.00000000,0.00000000,0.00000000,0.00000000,0.00000000,0.00000000,0.00000000,0.00000000,0.00000000,0.00000000,0.00000000,0.00000000,0.00000000,0.00000000,0.00000000,0.00000000,0.00000000,0.00000000
rkh9	0.00000000,0.00000000,0.00000000,0.00000000,0.00000000,0.00000000,0.00000000,0.00000000,0.00000000,0.20000000,0.20000000,0.00000000,0.00000000,0.00000000,0.00000000,0.00000000,0.00000000,0.00000000,0.00000000,0.00000000,0.00000000,0.00000000,0.00000000,0.00000000,0.00000000,0.00000000,0.00000000,0.00000000,0.00000000,0.20000000,0.20000000,0.00000000,0.00000000,0.00000000,0.00000000,0.00000000,0.00000000,0.00000000,0.00000000,0.00000000,0.00000000,0.00000000,0.06666667,0.00000000,0.06666667,0.06666667,0.00000000,0.00000000,0.00000000,0.00000000
skm37	0.00000000,0.00000000,0.00000000,0.00000000,0.00000000,0.00000000,0.00000000,0.00000000,0.00000000,0.14285714,0.07142857,0.07142857,0.00000000,0.00000000,0.00000000,0.00000000,0.00000000,0.00000000,0.00000000,0.00000000,0.00000000,0.00000000,0.00000000,0.00000000,0.00000000,0.00000000,0.00000000,0.00000000,0.00000000,0.21428571,0.14285714,0.07142857,0.00000000,0.00000000,0.00000000,0.07142857,0.07142857,0.00000000,0.00000000,0.00000000,0.00000000,0.00000000,0.07142857,0.07142857,0.00000000,0.00000000,0.00000000,0.00000000,0.00000000,0.00000000
ril13	0.00000000,0.00000000,0.00000000,0.00000000,0.00000000,0.00000000,0.06122449,0.06122449,0.02040816,0.08163265,0.08163265,0.00000000,0.06122449,0.00000000,0.00000000,0.00000000,0.00000000,0.00000000,0.00000000,0.00000000,0.00000000,0.00000000,0.00000000,0.00000000,0.00000000,0.10204082,0.10204082,0.00000000,0.04081633,0.10204082,0.10204082,0.00000000,0.06122449,0.00000000,0.00000000,0.00000000,0.00000000,0.00000000,0.00000000,0.00000000,0.00000000,0.00000000,0.02040816,0.06122449,0.00000000,0.00000000,0.00000000,0.00000000,0.04081633,0.00000000
skw17	0.00000000,0.00000000,0.00000000,0.00000000,0.00000000,0.00000000,0.00000000,0.00000000,0.00000000,0.23529412,0.23529412,0.00000000,0.00000000,0.00000000,0.00000000,0.00000000,0.00000000,0.00000000,0.00000000,0.00000000,0.00000000,0.00000000,0.00000000,0.00000000,0.00000000,0.00000000,0.00000000,0.00000000,0.00000000,0.23529412,0.23529412,0.00000000,0.00000000,0.00000000,0.00000000,0.00000000,0.00000000,0.00000000,0.00000000,0.00000000,0.00000000,0.00000000,0.05882353,0.00000000,0.00000000,0.00000000,0.00000000,0.00000000,0.00000000,0.00000000
kan63	0.00000000,0.00000000,0.00000000,0.00000000,0.00000000,0.00000000,0.00000000,0.00000000,0.00000000,0.25000000,0.25000000,0.00000000,0.00000000,0.00000000,0.00000000,0.00000000,0.00000000,0.00000000,0.00000000,0.00000000,0.00000000,0.00000000,0.00000000,0.00000000,0.00000000,0.00000000,0.00000000,0.00000000,0.00000000,0.25000000,0.25000000,0.00000000,0.00000000,0.00000000,0.00000000,0.00000000,0.00000000,0.00000000,0.00000000,0.00000000,0.00000000,0.00000000,0.00000000,0.00000000,0.00000000,0.00000000,0.00000000,0.00000000,0.00000000,0.00000000
sjt27	0.00000000,0.00000000,0.00000000,0.00000000,0.00000000,0.00000000,0.00000000,0.00000000,0.00000000,0.25000000,0.25000000,0.00000000,0.00000000,0.00000000,0.00000000,0.00000000,0.00000000,0.00000000,0.00000000,0.00000000,0.00000000,0.00000000,0.00000000,0.00000000,0.00000000,0.00000000,0.00000000,0.00000000,0.00000000,0.25000000,0.25000000,0.00000000,0.00000000,0.00000000,0.00000000,0.00000000,0.00000000,0.00000000,0.00000000,0.00000000,0.00000000,0.00000000,0.00000000,0.00000000,0.00000000,0.00000000,0.00000000,0.00000000,0.00000000,0.00000000
jrw98	0.00000000,0.00000000,0.05479452,0.05479452,0.00000000,0.00000000,0.00000000,0.00000000,0.02739726,0.05479452,0.04109589,0.01369863,0.00000000,0.00000000,0.05479452,0.00000000,0.00000000,0.00000000,0.00000000,0.01369863,0.05479452,0.05479452,0.00000000,0.00000000,0.00000000,0.00000000,0.00000000,0.00000000,0.06849315,0.06849315,0.04109589,0.02739726,0.00000000,0.00000000,0.00000000,0.13698630,0.06849315,0.05479452,0.04109589,0.01369863,0.01369863,0.01369863,0.00000000,0.00000000,0.01369863,0.01369863,0.00000000,0.00000000,0.00000000,0.00000000
jme42	0.00000000,0.00000000,0.03333333,0.03333333,0.00000000,0.00000000,0.06666667,0.03333333,0.00000000,0.10000000,0.06666667,0.03333333,0.00000000,0.00000000,0.00000000,0.00000000,0.00000000,0.00000000,0.00000000,0.00000000,0.06666667,0.06666667,0.00000000,0.00000000,0.00000000,0.06666667,0.03333333,0.03333333,0.00000000,0.10000000,0.06666667,0.03333333,0.00000000,0.00000000,0.00000000,0.06666667,0.03333333,0.03333333,0.03333333,0.00000000,0.00000000,0.00000000,0.00000000,0.00000000,0.00000000,0.00000000,0.00000000,0.00000000,0.00000000,0.00000000
bpc20	0.00000000,0.00000000,0.07575758,0.04545455,0.03030303,0.01515152,0.03030303,0.00000000,0.01515152,0.01515152,0.00000000,0.01515152,0.00000000,0.00000000,0.03030303,0.00000000,0.00000000,0.00000000,0.00000000,0.07575758,0.12121212,0.07575758,0.04545455,0.03030303,0.00000000,0.03030303,0.00000000,0.03030303,0.01515152,0.03030303,0.00000000,0.03030303,0.00000000,0.00000000,0.00000000,0.12121212,0.09090909,0.01515152,0.01515152,0.00000000,0.00000000,0.00000000,0.00000000,0.00000000,0.00000000,0.00000000,0.00000000,0.00000000,0.00000000,0.00000000
jdh99	0.00000000,0.00000000,0.02739726,0.00000000,0.02739726,0.01369863,0.04109589,0.01369863,0.01369863,0.04109589,0.02739726,0.01369863,0.02739726,0.01369863,0.00000000,0.00000000,0.00000000,0.00000000,0.00000000,0.00000000,0.04109589,0.01369863,0.02739726,0.01369863,0.00000000,0.06849315,0.02739726,0.01369863,0.04109589,0.04109589,0.02739726,0.01369863,0.05479452,0.01369863,0.00000000,0.08219178,0.04109589,0.02739726,0.02739726,0.00000000,0.00000000,0.00000000,0.00000000,0.01369863,0.04109589,0.02739726,0.01369863,0.01369863,0.02739726,0.02739726
wli1	0.00000000,0.00000000,0.03846154,0.03846154,0.00000000,0.00000000,0.03846154,0.03846154,0.03846154,0.03846154,0.03846154,0.00000000,0.00000000,0.00000000,0.00000000,0.00000000,0.00000000,0.00000000,0.00000000,0.00000000,0.03846154,0.03846154,0.00000000,0.00000000,0.00000000,0.03846154,0.03846154,0.00000000,0.03846154,0.03846154,0.03846154,0.00000000,0.03846154,0.00000000,0.00000000,0.03846154,0.03846154,0.00000000,0.00000000,0.00000000,0.00000000,0.00000000,0.03846154,0.00000000,0.07692308,0.03846154,0.03846154,0.00000000,0.11538462,0.03846154
jum48	0.00000000,0.00000000,0.00000000,0.00000000,0.00000000,0.00000000,0.00000000,0.00000000,0.12500000,0.12500000,0.12500000,0.00000000,0.00000000,0.00000000,0.00000000,0.00000000,0.00000000,0.00000000,0.00000000,0.00000000,0.00000000,0.00000000,0.00000000,0.00000000,0.00000000,0.12500000,0.12500000,0.00000000,0.12500000,0.12500000,0.12500000,0.00000000,0.00000000,0.00000000,0.00000000,0.00000000,0.00000000,0.00000000,0.00000000,0.00000000,0.00000000,0.00000000,0.00000000,0.00000000,0.00000000,0.00000000,0.00000000,0.00000000,0.00000000,0.00000000
doc23	0.00000000,0.00000000,0.06250000,0.06250000,0.00000000,0.00000000,0.06250000,0.06250000,0.00000000,0.12500000,0.12500000,0.00000000,0.00000000,0.00000000,0.00000000,0.00000000,0.00000000,0.00000000,0.00000000,0.00000000,0.06250000,0.06250000,0.00000000,0.00000000,0.00000000,0.06250000,0.06250000,0.00000000,0.00000000,0.12500000,0.12500000,0.00000000,0.00000000,0.00000000,0.00000000,0.00000000,0.00000000,0.00000000,0.00000000,0.00000000,0.00000000,0.00000000,0.00000000,0.00000000,0.00000000,0.00000000,0.00000000,0.00000000,0.00000000,0.00000000
aag45	0.00000000,0.00000000,0.02352941,0.00000000,0.01176471,0.00000000,0.02352941,0.01176471,0.04705882,0.03529412,0.01176471,0.01176471,0.02352941,0.00000000,0.00000000,0.00000000,0.00000000,0.00000000,0.00000000,0.01176471,0.04705882,0.01176471,0.02352941,0.01176471,0.01176471,0.04705882,0.01176471,0.02352941,0.08235294,0.05882353,0.03529412,0.01176471,0.04705882,0.02352941,0.00000000,0.08235294,0.03529412,0.04705882,0.02352941,0.02352941,0.01176471,0.00000000,0.00000000,0.02352941,0.03529412,0.02352941,0.00000000,0.00000000,0.02352941,0.01176471
wag7	0.00000000,0.00000000,0.00000000,0.00000000,0.00000000,0.00000000,0.02857143,0.02857143,0.17142857,0.05714286,0.00000000,0.02857143,0.00000000,0.00000000,0.00000000,0.00000000,0.00000000,0.00000000,0.00000000,0.00000000,0.00000000,0.00000000,0.00000000,0.00000000,0.00000000,0.05714286,0.05714286,0.00000000,0.17142857,0.17142857,0.11428571,0.02857143,0.00000000,0.00000000,0.00000000,0.02857143,0.02857143,0.00000000,0.00000000,0.00000000,0.00000000,0.00000000,0.02857143,0.00000000,0.00000000,0.00000000,0.00000000,0.00000000,0.00000000,0.00000000
rde8	0.00000000,0.00000000,0.00000000,0.00000000,0.00000000,0.00000000,0.00000000,0.00000000,0.00000000,0.10000000,0.10000000,0.00000000,0.06666667,0.03333333,0.03333333,0.00000000,0.00000000,0.00000000,0.00000000,0.00000000,0.00000000,0.00000000,0.00000000,0.00000000,0.00000000,0.00000000,0.00000000,0.00000000,0.00000000,0.10000000,0.10000000,0.00000000,0.06666667,0.03333333,0.00000000,0.03333333,0.03333333,0.00000000,0.00000000,0.00000000,0.00000000,0.00000000,0.00000000,0.00000000,0.10000000,0.06666667,0.00000000,0.00000000,0.06666667,0.06666667
kbs29	0.00000000,0.00000000,0.04672897,0.02803738,0.01869159,0.00934579,0.02803738,0.00000000,0.00934579,0.01869159,0.00000000,0.01869159,0.00934579,0.00934579,0.00000000,0.00000000,0.00000000,0.00000000,0.00000000,0.03738318,0.08411215,0.04672897,0.02803738,0.00934579,0.01869159,0.04672897,0.00000000,0.02803738,0.01869159,0.01869159,0.00000000,0.01869159,0.00934579,0.00934579,0.02803738,0.14953271,0.02803738,0.10280374,0.01869159,0.06542056,0.01869159,0.00000000,0.00000000,0.00000000,0.00934579,0.00934579,0.00000000,0.00000000,0.00000000,0.00000000
dkd15	0.00000000,0.00000000,0.00000000,0.00000000,0.00000000,0.00000000,0.09090909,0.09090909,0.09090909,0.00000000,0.00000000,0.00000000,0.09090909,0.00000000,0.00000000,0.00000000,0.00000000,0.00000000,0.00000000,0.00000000,0.00000000,0.00000000,0.00000000,0.00000000,0.00000000,0.09090909,0.09090909,0.00000000,0.09090909,0.00000000,0.00000000,0.00000000,0.18181818,0.00000000,0.00000000,0.00000000,0.00000000,0.00000000,0.00000000,0.00000000,0.00000000,0.00000000,0.09090909,0.00000000,0.00000000,0.00000000,0.00000000,0.00000000,0.09090909,0.00000000
ecu4	0.00000000,0.00000000,0.07964602,0.06194690,0.01769912,0.00884956,0.02654867,0.00884956,0.01769912,0.03539823,0.02654867,0.00884956,0.00000000,0.00000000,0.02654867,0.00000000,0.00000000,0.00000000,0.00000000,0.03539823,0.09734513,0.06194690,0.03539823,0.02654867,0.00884956,0.03539823,0.00884956,0.01769912,0.01769912,0.04424779,0.02654867,0.01769912,0.00000000,0.00000000,0.00000000,0.10619469,0.07964602,0.02654867,0.02654867,0.00000000,0.00000000,0.00000000,0.00884956,0.00000000,0.00000000,0.00000000,0.00000000,0.00000000,0.00000000,0.00000000
mjg82	0.00000000,0.00000000,0.03809524,0.01904762,0.01904762,0.00952381,0.01904762,0.00000000,0.00000000,0.00952381,0.00000000,0.00952381,0.02857143,0.01904762,0.00952381,0.00000000,0.00000000,0.00000000,0.00000000,0.00000000,0.05714286,0.02857143,0.02857143,0.01904762,0.00952381,0.01904762,0.00000000,0.01904762,0.00000000,0.00952381,0.00000000,0.00952381,0.03809524,0.01904762,0.00000000,0.10476190,0.06666667,0.03809524,0.01904762,0.01904762,0.01904762,0.00952381,0.00000000,0.00952381,0.05714286,0.02857143,0.01904762,0.00952381,0.12380952,0.03809524
tar57	0.00000000,0.00000000,0.00000000,0.00000000,0.00000000,0.00000000,0.05555556,0.05555556,0.00000000,0.11111111,0.05555556,0.00000000,0.00000000,0.00000000,0.00000000,0.00000000,0.00000000,0.00000000,0.00000000,0.00000000,0.00000000,0.00000000,0.00000000,0.00000000,0.00000000,0.05555556,0.05555556,0.00000000,0.00000000,0.11111111,0.05555556,0.00000000,0.00000000,0.00000000,0.00000000,0.11111111,0.05555556,0.05555556,0.05555556,0.00000000,0.00000000,0.00000000,0.00000000,0.00000000,0.05555556,0.00000000,0.05555556,0.05555556,0.00000000,0.00000000
clk93	0.00000000,0.00000000,0.05633803,0.02816901,0.02816901,0.02112676,0.00704225,0.00000000,0.02816901,0.02112676,0.00000000,0.02112676,0.00704225,0.00704225,0.00704225,0.00000000,0.00000000,0.00000000,0.00000000,0.01408451,0.07042254,0.03521127,0.03521127,0.02816901,0.00704225,0.01408451,0.00000000,0.00704225,0.04225352,0.02816901,0.00000000,0.02816901,0.01408451,0.00704225,0.00000000,0.14084507,0.09154930,0.04929577,0.03521127,0.01408451,0.00704225,0.00000000,0.00704225,0.00704225,0.02816901,0.00704225,0.02112676,0.01408451,0.00704225,0.00704225
mjf68	0.00000000,0.00000000,0.00000000,0.00000000,0.00000000,0.00000000,0.03448276,0.03448276,0.10344828,0.00000000,0.00000000,0.00000000,0.06896552,0.03448276,0.00000000,0.00000000,0.00000000,0.00000000,0.00000000,0.00000000,0.00000000,0.00000000,0.00000000,0.00000000,0.00000000,0.03448276,0.03448276,0.00000000,0.10344828,0.10344828,0.06896552,0.00000000,0.10344828,0.03448276,0.03448276,0.00000000,0.00000000,0.00000000,0.00000000,0.00000000,0.00000000,0.00000000,0.03448276,0.03448276,0.06896552,0.06896552,0.00000000,0.00000000,0.00000000,0.00000000
res106	0.00000000,0.00000000,0.08333333,0.05555556,0.01851852,0.01851852,0.00925926,0.00000000,0.00925926,0.01851852,0.01851852,0.00000000,0.00925926,0.00925926,0.04629630,0.00000000,0.00000000,0.00000000,0.00000000,0.00000000,0.09259259,0.05555556,0.02777778,0.02777778,0.00000000,0.01851852,0.00925926,0.00925926,0.00925926,0.01851852,0.01851852,0.00000000,0.01851852,0.00925926,0.00000000,0.12962963,0.08333333,0.03703704,0.00925926,0.01851852,0.00000000,0.00925926,0.00925926,0.00000000,0.02777778,0.00925926,0.01851852,0.01851852,0.00925926,0.00925926
wsh5	0.00000000,0.00000000,0.00000000,0.00000000,0.00000000,0.00000000,0.00000000,0.00000000,0.00000000,0.00000000,0.00000000,0.00000000,0.00000000,0.00000000,0.00000000,0.00000000,0.00000000,0.00000000,0.00000000,1.00000000,0.00000000,0.00000000,0.00000000,0.00000000,0.00000000,0.00000000,0.00000000,0.00000000,0.00000000,0.00000000,0.00000000,0.00000000,0.00000000,0.00000000,0.00000000,0.00000000,0.00000000,0.00000000,0.00000000,0.00000000,0.00000000,0.00000000,0.00000000,0.00000000,0.00000000,0.00000000,0.00000000,0.00000000,0.00000000,0.00000000
jah208	0.00000000,0.00000000,0.03333333,0.00000000,0.03333333,0.03333333,0.00000000,0.00000000,0.06666667,0.03333333,0.00000000,0.00000000,0.00000000,0.00000000,0.00000000,0.00000000,0.00000000,0.00000000,0.00000000,0.03333333,0.03333333,0.00000000,0.03333333,0.03333333,0.00000000,0.03333333,0.03333333,0.00000000,0.06666667,0.06666667,0.03333333,0.00000000,0.03333333,0.03333333,0.00000000,0.06666667,0.06666667,0.00000000,0.00000000,0.00000000,0.00000000,0.03333333,0.00000000,0.03333333,0.03333333,0.00000000,0.03333333,0.00000000,0.10000000,0.00000000
mad205	0.00000000,0.00000000,0.07352941,0.04411765,0.02941176,0.02941176,0.05882353,0.04411765,0.02941176,0.01470588,0.01470588,0.00000000,0.00000000,0.00000000,0.02941176,0.00000000,0.00000000,0.00000000,0.00000000,0.02941176,0.07352941,0.04411765,0.02941176,0.02941176,0.00000000,0.07352941,0.05882353,0.00000000,0.04411765,0.04411765,0.02941176,0.01470588,0.00000000,0.00000000,0.01470588,0.07352941,0.05882353,0.00000000,0.00000000,0.00000000,0.00000000,0.00000000,0.00000000,0.01470588,0.00000000,0.00000000,0.00000000,0.00000000,0.00000000,0.00000000
rhl10	0.00000000,0.00000000,0.07407407,0.07407407,0.00000000,0.00000000,0.03703704,0.03703704,0.00000000,0.07407407,0.03703704,0.03703704,0.03703704,0.00000000,0.03703704,0.00000000,0.00000000,0.00000000,0.00000000,0.00000000,0.07407407,0.07407407,0.00000000,0.00000000,0.00000000,0.03703704,0.03703704,0.00000000,0.00000000,0.07407407,0.03703704,0.03703704,0.03703704,0.00000000,0.00000000,0.07407407,0.07407407,0.00000000,0.00000000,0.00000000,0.00000000,0.00000000,0.00000000,0.00000000,0.00000000,0.00000000,0.00000000,0.00000000,0.00000000,0.00000000
kdd28	0.00000000,0.00000000,0.00000000,0.00000000,0.00000000,0.00000000,0.22222222,0.11111111,0.00000000,0.00000000,0.00000000,0.00000000,0.00000000,0.00000000,0.00000000,0.00000000,0.00000000,0.00000000,0.00000000,0.33333333,0.00000000,0.00000000,0.00000000,0.00000000,0.00000000,0.22222222,0.11111111,0.00000000,0.00000000,0.00000000,0.00000000,0.00000000,0.00000000,0.00000000,0.00000000,0.00000000,0.00000000,0.00000000,0.00000000,0.00000000,0.00000000,0.00000000,0.00000000,0.00000000,0.00000000,0.00000000,0.00000000,0.00000000,0.00000000,0.00000000
ams404	0.00000000,0.00000000,0.00000000,0.00000000,0.00000000,0.00000000,0.01818182,0.01818182,0.00000000,0.03636364,0.03636364,0.00000000,0.05454545,0.00000000,0.00000000,0.00000000,0.00000000,0.00000000,0.00000000,0.00000000,0.00000000,0.00000000,0.00000000,0.00000000,0.00000000,0.01818182,0.01818182,0.00000000,0.10909091,0.05454545,0.05454545,0.00000000,0.07272727,0.00000000,0.00000000,0.00000000,0.00000000,0.00000000,0.00000000,0.00000000,0.00000000,0.00000000,0.05454545,0.03636364,0.05454545,0.05454545,0.00000000,0.00000000,0.27272727,0.03636364
jlc201	0.00000000,0.00000000,0.05699482,0.02590674,0.01554404,0.00000000,0.00000000,0.00000000,0.00000000,0.00518135,0.00518135,0.00000000,0.03108808,0.02072539,0.00518135,0.00000000,0.00000000,0.00000000,0.00000000,0.00518135,0.09844560,0.04145078,0.03626943,0.00000000,0.03108808,0.00000000,0.00000000,0.00000000,0.00000000,0.00518135,0.00518135,0.00000000,0.03626943,0.02072539,0.02590674,0.15544041,0.05181347,0.08290155,0.04145078,0.02590674,0.02072539,0.01036269,0.01554404,0.00518135,0.03108808,0.00000000,0.03108808,0.02072539,0.02590674,0.01036269
qim8	0.00000000,0.00000000,0.02439024,0.02439024,0.00000000,0.00000000,0.07317073,0.04878049,0.02439024,0.04878049,0.04878049,0.00000000,0.02439024,0.02439024,0.00000000,0.00000000,0.00000000,0.00000000,0.00000000,0.09756098,0.07317073,0.04878049,0.00000000,0.00000000,0.00000000,0.09756098,0.04878049,0.02439024,0.02439024,0.04878049,0.04878049,0.00000000,0.02439024,0.02439024,0.00000000,0.00000000,0.00000000,0.00000000,0.00000000,0.00000000,0.00000000,0.02439024,0.02439024,0.00000000,0.02439024,0.02439024,0.00000000,0.00000000,0.00000000,0.00000000
cac189	0.00000000,0.00000000,0.00000000,0.00000000,0.00000000,0.00000000,0.20000000,0.10000000,0.00000000,0.10000000,0.10000000,0.00000000,0.00000000,0.00000000,0.00000000,0.00000000,0.00000000,0.00000000,0.00000000,0.00000000,0.00000000,0.00000000,0.00000000,0.00000000,0.00000000,0.20000000,0.10000000,0.00000000,0.00000000,0.10000000,0.10000000,0.00000000,0.00000000,0.00000000,0.00000000,0.00000000,0.00000000,0.00000000,0.00000000,0.00000000,0.00000000,0.00000000,0.00000000,0.00000000,0.00000000,0.00000000,0.00000000,0.00000000,0.00000000,0.00000000
brs112	0.00000000,0.00000000,0.12500000,0.08750000,0.02500000,0.01250000,0.01250000,0.00000000,0.00000000,0.02500000,0.00000000,0.02500000,0.00000000,0.00000000,0.02500000,0.00000000,0.00000000,0.00000000,0.00000000,0.01250000,0.13750000,0.08750000,0.03750000,0.02500000,0.01250000,0.01250000,0.00000000,0.01250000,0.00000000,0.02500000,0.00000000,0.02500000,0.00000000,0.00000000,0.02500000,0.12500000,0.06250000,0.03750000,0.01250000,0.00000000,0.00000000,0.00000000,0.01250000,0.00000000,0.00000000,0.00000000,0.00000000,0.00000000,0.00000000,0.00000000
alh133	0.00000000,0.00000000,0.09890110,0.09890110,0.00000000,0.00000000,0.03296703,0.00000000,0.02197802,0.04395604,0.02197802,0.00000000,0.02197802,0.00000000,0.00000000,0.00000000,0.00000000,0.00000000,0.00000000,0.02197802,0.14285714,0.13186813,0.00000000,0.00000000,0.00000000,0.04395604,0.01098901,0.02197802,0.02197802,0.04395604,0.02197802,0.00000000,0.03296703,0.01098901,0.04395604,0.01098901,0.01098901,0.00000000,0.00000000,0.00000000,0.00000000,0.00000000,0.02197802,0.01098901,0.03296703,0.00000000,0.01098901,0.00000000,0.01098901,0.00000000
anv35	0.00000000,0.00000000,0.00000000,0.00000000,0.00000000,0.00000000,0.08163265,0.08163265,0.06122449,0.04081633,0.04081633,0.00000000,0.02040816,0.02040816,0.00000000,0.00000000,0.00000000,0.00000000,0.00000000,0.04081633,0.00000000,0.00000000,0.00000000,0.00000000,0.00000000,0.10204082,0.10204082,0.00000000,0.08163265,0.08163265,0.04081633,0.02040816,0.02040816,0.02040816,0.00000000,0.02040816,0.00000000,0.00000000,0.00000000,0.00000000,0.00000000,0.02040816,0.00000000,0.00000000,0.04081633,0.04081633,0.00000000,0.00000000,0.02040816,0.00000000
inf4	0.00000000,0.00000000,0.00000000,0.00000000,0.00000000,0.00000000,0.03125000,0.01562500,0.03125000,0.06250000,0.06250000,0.00000000,0.06250000,0.01562500,0.00000000,0.00000000,0.00000000,0.00000000,0.00000000,0.00000000,0.00000000,0.00000000,0.00000000,0.00000000,0.00000000,0.03125000,0.01562500,0.00000000,0.06250000,0.06250000,0.06250000,0.00000000,0.09375000,0.03125000,0.00000000,0.00000000,0.00000000,0.00000000,0.00000000,0.00000000,0.00000000,0.00000000,0.01562500,0.03125000,0.09375000,0.09375000,0.00000000,0.00000000,0.09375000,0.03125000
jey16	0.00000000,0.00000000,0.03940887,0.00000000,0.03448276,0.00985222,0.00000000,0.00000000,0.00000000,0.00492611,0.00000000,0.00492611,0.00492611,0.00000000,0.01970443,0.00000000,0.00000000,0.00000000,0.00000000,0.00000000,0.03940887,0.00000000,0.03448276,0.00985222,0.01970443,0.00000000,0.00000000,0.00000000,0.00000000,0.00492611,0.00000000,0.00492611,0.00492611,0.00000000,0.00000000,0.25123153,0.06896552,0.17241379,0.05418719,0.11330049,0.03448276,0.01477833,0.00000000,0.00000000,0.01970443,0.00000000,0.01970443,0.01477833,0.00000000,0.00000000
jdh98	0.00000000,0.00000000,0.04081633,0.00000000,0.03571429,0.01530612,0.02040816,0.00000000,0.00000000,0.00000000,0.00000000,0.00000000,0.00000000,0.00000000,0.00000000,0.00000000,0.00000000,0.00000000,0.00000000,0.02551020,0.06632653,0.00000000,0.05612245,0.02040816,0.03571429,0.02551020,0.00000000,0.01530612,0.00510204,0.00510204,0.00000000,0.00510204,0.00000000,0.00000000,0.00510204,0.20408163,0.06632653,0.13775510,0.04081633,0.09693878,0.03571429,0.00510204,0.00510204,0.00510204,0.01020408,0.00000000,0.00510204,0.00000000,0.00510204,0.00510204
atr16	0.00000000,0.00000000,0.01515152,0.01515152,0.00000000,0.00000000,0.00000000,0.00000000,0.04545455,0.10606061,0.09090909,0.00000000,0.03030303,0.01515152,0.00000000,0.00000000,0.00000000,0.00000000,0.00000000,0.00000000,0.01515152,0.01515152,0.00000000,0.00000000,0.00000000,0.00000000,0.00000000,0.00000000,0.04545455,0.10606061,0.09090909,0.00000000,0.07575758,0.03030303,0.00000000,0.00000000,0.00000000,0.00000000,0.00000000,0.00000000,0.00000000,0.00000000,0.01515152,0.00000000,0.09090909,0.09090909,0.00000000,0.00000000,0.06060606,0.04545455
pjs52	0.00000000,0.00000000,0.08064516,0.00806452,0.07258065,0.06451613,0.01612903,0.00000000,0.01612903,0.00806452,0.00000000,0.00000000,0.00000000,0.00000000,0.00000000,0.00000000,0.00000000,0.00000000,0.00000000,0.02419355,0.12096774,0.01612903,0.10483871,0.08870968,0.01612903,0.02419355,0.00000000,0.02419355,0.01612903,0.01612903,0.00000000,0.00000000,0.00000000,0.00000000,0.02419355,0.12096774,0.10483871,0.01612903,0.01612903,0.00000000,0.00000000,0.00000000,0.00000000,0.00000000,0.00000000,0.00000000,0.00000000,0.00000000,0.00000000,0.00000000
cev9	0.00000000,0.00000000,0.00000000,0.00000000,0.00000000,0.00000000,0.00000000,0.00000000,0.06666667,0.13333333,0.13333333,0.00000000,0.00000000,0.00000000,0.00000000,0.00000000,0.00000000,0.00000000,0.00000000,0.00000000,0.00000000,0.00000000,0.00000000,0.00000000,0.00000000,0.00000000,0.00000000,0.00000000,0.06666667,0.20000000,0.20000000,0.00000000,0.00000000,0.00000000,0.06666667,0.00000000,0.00000000,0.00000000,0.00000000,0.00000000,0.00000000,0.00000000,0.00000000,0.00000000,0.06666667,0.06666667,0.00000000,0.00000000,0.00000000,0.00000000
egm18	0.00000000,0.00000000,0.01818182,0.01818182,0.00000000,0.00000000,0.00000000,0.00000000,0.00000000,0.07272727,0.07272727,0.00000000,0.05454545,0.00000000,0.00000000,0.00000000,0.00000000,0.00000000,0.00000000,0.00000000,0.01818182,0.01818182,0.00000000,0.00000000,0.00000000,0.00000000,0.00000000,0.00000000,0.00000000,0.10909091,0.10909091,0.00000000,0.10909091,0.03636364,0.00000000,0.01818182,0.01818182,0.00000000,0.00000000,0.00000000,0.00000000,0.00000000,0.00000000,0.09090909,0.09090909,0.05454545,0.01818182,0.00000000,0.05454545,0.01818182
jhg10	0.00000000,0.00000000,0.00000000,0.00000000,0.00000000,0.00000000,0.08333333,0.08333333,0.00000000,0.16666667,0.16666667,0.00000000,0.00000000,0.00000000,0.00000000,0.00000000,0.00000000,0.00000000,0.00000000,0.00000000,0.00000000,0.00000000,0.00000000,0.00000000,0.00000000,0.08333333,0.08333333,0.00000000,0.00000000,0.16666667,0.16666667,0.00000000,0.00000000,0.00000000,0.00000000,0.00000000,0.00000000,0.00000000,0.00000000,0.00000000,0.00000000,0.00000000,0.00000000,0.00000000,0.00000000,0.00000000,0.00000000,0.00000000,0.00000000,0.00000000
jdh73	0.00000000,0.00000000,0.03571429,0.00000000,0.03571429,0.03571429,0.03571429,0.03571429,0.10714286,0.00000000,0.00000000,0.00000000,0.00000000,0.00000000,0.00000000,0.00000000,0.00000000,0.00000000,0.00000000,0.03571429,0.07142857,0.03571429,0.03571429,0.03571429,0.00000000,0.10714286,0.07142857,0.03571429,0.14285714,0.03571429,0.03571429,0.00000000,0.00000000,0.00000000,0.00000000,0.03571429,0.03571429,0.00000000,0.00000000,0.00000000,0.00000000,0.00000000,0.00000000,0.00000000,0.00000000,0.00000000,0.00000000,0.00000000,0.00000000,0.00000000
leg33	0.00000000,0.00000000,0.07692308,0.05128205,0.00000000,0.00000000,0.02564103,0.00000000,0.07692308,0.07692308,0.05128205,0.02564103,0.00000000,0.00000000,0.00000000,0.00000000,0.00000000,0.00000000,0.00000000,0.00000000,0.07692308,0.05128205,0.00000000,0.00000000,0.00000000,0.05128205,0.02564103,0.00000000,0.10256410,0.12820513,0.07692308,0.02564103,0.00000000,0.00000000,0.00000000,0.02564103,0.02564103,0.00000000,0.00000000,0.00000000,0.00000000,0.02564103,0.00000000,0.00000000,0.00000000,0.00000000,0.00000000,0.00000000,0.00000000,0.00000000
kav33	0.00000000,0.00000000,0.05797101,0.04347826,0.00000000,0.00000000,0.02898551,0.00000000,0.00000000,0.00000000,0.00000000,0.00000000,0.01449275,0.00000000,0.00000000,0.00000000,0.00000000,0.00000000,0.00000000,0.00000000,0.11594203,0.04347826,0.04347826,0.00000000,0.02898551,0.02898551,0.00000000,0.02898551,0.00000000,0.00000000,0.00000000,0.00000000,0.01449275,0.00000000,0.02898551,0.18840580,0.02898551,0.14492754,0.02898551,0.11594203,0.01449275,0.00000000,0.00000000,0.00000000,0.00000000,0.00000000,0.00000000,0.00000000,0.00000000,0.00000000
cap77	0.00000000,0.00000000,0.00000000,0.00000000,0.00000000,0.00000000,0.12500000,0.12500000,0.12500000,0.06250000,0.06250000,0.00000000,0.00000000,0.00000000,0.00000000,0.00000000,0.00000000,0.00000000,0.00000000,0.00000000,0.00000000,0.00000000,0.00000000,0.00000000,0.00000000,0.12500000,0.12500000,0.00000000,0.12500000,0.06250000,0.06250000,0.00000000,0.00000000,0.00000000,0.00000000,0.00000000,0.00000000,0.00000000,0.00000000,0.00000000,0.00000000,0.00000000,0.00000000,0.00000000,0.00000000,0.00000000,0.00000000,0.00000000,0.00000000,0.00000000
kmh117	0.00000000,0.00000000,0.00000000,0.00000000,0.00000000,0.00000000,0.06666667,0.02222222,0.00000000,0.04444444,0.04444444,0.00000000,0.04444444,0.02222222,0.00000000,0.00000000,0.00000000,0.00000000,0.00000000,0.04444444,0.00000000,0.00000000,0.00000000,0.00000000,0.00000000,0.08888889,0.04444444,0.00000000,0.00000000,0.06666667,0.04444444,0.00000000,0.04444444,0.02222222,0.00000000,0.02222222,0.02222222,0.00000000,0.00000000,0.00000000,0.00000000,0.08888889,0.00000000,0.02222222,0.11111111,0.02222222,0.02222222,0.00000000,0.06666667,0.02222222
djp60	0.00000000,0.00000000,0.00000000,0.00000000,0.00000000,0.00000000,0.14285714,0.14285714,0.04761905,0.04761905,0.04761905,0.00000000,0.00000000,0.00000000,0.00000000,0.00000000,0.00000000,0.00000000,0.00000000,0.04761905,0.00000000,0.00000000,0.00000000,0.00000000,0.00000000,0.14285714,0.14285714,0.00000000,0.04761905,0.09523810,0.09523810,0.00000000,0.00000000,0.00000000,0.00000000,0.00000000,0.00000000,0.00000000,0.00000000,0.00000000,0.00000000,0.00000000,0.00000000,0.00000000,0.00000000,0.00000000,0.00000000,0.00000000,0.00000000,0.00000000
mjf68	0.00000000,0.00000000,0.00000000,0.00000000,0.00000000,0.00000000,0.04761905,0.04761905,0.09523810,0.09523810,0.09523810,0.00000000,0.00000000,0.00000000,0.00000000,0.00000000,0.00000000,0.00000000,0.00000000,0.00000000,0.00000000,0.00000000,0.00000000,0.00000000,0.00000000,0.04761905,0.04761905,0.00000000,0.09523810,0.19047619,0.19047619,0.00000000,0.00000000,0.00000000,0.00000000,0.00000000,0.00000000,0.00000000,0.00000000,0.00000000,0.00000000,0.00000000,0.04761905,0.00000000,0.00000000,0.00000000,0.00000000,0.00000000,0.00000000,0.00000000
tol16	0.00000000,0.00000000,0.00000000,0.00000000,0.00000000,0.00000000,0.16666667,0.00000000,0.00000000,0.16666667,0.16666667,0.00000000,0.00000000,0.00000000,0.00000000,0.00000000,0.00000000,0.00000000,0.00000000,0.00000000,0.00000000,0.00000000,0.00000000,0.00000000,0.00000000,0.16666667,0.00000000,0.00000000,0.00000000,0.16666667,0.16666667,0.00000000,0.00000000,0.00000000,0.00000000,0.00000000,0.00000000,0.00000000,0.00000000,0.00000000,0.00000000,0.00000000,0.00000000,0.00000000,0.00000000,0.00000000,0.00000000,0.00000000,0.00000000,0.00000000
yaz44	0.00000000,0.00000000,0.00000000,0.00000000,0.00000000,0.00000000,0.03448276,0.03448276,0.00000000,0.10344828,0.10344828,0.00000000,0.03448276,0.03448276,0.00000000,0.00000000,0.00000000,0.00000000,0.00000000,0.03448276,0.00000000,0.00000000,0.00000000,0.00000000,0.00000000,0.03448276,0.03448276,0.00000000,0.00000000,0.10344828,0.10344828,0.00000000,0.03448276,0.03448276,0.00000000,0.00000000,0.00000000,0.00000000,0.00000000,0.00000000,0.00000000,0.00000000,0.00000000,0.00000000,0.10344828,0.10344828,0.00000000,0.00000000,0.03448276,0.03448276
bjs49	0.00000000,0.00000000,0.03888889,0.01666667,0.02222222,0.00555556,0.01111111,0.00000000,0.00000000,0.02222222,0.00000000,0.01666667,0.00000000,0.00000000,0.00555556,0.00000000,0.00000000,0.00000000,0.00000000,0.02222222,0.06111111,0.02222222,0.03333333,0.01111111,0.02222222,0.01666667,0.00000000,0.01111111,0.00555556,0.02222222,0.00000000,0.01666667,0.00555556,0.00000000,0.00000000,0.19444444,0.06666667,0.12777778,0.03888889,0.08888889,0.02777778,0.00000000,0.01111111,0.00000000,0.01111111,0.00000000,0.01111111,0.01111111,0.01666667,0.00555556
chg57	0.00000000,0.00000000,0.06557377,0.04918033,0.01639344,0.01639344,0.03278689,0.01639344,0.00000000,0.09836066,0.06557377,0.03278689,0.00000000,0.00000000,0.03278689,0.00000000,0.00000000,0.00000000,0.00000000,0.00000000,0.06557377,0.04918033,0.01639344,0.01639344,0.00000000,0.03278689,0.01639344,0.00000000,0.00000000,0.09836066,0.06557377,0.03278689,0.00000000,0.00000000,0.00000000,0.08196721,0.08196721,0.00000000,0.00000000,0.00000000,0.00000000,0.01639344,0.00000000,0.00000000,0.00000000,0.00000000,0.00000000,0.00000000,0.00000000,0.00000000
art47	0.00000000,0.00000000,0.25000000,0.25000000,0.00000000,0.00000000,0.00000000,0.00000000,0.00000000,0.00000000,0.00000000,0.00000000,0.00000000,0.00000000,0.00000000,0.00000000,0.00000000,0.00000000,0.00000000,0.00000000,0.25000000,0.25000000,0.00000000,0.00000000,0.00000000,0.00000000,0.00000000,0.00000000,0.00000000,0.00000000,0.00000000,0.00000000,0.00000000,0.00000000,0.00000000,0.00000000,0.00000000,0.00000000,0.00000000,0.00000000,0.00000000,0.00000000,0.00000000,0.00000000,0.00000000,0.00000000,0.00000000,0.00000000,0.00000000,0.00000000
jky3	0.00000000,0.00000000,0.00000000,0.00000000,0.00000000,0.00000000,0.03571429,0.00000000,0.01785714,0.08928571,0.07142857,0.01785714,0.03571429,0.03571429,0.00000000,0.00000000,0.00000000,0.00000000,0.00000000,0.00000000,0.01785714,0.00000000,0.01785714,0.00000000,0.01785714,0.03571429,0.00000000,0.01785714,0.05357143,0.08928571,0.07142857,0.01785714,0.03571429,0.03571429,0.01785714,0.07142857,0.03571429,0.03571429,0.01785714,0.01785714,0.01785714,0.01785714,0.00000000,0.00000000,0.03571429,0.00000000,0.00000000,0.00000000,0.01785714,0.00000000
ket38	0.00000000,0.00000000,0.05555556,0.05555556,0.00000000,0.00000000,0.00000000,0.00000000,0.05555556,0.05555556,0.00000000,0.05555556,0.00000000,0.00000000,0.00000000,0.00000000,0.00000000,0.00000000,0.00000000,0.00000000,0.11111111,0.05555556,0.00000000,0.00000000,0.00000000,0.00000000,0.00000000,0.00000000,0.11111111,0.05555556,0.00000000,0.05555556,0.05555556,0.00000000,0.00000000,0.05555556,0.05555556,0.00000000,0.00000000,0.00000000,0.00000000,0.00000000,0.05555556,0.00000000,0.05555556,0.05555556,0.00000000,0.00000000,0.00000000,0.00000000
abr26	0.00000000,0.00000000,0.00000000,0.00000000,0.00000000,0.00000000,0.08928571,0.07142857,0.03571429,0.03571429,0.03571429,0.00000000,0.00000000,0.00000000,0.00000000,0.00000000,0.00000000,0.00000000,0.00000000,0.00000000,0.03571429,0.01785714,0.01785714,0.00000000,0.01785714,0.10714286,0.07142857,0.01785714,0.07142857,0.05357143,0.03571429,0.00000000,0.00000000,0.00000000,0.00000000,0.08928571,0.01785714,0.07142857,0.01785714,0.05357143,0.01785714,0.00000000,0.01785714,0.00000000,0.00000000,0.00000000,0.00000000,0.00000000,0.00000000,0.00000000
mjs187	0.00000000,0.00000000,0.00000000,0.00000000,0.00000000,0.00000000,0.02631579,0.02631579,0.00000000,0.05263158,0.02631579,0.02631579,0.02631579,0.00000000,0.00000000,0.00000000,0.00000000,0.00000000,0.00000000,0.00000000,0.00000000,0.00000000,0.00000000,0.00000000,0.00000000,0.02631579,0.02631579,0.00000000,0.00000000,0.07894737,0.05263158,0.02631579,0.02631579,0.00000000,0.00000000,0.15789474,0.05263158,0.10526316,0.02631579,0.07894737,0.02631579,0.02631579,0.00000000,0.00000000,0.05263158,0.00000000,0.02631579,0.02631579,0.00000000,0.00000000
rjm105	0.00000000,0.00000000,0.00000000,0.00000000,0.00000000,0.00000000,0.16666667,0.16666667,0.00000000,0.08333333,0.08333333,0.00000000,0.00000000,0.00000000,0.00000000,0.00000000,0.00000000,0.00000000,0.00000000,0.00000000,0.00000000,0.00000000,0.00000000,0.00000000,0.00000000,0.16666667,0.16666667,0.00000000,0.00000000,0.08333333,0.08333333,0.00000000,0.00000000,0.00000000,0.00000000,0.00000000,0.00000000,0.00000000,0.00000000,0.00000000,0.00000000,0.00000000,0.00000000,0.00000000,0.00000000,0.00000000,0.00000000,0.00000000,0.00000000,0.00000000
vac24	0.00000000,0.00000000,0.00000000,0.00000000,0.00000000,0.00000000,0.05000000,0.05000000,0.00000000,0.10000000,0.05000000,0.05000000,0.05000000,0.00000000,0.00000000,0.00000000,0.00000000,0.00000000,0.00000000,0.00000000,0.00000000,0.00000000,0.00000000,0.00000000,0.00000000,0.05000000,0.05000000,0.00000000,0.00000000,0.10000000,0.05000000,0.05000000,0.05000000,0.00000000,0.00000000,0.05000000,0.05000000,0.00000000,0.00000000,0.00000000,0.00000000,0.00000000,0.05000000,0.00000000,0.00000000,0.00000000,0.00000000,0.00000000,0.15000000,0.00000000
avn10	0.00000000,0.00000000,0.11111111,0.00000000,0.07407407,0.07407407,0.03703704,0.00000000,0.00000000,0.00000000,0.00000000,0.00000000,0.00000000,0.00000000,0.00000000,0.00000000,0.00000000,0.00000000,0.00000000,0.11111111,0.14814815,0.03703704,0.07407407,0.07407407,0.00000000,0.03703704,0.00000000,0.03703704,0.00000000,0.00000000,0.00000000,0.00000000,0.00000000,0.00000000,0.03703704,0.07407407,0.07407407,0.00000000,0.00000000,0.00000000,0.00000000,0.00000000,0.00000000,0.00000000,0.00000000,0.00000000,0.00000000,0.00000000,0.00000000,0.00000000
ang92	0.00000000,0.00000000,0.00000000,0.00000000,0.00000000,0.00000000,0.12500000,0.12500000,0.00000000,0.00000000,0.00000000,0.00000000,0.12500000,0.00000000,0.00000000,0.00000000,0.00000000,0.00000000,0.00000000,0.12500000,0.00000000,0.00000000,0.00000000,0.00000000,0.00000000,0.12500000,0.12500000,0.00000000,0.00000000,0.00000000,0.00000000,0.00000000,0.12500000,0.00000000,0.00000000,0.00000000,0.00000000,0.00000000,0.00000000,0.00000000,0.00000000,0.00000000,0.12500000,0.00000000,0.00000000,0.00000000,0.00000000,0.00000000,0.00000000,0.00000000
kmt51	0.00000000,0.00000000,0.00000000,0.00000000,0.00000000,0.00000000,0.03703704,0.03703704,0.03703704,0.01851852,0.00000000,0.01851852,0.05555556,0.01851852,0.00000000,0.00000000,0.00000000,0.00000000,0.00000000,0.01851852,0.00000000,0.00000000,0.00000000,0.00000000,0.00000000,0.05555556,0.03703704,0.00000000,0.03703704,0.03703704,0.01851852,0.01851852,0.07407407,0.03703704,0.00000000,0.11111111,0.07407407,0.01851852,0.01851852,0.00000000,0.00000000,0.01851852,0.00000000,0.00000000,0.07407407,0.00000000,0.07407407,0.01851852,0.01851852,0.01851852
sbb28	0.00000000,0.00000000,0.05056180,0.00561798,0.03932584,0.01685393,0.00561798,0.00000000,0.01685393,0.01123596,0.00000000,0.00000000,0.01685393,0.00561798,0.00000000,0.00000000,0.00000000,0.00000000,0.00000000,0.01123596,0.10112360,0.00561798,0.06741573,0.02247191,0.03370787,0.01685393,0.00000000,0.01123596,0.01685393,0.01123596,0.00000000,0.00000000,0.02247191,0.00561798,0.03370787,0.15730337,0.05617978,0.07303371,0.02808989,0.02808989,0.01685393,0.02808989,0.02247191,0.00561798,0.02247191,0.00561798,0.01685393,0.01123596,0.00000000,0.00000000
sab155	0.00000000,0.00000000,0.03100775,0.00775194,0.02325581,0.01550388,0.01550388,0.00000000,0.00000000,0.02325581,0.01550388,0.00775194,0.02325581,0.00775194,0.00775194,0.00000000,0.00000000,0.00000000,0.00000000,0.00775194,0.09302326,0.01550388,0.06201550,0.03875969,0.00775194,0.02325581,0.00000000,0.02325581,0.01550388,0.02325581,0.01550388,0.00775194,0.03875969,0.00775194,0.00775194,0.11627907,0.06201550,0.03100775,0.01550388,0.01550388,0.00775194,0.02325581,0.03100775,0.03100775,0.01550388,0.00775194,0.00775194,0.00000000,0.06201550,0.00775194
rsb45	0.00000000,0.00000000,0.00000000,0.00000000,0.00000000,0.00000000,0.08695652,0.08695652,0.00000000,0.08695652,0.08695652,0.00000000,0.04347826,0.00000000,0.00000000,0.00000000,0.00000000,0.00000000,0.00000000,0.00000000,0.00000000,0.00000000,0.00000000,0.00000000,0.00000000,0.08695652,0.08695652,0.00000000,0.00000000,0.08695652,0.08695652,0.00000000,0.08695652,0.00000000,0.00000000,0.00000000,0.00000000,0.00000000,0.00000000,0.00000000,0.00000000,0.00000000,0.00000000,0.08695652,0.04347826,0.04347826,0.00000000,0.00000000,0.00000000,0.00000000
drr38	0.00000000,0.00000000,0.00000000,0.00000000,0.00000000,0.00000000,0.00000000,0.00000000,0.30000000,0.00000000,0.00000000,0.00000000,0.00000000,0.00000000,0.00000000,0.00000000,0.00000000,0.00000000,0.00000000,0.00000000,0.00000000,0.00000000,0.00000000,0.00000000,0.00000000,0.10000000,0.10000000,0.00000000,0.30000000,0.10000000,0.10000000,0.00000000,0.00000000,0.00000000,0.00000000,0.00000000,0.00000000,0.00000000,0.00000000,0.00000000,0.00000000,0.00000000,0.00000000,0.00000000,0.00000000,0.00000000,0.00000000,0.00000000,0.00000000,0.00000000
