cluster 0 low performance: 
0.009288466363636365,0.022834980000000005,0.014087362727272729,0.005923340909090909,0.00146618,0.023344714545454545,0.0024480454545454545,0.0012504790909090909,0.0022119436363636363,0.006722462727272727,0.004417031818181819,0.021871045454545456,0.009914716363636363,0.009886004545454546,0.0017791881818181822,0.010449620909090908,0.0053298218181818185,0.00436205,0.004172662727272728,0.013846045454545456,0.006049709999999999,0.04690006545454546,0.01858473090909091,0.004020637272727273,0.003845659090909091,0.009576197272727273,0.007285433636363635,0.0020587454545454545,0.004254643636363637
0.015178581783948228,0.018882209004060364,0.009600309841672337,0.005585245282502582,0.0015393338037841978,0.01445109454727116,0.005795072243059559,0.001826032747761982,0.00385429325095647,0.009854837729190389,0.006589785375212181,0.014293071423790278,0.008518920498710525,0.008536117092334369,0.0037988941478823653,0.0077787447133074285,0.00656222797623548,0.0034349380384725214,0.0040825884003168455,0.010367998221584062,0.005952616928480813,0.04550039556172698,0.011126569992274802,0.004612650310739509,0.003844396812458962,0.012275657385699324,0.005402997845420924,0.0023356782302299795,0.004006955720406187

cluster 1 low performance: 
0.016923900666666665,0.007070349333333333,8.271573333333333E-4,0.0,0.005921036000000001,0.049298768,0.010062780666666665,0.009223717999999999,0.006435293999999999,0.014115775333333332,0.010492644666666665,0.0010310306666666666,8.271573333333333E-4,2.0387333333333333E-4,0.004945947333333334,0.0033186139999999997,0.002778064666666667,2.0387333333333333E-4,0.0023082126666666663,0.033208883333333335,0.0019261973333333335,0.005965162,0.003982593333333334,5.07614E-4,3.584226666666667E-4,0.02643325066666667,0.003923458666666667,0.0020545453333333337,0.0012666326666666667
0.01702200462044173,0.007445186414502073,0.0019921146534623837,0.0,0.005182414382429359,0.02300676390812615,0.012657389780607726,0.0071711185027081145,0.007830344608835383,0.01790986885500128,0.012717706661046433,0.0020525961248346503,0.0019921146534623837,7.628241636328926E-4,0.01294779476439931,0.007095110174134296,0.006774215338401801,7.628241636328926E-4,0.004552416616020502,0.020903403953212555,0.0036167237852075765,0.009446989853872116,0.006016456062786096,0.0018993176727298672,0.0013410948183205473,0.019776287108153698,0.005488139597579331,0.0029295943057765224,0.002628792300040627

cluster 0 hi performance: 
0.011404526666666666,0.017957979166666662,0.0188155,0.0061345908333333326,0.0016529208333333333,0.017248000833333336,8.920425000000001E-4,0.0015954875,0.0018108075000000002,0.010999275833333334,0.006891525,0.025609566666666663,0.013928499999999998,0.009833830833333333,0.0023742491666666667,0.006481345833333333,0.002939184166666666,0.002351895833333333,0.005147436666666667,0.014046697500000002,0.0087124175,0.04467587666666667,0.02095385416666667,0.004995509999999999,0.003881588333333333,0.004441800833333333,0.010798328333333334,0.0030499875000000003,0.006521154166666665
0.016326488201188243,0.011058465995354311,0.016381944785428156,0.006863606924793574,0.0017729973356224497,0.010371736278636008,0.0016260734033970966,0.0015356462801001463,0.00286948374401542,0.014808297723355677,0.009304112163647946,0.0196576203594727,0.014616713269962573,0.008260090510882693,0.0057866928754895025,0.0038325481663606404,0.00241995752618532,0.0028832162138731415,0.003709057627858082,0.009212539209473434,0.005691367670200379,0.02469804137099483,0.010355029087444626,0.004408680869882358,0.003786859940544042,0.005849734865508092,0.006791005445132105,0.002904388691013208,0.005570139471121076

cluster 1 hi performance: 
0.01747285941176471,0.008851458235294117,0.001735255882352941,1.6294588235294118E-4,0.006972697647058824,0.03773949588235295,0.004944776470588236,0.0019306358823529411,0.002415997058823529,0.010645432352941178,0.00875556705882353,0.0028769688235294115,0.002124975882352941,3.840870588235294E-4,0.022269585882352942,0.007171548235294117,0.005281876470588235,9.75544705882353E-4,0.001293480588235294,0.03067615058823529,0.0027340105882352936,0.0035093482352941173,0.003177011764705882,0.0,9.601752941176469E-4,0.011018582941176473,0.004997257647058823,0.0028366223529411763,0.0014606523529411765
0.018245949056225983,0.01276600294593474,0.003844460781358121,6.517835294117648E-4,0.00676019655178538,0.023533457809782492,0.005659166431184575,0.0031768800257727134,0.004442960053909165,0.01333341717140435,0.010855730148685511,0.004255039500368091,0.0036710362794384957,0.0010654615900425762,0.04945930249873991,0.008456056203255425,0.007423637581424654,0.0024962823574223047,0.0033691712599172806,0.023899349966988264,0.004189897975891777,0.006627369104662729,0.00590580232923345,0.0,0.001920099368035622,0.011370201974720518,0.006797754804616637,0.003348377459220808,0.0038071241303231224

