0.02155384	0.05955486	0.06558251	0.02397834	0.03336679	0.07013407	0.06543606	0.06526901	0.03675257	0.01914939
0.01953464	0.02252001	0.07355829	0.01812665	0.01150654	0.05869031	0.03126734	0.06399894	0.02136212	0.04999109
0.02582781	0.01628527	0.04743947	0.03090386	0.07760611	0.05369281	0.04436396	0.01021053	0.06529676	0.06579950
0.04819867	0.03119658	0.06156207	0.03643355	0.02559617	0.03858397	0.03143627	0.07062476	0.05098445	0.04975058
0.05412264	0.06409015	0.03517913	0.00833137	0.05049780	0.03916958	0.04597132	0.04187642	0.04831037	0.02513855
0.04977519	0.01385474	0.06282142	0.05649715	0.03155501	0.03972780	0.05629468	0.01039446	0.03483978	0.04739495
0.03185715	0.01478419	0.03519590	0.01679820	0.03821367	0.03551322	0.04763616	0.04681091	0.05747232	0.03472311
0.00616209	0.04558855	0.02893419	0.06011495	0.04895598	0.01895462	0.03698040	0.05344302	0.00978850	0.01103058
0.01552345	0.05502728	0.06307104	0.04819695	0.06177610	0.02327171	0.01502224	0.01774139	0.06711117	0.03054820
0.05720950	0.06102042	0.04188213	0.06895114	0.03524827	0.02534875	0.05666807	0.00489047	0.05018515	0.01966235
0.00980815	0.06987358	0.06676800	0.01995862	0.04031933	0.04594592	0.06913815	0.06819836	0.05963302	0.03966577
0.00560209	0.02535644	0.05473835	0.01669189	0.05316777	0.05293644	0.04449111	0.03570486	0.01209195	0.04859924
0.00986809	0.04098304	0.04819075	0.05190026	0.04701677	0.02391014	0.01350005	0.04763542	0.04117611	0.04564554
-0.00083999	0.05271475	0.05553708	0.04633596	0.05238850	0.05615411	0.01849162	0.02265479	0.02574405	0.04548555
0.01393804	0.05589941	0.07021100	0.05778299	0.07382440	0.01731998	0.01084810	0.05558487	0.01309015	0.04571102
0.03783384	0.01604622	0.05308966	0.05010375	0.02802247	0.04584680	0.02813607	0.04082534	0.01800624	0.06055527
0.01117937	0.04780751	0.07023915	0.01986742	0.04046460	0.00461946	0.02228730	0.05260609	0.06129071	0.00327061
0.03874984	0.04414945	0.04876460	0.02176973	0.03551177	0.00254560	-0.00038109	0.04379560	0.03252202	0.04749512
0.04467055	0.01287020	0.03413059	0.02018572	0.03733055	0.03806473	0.03821339	0.05671551	0.03530667	0.03788420
0.02383615	0.01928231	0.04843491	0.00322332	0.00820642	0.06456399	0.05748309	0.04989047	0.00366602	0.04159515
0.06126437	0.03109169	0.01748508	0.04649447	0.06891074	0.06057833	0.01558606	0.01638186	0.03228761	0.01561993
0.00160870	-0.00094786	0.01099280	0.04322840	0.00502131	0.01083752	0.01478996	0.03773415	0.05880896	0.03285556
0.00895434	0.00130906	0.02229441	0.01364960	0.00171624	0.03767057	0.03342170	0.02223161	0.06716370	0.01653087
0.04983905	0.04427905	0.00896669	0.00508596	0.04626604	0.04283092	0.05828694	0.03928783	0.05014350	0.03222288
0.05868547	0.03089753	0.02875326	0.04839376	0.00533920	0.05056393	0.03711749	0.03691259	0.05489937	0.01141175
0.05284671	0.05556966	0.06147426	0.03421700	0.04460687	0.02043640	0.05812714	0.06248573	0.04537039	0.01879105
0.01245743	0.00030752	0.03218947	0.02463553	0.04885108	0.03078259	0.05694318	0.00725966	0.05830350	0.00906797
0.00943185	0.02116873	0.00751258	0.00941984	0.03152780	0.05884691	0.04512913	0.04035278	0.03012565	0.06134102
0.04067226	0.05224554	0.00274692	0.01541214	0.03462667	0.03859788	0.04653304	0.05557455	0.00004931	0.06277893
0.04604347	0.06352576	0.04567865	0.02501685	0.02207514	0.04226487	0.03391556	0.00582646	0.00171640	0.05961840
0.01725829	0.04034327	0.05528012	0.05380639	0.04245946	0.04711560	0.03525214	0.03418713	0.03812785	0.05906884
0.05143609	0.00178503	0.00172249	0.00849590	0.04714397	0.00113449	0.01040432	0.04591861	0.05808684	0.04967448
0.05511884	0.03938285	0.04019444	-0.00171922	0.03994101	0.05180075	0.00012171	0.02636809	0.00651405	0.00250663
0.05572117	0.04774841	0.02597015	0.04005215	0.04162058	0.00497357	0.02431229	0.03319214	0.05763672	0.05361047
0.05982522	0.01391755	0.02507798	0.00902519	0.02473361	0.05992175	0.05347788	0.05461844	0.04002003	0.04820965
0.00253550	0.02813310	0.05244808	0.06196283	0.05529089	0.04285289	0.01343083	0.03381366	0.04747892	0.01631964
0.04058572	0.00361907	0.04319813	0.01705342	0.03884324	0.00629324	0.03704018	0.06329141	0.01990623	-0.00128105
0.02338813	0.02373600	0.04292265	0.03666276	-0.00316060	0.01682461	0.05210137	0.05434202	0.00906333	0.00334494
0.00039719	0.03548475	0.02006545	0.05399742	0.00018018	0.01741562	0.05998994	0.02924654	0.02151188	0.06214284
0.01355357	0.04945376	0.03750197	0.01075196	0.02059164	0.02423386	0.03520010	0.01539530	0.05340453	0.01694901
0.01191160	0.00319786	0.05214748	0.03404081	0.04387607	0.00306107	0.01675789	0.04078507	-0.00039819	0.01728218
0.04782171	0.03702952	0.03440999	0.02119318	0.05672151	0.06234395	0.01697809	0.00619545	0.04187149	0.05106359
0.04097536	0.03981373	0.04525256	0.02152906	0.00961789	0.00059865	0.00954464	0.01502970	0.05195257	0.02722059
0.03979658	0.02570344	0.04622882	0.06044304	0.00873627	0.03680843	0.01849563	0.04123900	0.03091807	0.03411220
0.01785761	0.01343437	0.00655356	0.02219785	0.01932075	0.03343536	0.01783580	0.00318516	0.01810955	0.02991629
0.05861226	0.05525568	0.01986785	0.04514259	0.05277229	0.01791280	0.00169326	0.04691962	0.05192519	0.01833023
0.01218792	0.02340691	0.05348868	0.00285093	0.04160038	0.00391451	0.00245128	0.02827854	0.01780198	0.00151704
0.05091658	0.04653807	0.05677150	0.06059382	0.00080772	0.02902802	0.04701559	-0.00319819	0.01472617	0.03876733
0.02937044	0.03276233	0.01395850	0.00783644	0.02074850	0.00318993	0.01749394	0.00226681	0.02901892	0.04285636
0.00829075	0.01784450	0.03046771	0.02850458	0.03103144	0.00996483	0.03973113	0.04103679	0.04999496	0.05253467
0.00013561	0.01857841	0.01991891	0.00673596	0.03238780	0.02955922	0.05720961	0.02034530	0.03999790	0.01028896
0.02974157	0.01988909	0.00263762	0.06220862	0.02674013	0.03721640	0.00614917	0.03860575	0.01152855	0.00465495
0.04971430	0.04815440	0.02170695	0.06126257	0.02752561	0.06155955	0.02455219	0.02596841	0.05932721	0.04559171
0.04537459	0.05542770	0.01180082	0.06195824	0.04670101	0.01913292	0.00413347	0.04150280	-0.00172440	0.00997912
0.02551574	0.06538924	0.00142711	0.01448037	0.04737970	-0.00100446	0.00188084	0.03439588	0.02419209	0.04604490
0.02757520	0.04477627	0.05582268	0.02923050	0.02057885	0.05060507	0.03732510	0.02557041	0.02336096	0.04042075
0.04771237	0.06418744	-0.00055027	0.04304714	0.04922587	0.00394961	0.01015543	-0.00315804	0.04333609	0.02268696
0.00585961	0.06259895	-0.00314755	0.03015248	0.04386409	0.03728999	0.03083247	0.03876681	0.03331163	0.00800446
0.05023093	0.03619512	0.00361885	0.04802250	-0.00076308	0.02244453	0.05300317	-0.00003688	0.00643608	0.02989975
0.05930547	0.00640727	0.04855740	0.01742158	0.02492290	0.02581645	0.01658400	0.02647030	0.03796077	0.05739120
0.05925139	0.03776164	0.00434919	-0.00075162	0.04450282	0.01550194	-0.00073957	0.00691612	0.01553037	0.03754294
0.04960547	0.05495746	0.04179006	0.03134245	0.01100998	0.01522196	0.01374239	0.03476752	0.05143798	0.05346290
0.03706756	0.04161973	0.03889943	0.03437804	0.00340529	0.05533665	0.01907063	0.02406089	0.02807177	0.01980830
0.00087532	0.05444063	0.00265848	0.01190828	0.00557714	-0.00003190	0.06253111	0.01517503	0.02464671	0.03610821
0.03969918	0.05198143	0.04368178	0.00784362	0.00854307	0.02563392	0.05480074	0.01073738	0.01094122	0.06243988
0.06073889	0.05512151	0.01658527	0.04390460	0.06097679	0.00704675	0.00862741	0.06174737	0.05804873	0.05106523
-0.00196108	0.05570818	0.03874571	0.03339403	0.05295135	-0.00021010	0.04745999	0.01441445	0.05394563	0.06107058
0.01137536	0.05214923	0.05099045	0.04963934	0.02669435	0.01933208	0.01723315	0.06197423	0.01543535	0.00378204
0.00798822	0.06267295	0.00361521	-0.00453143	0.02378197	0.02364195	0.02231154	0.06214235	0.06031490	0.02268888
0.00393301	0.01143741	0.06169195	0.02773460	0.03187557	0.00529705	0.01852311	0.05528081	0.00228330	0.00968497
0.01419293	0.02756905	0.05654180	0.04773895	0.00189676	0.00696071	0.03856180	0.02400045	0.05844003	0.04631804
0.06252958	0.01771754	0.05174695	0.00125693	0.01939010	0.03817934	0.02929953	0.04799006	0.04873337	0.00919148
0.01989124	0.00942328	0.04982409	0.00214785	0.03892993	0.05809175	0.05930297	0.00336168	0.00630754	0.04843415
0.03512055	0.01902590	0.02659123	0.04729796	0.04315734	0.01366631	0.03522938	0.03272650	0.05014446	0.03712874
0.05032463	0.00404021	0.03336632	0.03790809	0.02746665	0.05717131	0.05193687	0.00577110	0.01059390	0.05894845
0.01882338	-0.00056954	0.03304136	0.02691221	0.00618202	0.00382897	0.04876508	0.04189727	0.03100243	0.01602657
0.02172468	0.05204517	0.05828164	0.04956876	0.04794806	0.02419821	0.00669153	0.02710221	0.01497446	0.02911542
