cluster 0: 
0.04173467607142858,0.014106780000000001,0.016995001428571428,0.005163877857142857,0.009791682857142858,0.01215006035714286,0.0066709296428571424,0.06355597107142857,0.03029324035714286,0.026701566071428567,0.020140934642857145,0.014187608214285715,0.021661060714285706,0.006627482857142856,0.014817980714285717,0.10643938464285714,0.04806547571428572,0.050874543571428565,0.021021675357142854,0.018921645357142854
0.015885647557049132,0.012343221871605138,0.009942478911182318,0.006043926073378107,0.007576338930636926,0.014228925381426255,0.007125894886665856,0.022460781534333563,0.01895998879827681,0.014405868240831664,0.01550515429833841,0.012687494665346678,0.011294912854727036,0.007375624125254397,0.009657134839705648,0.03917047113298818,0.014841027204513033,0.03585995269662018,0.011527584021241793,0.012625863549922177

cluster 1: 
0.008932711212121212,0.04582364212121213,0.047656799696969704,0.04170102303030303,0.02578384060606061,0.021593400303030304,0.012830441515151515,0.016167352727272724,0.013365058484848487,0.0018596927272727273,0.05708091333333332,0.03903225515151515,0.06033572424242424,0.052210363030303034,0.03460093303030303,0.015623460606060605,0.010467244545454541,0.004229565151515151,0.003457110909090909,0.02290254878787879
0.01734269047800093,0.028887696716617145,0.023861895241629485,0.02640775004696406,0.01845226955113996,0.023190726030488402,0.0130454531830745,0.019805267072715516,0.01827738472150051,0.0032552649214244,0.032052168596001254,0.024964165662258606,0.024358704680118328,0.02831473903923201,0.02289796194591741,0.02035497477855861,0.012430623583408618,0.007834572351026402,0.006213680980912501,0.017425465260415055

cluster 2: 
0.014651692173913043,0.019081982173913044,0.03891816521739131,0.028043607391304355,0.01841071565217391,0.07343640956521738,0.04353325217391304,0.01978177565217391,0.014933355652173913,0.0033758308695652174,0.02196016565217391,0.012965548260869564,0.04529784478260872,0.03299070913043479,0.02264627739130435,0.030580115217391308,0.019558333043478263,0.00894915304347826,0.0043770326086956515,0.029526343043478256
0.014556108755355558,0.016897059311653834,0.01422256191439346,0.015591218548123485,0.010246684488089762,0.03175918444387078,0.015482186180411108,0.016151505156730833,0.014531489911077174,0.005538448700916729,0.0185054158310949,0.010416886837386626,0.015009631735000339,0.017590948657803713,0.013003524554455033,0.025685008812927006,0.015322585985977192,0.014654781675990361,0.006042899792792556,0.021111747838855322