cluster 0 low performance: 
0.0067184615384615395,0.003037692307692308,0.0015915384615384615,0.004296923076923077,0.03288153846153846,0.003015384615384615,0.0012600000000000003,0.009462307692307693,0.024404615384615382,0.02431230769230769,0.005063076923076922,0.009920769230769231,0.0031123076923076924,0.02771307692307692,0.03916846153846154,0.06790384615384616,0.010526923076923076,0.0,0.04427076923076923,0.002800769230769231,0.0,0.005965384615384615,0.03322461538461539,0.0012692307692307692,0.005443846153846152,0.03838615384615385,0.03802923076923077,0.0,0.004936923076923076,2.3538461538461536E-4
0.005788553487641791,0.004010751231850086,0.0037608342899166695,0.00903126056847112,0.015910751007829144,0.005182446133728173,0.0019706773532897847,0.007407013468376446,0.015333980172446882,0.017819884810922774,0.005936020921349437,0.0118378996717768,0.004451252466521087,0.015080807662831375,0.03310235242538927,0.027682521155320966,0.007309523171458097,0.0,0.041168298569416145,0.005102870175074869,0.0,0.006046544614500742,0.030218737339447733,0.002489690933980675,0.0066992026373540415,0.01366772927990012,0.01637285016376828,0.0,0.006365155608243977,8.153962263324254E-4

cluster 1 low performance: 
0.04200769230769231,0.0020661538461538456,0.004584615384615384,0.050105384615384635,0.007548461538461538,0.02289384615384615,0.0025415384615384614,0.0015592307692307691,0.00394,0.00511076923076923,0.004485384615384615,0.0021784615384615384,0.0013930769230769229,0.009680000000000001,0.004781538461538462,0.015092307692307693,0.0022969230769230766,0.0045792307692307695,0.015071538461538461,0.010828461538461539,0.0033976923076923073,0.026905384615384616,0.00355076923076923,0.009316923076923077,0.0011430769230769233,0.01752,0.023862307692307697,0.002471538461538462,5.823076923076923E-4,0.003927692307692307
0.016707800644215978,0.00367212690090244,0.0035672605636530227,0.04174185256575589,0.011242301876363662,0.01221146531777004,0.0027093338555498107,0.0022911819641616,0.006198345933206077,0.0047095687562474856,0.005393196020321296,0.0028662085547443926,0.0014901026532288854,0.008589354771146397,0.005167976610678565,0.014319496743330351,0.0026172545351522743,0.004363790627316262,0.010744173982033846,0.01597494762054918,0.003736069826900896,0.018160437395352915,0.004739039924740455,0.006188397810065324,0.0015897526881460072,0.012425209485929432,0.01743717256272497,0.003207342168678336,0.0011107388659817243,0.0038790485626606034

cluster 0 hi performance: 
0.016785625,0.013109374999999998,4.1375E-4,0.0045962500000000005,0.0363875,0.003765625,0.003129375,0.0023925,0.01031,0.010357499999999999,0.0077643750000000004,0.0048925,0.006178125000000001,0.01072375,0.049003750000000006,0.040955624999999996,0.0035831250000000004,0.0,0.05674437500000001,0.004455,1.6625E-4,0.012904375000000001,0.039681875000000005,0.009073125,0.002975625,0.029135,0.0445975,0.0,0.00751375,0.0010925000000000002
0.01910798392320276,0.017493122030083,0.0010947024424472617,0.007754936230395451,0.01954445813395705,0.005947901908183675,0.007704718902034973,0.0036648064410006696,0.011476714468871305,0.011624436814314921,0.009002453810454957,0.007325098548825127,0.0069875704099762025,0.011455009752833038,0.029707362907829767,0.02598860013754829,0.004072064462207714,0.0,0.025349840721578015,0.0058183878780981935,6.438834813069831E-4,0.017498842807722313,0.03155139660513263,0.00923212849154381,0.004054836569995762,0.02348992842688117,0.01892541000216376,0.0,0.008370530803808084,0.0028623384233874235

cluster 1 hi performance: 
0.04195538461538462,0.0020615384615384614,0.005936153846153845,0.05501923076923077,0.006717692307692308,0.02771307692307693,0.0021669230769230767,0.0029469230769230766,0.0016961538461538461,0.004654615384615384,0.004355384615384616,9.699999999999999E-4,0.002015384615384615,0.008196923076923077,0.008234615384615387,0.011296923076923076,0.002444615384615385,0.0059369230769230775,0.020630000000000003,0.003131538461538461,0.00296,0.022489999999999996,0.007495384615384617,0.020686153846153847,0.002333076923076923,0.013124615384615382,0.015308461538461538,0.00438076923076923,0.0018646153846153845,0.005376153846153846
0.019994383294155624,0.002364141887430897,0.004557584614112271,0.025092817379155904,0.008174511186370392,0.011695644412551711,0.001921515366000269,0.003056995469701444,0.002120930631954315,0.0042095744630263185,0.003547711321584914,0.0018611162903359496,0.0022462605348740256,0.00620066669444676,0.01132203815260283,0.012120884954119726,0.003069376321977669,0.004387654682112923,0.018094269811186083,0.0028581162331799705,0.003208085937847579,0.015218194576027936,0.01149337308417642,0.018017556625290847,0.0016859071268123535,0.011628525017509323,0.009999219081934385,0.004439130998705562,0.002443546021617623,0.004204434542537819

