cluster 0 low performance: 
0.0,0.0,0.0,0.0,0.0,0.0,0.0,0.0,0.0,0.00769,0.0,0.0,0.0,0.0,0.0,0.00769,0.0,0.0,0.0,0.0,0.0,0.0,0.0,0.0,0.0,0.0,0.0,0.0,0.0,0.0,0.0,0.0,0.0,0.0,0.0,0.0,0.0,0.0096,0.01961,0.0,0.0,0.0,0.0,0.0,0.0,0.0,0.0,0.0,0.0,0.0,0.0,0.0,0.01429,0.01961,0.0,0.0,0.0,0.0,0.0,0.0,0.0,0.0,0.0,0.0,0.00384,0.01429,0.0,0.0,0.0,0.0,0.0,0.0,0.0,0.0,0.00768,0.01429,0.00769,0.0,0.0,0.0,0.0,0.0,0.0,0.0,0.0,0.0,0.0,0.0,0.0,0.0,0.0,0.0,0.00768
0.01961,0.04286,0.01223,0.01667,0.00612,0.01115,0.02305,0.0,0.01429,0.05714,0.02857,0.01152,0.03333,0.01961,0.02857,0.05714,0.01667,0.00288,0.01667,0.01429,0.00576,0.01667,0.00192,0.01729,0.02303,0.06154,0.01667,0.01667,0.00576,0.05505,0.01961,0.01905,0.00306,0.01754,0.03058,0.01205,0.06154,0.13725,0.11538,0.0,0.00576,0.04217,0.10557,0.00952,0.00306,0.00306,0.01961,0.01919,0.00288,0.01667,0.01923,0.0,0.17647,0.11538,0.00952,0.02879,0.02857,0.04286,0.01667,0.0,0.01667,0.03922,0.04615,0.01961,0.11765,0.06731,0.06667,0.00768,0.04611,0.0,0.01223,0.02017,0.00288,0.02308,0.15686,0.06731,0.05882,0.0,0.00952,0.00306,0.00612,0.01667,0.01667,0.00306,0.01961,0.02857,0.00306,0.02308,0.00306,0.04286,0.03333,0.00576,0.05714
0.08734000000000001,0.17855000000000001,0.02183,0.03336,0.00996,0.039490000000000004,0.09799000000000001,0.0,0.05117000000000001,0.40014,0.1185,0.02069,0.05586,0.07698,0.12802999999999998,0.42746,0.01667,0.0048000000000000004,0.0392,0.05598,0.016380000000000002,0.05686,0.00192,0.0732,0.12301000000000001,0.31726,0.028110000000000003,0.03947,0.01152,0.31605999999999995,0.02639,0.051320000000000005,0.00306,0.06581999999999999,0.12897,0.04046,0.36027,0.50919,0.88275,0.0,0.016380000000000002,0.21930000000000002,0.7746200000000001,0.01336,0.00498,0.00306,0.03137,0.07698,0.0048000000000000004,0.03336,0.13685,0.0,0.57552,1.01525,0.023200000000000002,0.06276999999999999,0.10146,0.18431,0.03641,0.0,0.03003,0.16406,0.33723999999999993,0.07755,0.43192,0.4309,0.23690999999999998,0.0165,0.31319,0.0,0.03507,0.07076999999999999,0.0048000000000000004,0.053680000000000005,0.48464,0.49902,0.49438,0.0,0.02332,0.00786,0.00612,0.01667,0.01667,0.00306,0.06417999999999999,0.10146,0.00306,0.056740000000000006,0.00306,0.24147,0.16916,0.014580000000000001,0.36198

cluster 1 low performance: 
0.01796,0.0,0.0,0.0,0.0,0.0,0.0,0.0,0.0,0.00167,0.0,0.0,0.0,0.0,0.0,0.0,0.0,0.0,0.0,0.0,0.0,0.0,0.0,0.0,0.0,0.0,0.0,0.0,0.0,0.0,0.0,0.0,0.0,0.0,0.0,0.0,0.0,0.0,0.0,0.0,0.0,0.0,0.0,0.0,0.0,0.0,0.0,0.0,0.0,0.0,0.0,0.0,0.0,0.0,0.0,0.0,0.0,0.0,0.0,0.0,0.0,0.0,0.0,0.0,0.0,0.0,0.05263,0.0,0.0,0.0,0.0,0.0,0.0,0.0,0.0,0.0,0.00167,0.0,0.0,0.0,0.0,0.0,0.0,0.0,0.0,0.0,0.0,0.0,0.0,0.0,0.03167,0.0,0.0
0.06931,0.02105,0.01429,0.0625,0.00811,0.01053,0.00476,0.01,0.0625,0.0625,0.00599,0.01198,0.14833,0.00867,0.01108,0.03955,0.02333,0.01905,0.04154,0.0625,0.00693,0.01412,0.00599,0.00693,0.00599,0.02105,0.00608,0.0625,0.01198,0.01198,0.02216,0.02105,0.01198,0.02105,0.00792,0.00414,0.03158,0.01412,0.04762,0.08,0.01684,0.0312,0.03158,0.01198,0.00867,0.02,0.02216,0.03324,0.01386,0.0625,0.00847,0.015,0.03601,0.07619,0.02105,0.01925,0.00476,0.03158,0.0625,0.01167,0.01939,0.01733,0.03158,0.06316,0.01412,0.03107,0.19,0.02376,0.02105,0.06,0.03158,0.00476,0.02178,0.0625,0.03593,0.03955,0.0625,0.0099,0.00507,0.02574,0.00731,0.01108,0.10833,0.01782,0.00347,0.01108,0.01242,0.0625,0.0198,0.01429,0.125,0.01782,0.03955
0.5461,0.04189,0.05274,0.13479999999999998,0.03579999999999999,0.026859999999999995,0.01754,0.02707,0.24137,0.28443,0.01638,0.05959999999999999,0.6513700000000002,0.01378,0.045779999999999994,0.09813,0.11000000000000001,0.10684,0.29761999999999994,0.37449999999999994,0.03304,0.03319999999999999,0.03086,0.03315,0.02027,0.05122,0.04328,0.19749,0.03341,0.06644,0.07626000000000001,0.11872,0.05295,0.05831,0.028319999999999998,0.018109999999999998,0.12584,0.06216000000000001,0.1962,0.20974,0.07493,0.10263,0.23988,0.06811,0.03453,0.07107999999999999,0.0861,0.23991,0.05689,0.18181999999999998,0.029859999999999998,0.05953,0.19593,0.46606999999999993,0.07258999999999999,0.09296,0.01039,0.08285,0.14077,0.044169999999999994,0.11354,0.07131000000000001,0.12704,0.34977,0.04615999999999999,0.10235,1.5209800000000002,0.12112,0.1205,0.14109000000000002,0.11581,0.014860000000000002,0.07332000000000001,0.19024999999999997,0.15927000000000002,0.22776,0.31021000000000004,0.032130000000000006,0.01234,0.15394000000000002,0.03451,0.03893,0.32886000000000004,0.08492000000000001,0.0075699999999999995,0.03522,0.05106,0.27825,0.05128,0.08246,0.8177699999999999,0.07008,0.09259000000000002

cluster 0 hi performance: 
0.0,0.0,0.0,0.0,0.0,0.0,0.0,0.0,0.0,0.01408,0.0,0.0,0.0,0.0,0.0,0.0,0.0,0.0,0.0,0.0,0.0,0.0,0.0,0.0,0.0,0.0,0.0,0.0,0.0,0.0,0.0,0.0,0.0,0.0,0.0,0.0,0.0,0.01667,0.0,0.0,0.0,0.0,0.0,0.0,0.0,0.0,0.0,0.0,0.0,0.0,0.0,0.0,0.02273,0.0,0.0,0.0,0.0,0.0,0.0,0.0,0.0,0.0,0.0,0.0,0.00758,0.0,0.0,0.0,0.0,0.0,0.0,0.0,0.0,0.0,0.00758,0.0,0.02333,0.0,0.0,0.0,0.0,0.0,0.0,0.0,0.0,0.0,0.0,0.0,0.0,0.0,0.0,0.0,0.0
0.0625,0.03448,0.01724,0.01852,0.00667,0.06897,0.01609,0.0,0.0625,0.07407,0.02564,0.00333,0.02333,0.04225,0.02564,0.07407,0.00329,0.00798,0.01974,0.0625,0.02941,0.02817,0.00333,0.01852,0.01149,0.03448,0.00667,0.02303,0.01667,0.03678,0.01961,0.05882,0.01316,0.03448,0.02299,0.02732,0.03448,0.125,0.08333,0.0,0.02941,0.10345,0.07816,0.00758,0.0098,0.00266,0.01961,0.05882,0.00575,0.02303,0.00987,0.0,0.125,0.09848,0.05882,0.02874,0.02564,0.03448,0.01852,0.00266,0.01,0.07042,0.03448,0.0625,0.125,0.07576,0.06579,0.02564,0.04138,0.0,0.05882,0.01408,0.0098,0.03125,0.125,0.07576,0.09259,0.0,0.00667,0.01064,0.01667,0.00333,0.00333,0.01149,0.02817,0.02564,0.01149,0.03125,0.02564,0.03788,0.05882,0.02564,0.06897
0.26857,0.10766,0.04411999999999999,0.04461999999999999,0.01508,0.20974999999999996,0.06117,0.0,0.16104,0.57372,0.10251,0.00662,0.07354000000000001,0.17408,0.13752999999999999,0.5822,0.00329,0.01706,0.06025,0.18143,0.05007,0.1083,0.00333,0.0988,0.03828,0.16496,0.00996,0.09321999999999998,0.047119999999999995,0.16571999999999998,0.0501,0.09171,0.01928,0.12423000000000001,0.07828,0.09885000000000002,0.17158,0.7840600000000001,0.6552899999999999,0.0,0.06201,0.59666,0.4918899999999999,0.02083,0.018340000000000002,0.00266,0.06409999999999999,0.14831000000000003,0.0144,0.06377,0.057330000000000006,0.0,0.9079100000000001,0.82531,0.07601000000000001,0.08101,0.09196,0.11095000000000001,0.07128,0.00266,0.02416,0.37462,0.24095,0.20647000000000001,0.6349100000000001,0.36204,0.4264199999999999,0.14517,0.31491,0.0,0.11512000000000001,0.04761,0.02916,0.05872,0.7031000000000001,0.46616,0.71356,0.0,0.012119999999999999,0.03182,0.04027,0.00333,0.00662,0.020819999999999998,0.12022,0.12032000000000001,0.017480000000000002,0.07954,0.08812999999999999,0.26510999999999996,0.33451,0.12926,0.48251999999999995

cluster 0 hi performance: 
0.00397,0.0,0.0,0.0,0.0,0.0,0.0,0.0,0.0,0.0,0.0,0.0,0.01535,0.0,0.0,0.0,0.0,0.0,0.00763,0.0,0.0,0.0,0.0,0.0,0.0,0.0,0.0,0.0,0.0,0.0,0.0,0.0,0.0,0.0,0.0,0.0,0.0,0.0,0.0,0.0,0.0,0.0,0.0,0.0,0.0,0.0,0.0,0.00369,0.0,0.0,0.0,0.0,0.00272,0.00369,0.0,0.00365,0.0,0.0,0.0,0.0,0.0,0.0,0.0,0.0,0.0,0.0,0.0687,0.00256,0.0,0.0,0.0,0.0,0.0,0.0,0.00272,0.0,0.00182,0.0,0.0,0.0,0.0,0.0,0.0,0.00397,0.0,0.0,0.0,0.0045,0.0,0.0,0.03053,0.0,0.0
0.08118,0.00256,0.0153,0.00767,0.00851,0.00767,0.00619,0.01096,0.03817,0.03153,0.0083,0.01587,0.09009,0.00794,0.0166,0.02302,0.02543,0.05535,0.04909,0.06273,0.00536,0.01023,0.01587,0.00754,0.0119,0.00536,0.00901,0.01207,0.0229,0.01288,0.0229,0.00974,0.01091,0.01362,0.00536,0.00763,0.02381,0.04365,0.04348,0.03173,0.01362,0.02112,0.04365,0.01984,0.01377,0.01544,0.0229,0.02778,0.04797,0.00909,0.0119,0.01351,0.06107,0.07673,0.00512,0.02558,0.0083,0.00794,0.00794,0.0109,0.02703,0.01659,0.02381,0.06107,0.04365,0.03069,0.15325,0.0687,0.02543,0.01935,0.01279,0.0045,0.04797,0.02302,0.06107,0.04604,0.03325,0.01635,0.00545,0.05535,0.01023,0.01393,0.05031,0.01845,0.00794,0.0166,0.01273,0.03734,0.03817,0.0249,0.07818,0.06107,0.02252
0.54542,0.00854,0.07796,0.036739999999999995,0.04063,0.0268,0.03994,0.053720000000000004,0.18292,0.1568,0.01948,0.07716999999999999,0.71525,0.03694,0.07306,0.08733,0.15049,0.14656,0.3602700000000001,0.36393,0.028169999999999997,0.03344,0.051460000000000006,0.03911,0.03831,0.02205,0.0348,0.09113,0.08131000000000001,0.060509999999999994,0.046689999999999995,0.06401,0.03863,0.056620000000000004,0.01261,0.026199999999999998,0.10656,0.10705000000000003,0.14686,0.17011,0.08661,0.13585,0.2197,0.07352,0.06341,0.06355,0.06199,0.26418,0.09922,0.06931999999999999,0.03178,0.07718000000000001,0.26819000000000004,0.44756999999999997,0.02664,0.12294,0.0184,0.03825,0.040709999999999996,0.03848,0.15721000000000002,0.09265,0.08819,0.29236999999999996,0.09744000000000003,0.087,1.52045,0.26892,0.16446,0.08968999999999999,0.08640999999999999,0.03033,0.11300999999999999,0.13261000000000003,0.22056,0.17061999999999997,0.19901,0.05694999999999999,0.02362,0.18803,0.049929999999999995,0.0738,0.32903,0.12684,0.024239999999999998,0.06469,0.06989,0.26187,0.11567000000000001,0.13337,0.73297,0.1592,0.07595