cluster 0 low performance: 
0.08734,0.17854999,0.02183,0.03336,0.0099599995,0.03949,0.09799,0.0,0.051170003,0.40013996,0.1185,0.02069,0.05586,0.076979995,0.12803,0.42745999,0.01667,0.0048,0.0392,0.05598,0.01638,0.05686,0.00192,0.0732,0.12301001,0.31726,0.02811,0.039470002,0.01152,0.31605998,0.026390001,0.05132,0.00306,0.06582,0.12897,0.040459998,0.36026996,0.50918996,0.8827499,0.0,0.01638,0.21930002,0.77462,0.01336,0.0049799997,0.00306,0.03137,0.07698,0.0048,0.03336,0.13685,0.0,0.57552,1.01525,0.0232,0.06277,0.10146,0.18430999,0.03641,0.0,0.03003,0.16406001,0.33723995,0.07755,0.43192,0.43090004,0.23691,0.0165,0.31318998,0.0,0.035070002,0.07077,0.0048,0.05368,0.48463997,0.49902004,0.49437997,0.0,0.02332,0.00786,0.00612,0.01667,0.01667,0.00306,0.06418,0.10146,0.00306,0.056739997,0.00306,0.24147,0.16916,0.01458,0.36197996,

cluster 1 low performance: 
0.54609996,0.04189,0.052740004,0.1348,0.0358,0.02686,0.01754,0.02707,0.24137002,0.28443,0.01638,0.0596,0.65137,0.013780001,0.04578,0.09813,0.11,0.10684,0.29762,0.3745,0.03304,0.0332,0.030860001,0.03315,0.020270001,0.05122,0.043279998,0.19749,0.03341,0.06644001,0.07626001,0.11872,0.05295,0.05831,0.028320001,0.01811,0.12584001,0.06216,0.19620001,0.20974,0.074930005,0.10263,0.23988,0.068110004,0.034530003,0.07108,0.0861,0.23991,0.05689,0.18182,0.02986,0.05953,0.19592999,0.46606997,0.07259,0.09296,0.01039,0.08285,0.14077,0.04417,0.113539994,0.07131,0.12704,0.34976998,0.04616,0.102350004,1.5209799,0.121120006,0.1205,0.14109,0.11581001,0.0148599995,0.07332,0.19025001,0.15926999,0.22775999,0.31021002,0.03213,0.01234,0.15393999,0.03451,0.03893,0.32886,0.08492,0.00757,0.03522,0.051060002,0.27825,0.051280003,0.08246,0.81777,0.07008,0.092590004,

cluster 0 hi performance: 
0.26857,0.10766,0.04412,0.04462,0.015079999,0.20975001,0.061169997,0.0,0.16104,0.57372004,0.10251,0.00662,0.073539995,0.17408001,0.13753,0.5822,0.00329,0.01706,0.060250003,0.18143,0.05007,0.10829999,0.00333,0.0988,0.03828,0.16496,0.00996,0.09322,0.04712,0.16572002,0.0501,0.091709994,0.01928,0.12423001,0.07828,0.09885,0.17158,0.78405994,0.65528995,0.0,0.06201,0.59665996,0.49188995,0.02083,0.01834,0.00266,0.0641,0.14831,0.0144,0.06377,0.05733,0.0,0.90791,0.82531005,0.076009996,0.08101,0.09196,0.11095001,0.07128,0.00266,0.024160001,0.37461996,0.24095,0.20647,0.6349099,0.36204,0.42641997,0.14517,0.31490996,0.0,0.11512,0.04761,0.02916,0.05872,0.70309997,0.46616,0.71356004,0.0,0.01212,0.03182,0.04027,0.00333,0.00662,0.02082,0.12022,0.12032,0.01748,0.07954,0.088130005,0.26511,0.33451,0.12926,0.48252004,

cluster 0 hi performance: 
0.26857,0.10766,0.04412,0.04462,0.015079999,0.20975001,0.061169997,0.0,0.16104,0.57372004,0.10251,0.00662,0.073539995,0.17408001,0.13753,0.5822,0.00329,0.01706,0.060250003,0.18143,0.05007,0.10829999,0.00333,0.0988,0.03828,0.16496,0.00996,0.09322,0.04712,0.16572002,0.0501,0.091709994,0.01928,0.12423001,0.07828,0.09885,0.17158,0.78405994,0.65528995,0.0,0.06201,0.59665996,0.49188995,0.02083,0.01834,0.00266,0.0641,0.14831,0.0144,0.06377,0.05733,0.0,0.90791,0.82531005,0.076009996,0.08101,0.09196,0.11095001,0.07128,0.00266,0.024160001,0.37461996,0.24095,0.20647,0.6349099,0.36204,0.42641997,0.14517,0.31490996,0.0,0.11512,0.04761,0.02916,0.05872,0.70309997,0.46616,0.71356004,0.0,0.01212,0.03182,0.04027,0.00333,0.00662,0.02082,0.12022,0.12032,0.01748,0.07954,0.088130005,0.26511,0.33451,0.12926,0.48252004,

