0.41008152639569395
0.563294949337141
0.33195190613099734
0.40964654412805046
0.4251198556087715
0.405363060972889
0.38641106943186454
0.4191354501710498
0.4325444591926748
0.521108291336016
0.45534409213411814
0.5083432455271181
0.6072277403039704
0.39023630839605905
0.4793981910514538
0.7677411282170757
0.33141217289366776
0.4775874143463363
0.3802060939210953
0.4483041352967072
0.346166031724234
0.38903523010161684
0.5531445604169206
0.5416905775962787
0.40196779934398325
0.4265198644651362
0.4576004715706917
0.47503551855841913
0.6036440204581703
0.4429373580215197
0.4154881317979298
0.5000000050505051
0.44615876196252907
0.3675911054557221
0.36790127827772734
0.44639692632173794
0.43405999589340716
0.3462679791077652
0.509974476657058
0.42162558594399796
0.4488473054006989
0.5891590046332013
0.40462320242460914
0.39352240144939293
0.40903692015653553
0.7800487775402738
0.3648164835599027
0.41083696445664697
0.43932006835352383
0.6437719002643179
0.36055870637304527
0.31450960409582956
0.40432701339601734
0.8586705276197417
0.4484789527427861
0.4736874165267474
0.5136913781731816
0.37185541546563444
0.5163282717795528
0.7269186916925117
0.5010388345091373
0.3493611601529635
0.35594490328970135
0.4029801343994289
0.5407553306264545
0.46609310189210545
0.3720555284871195
0.4531039064371092
0.4472396678757543
0.39477121198095494
0.4956568384149643
0.39220420281558777
0.3821515871415765
0.5363519127812644
0.44089348671563855
0.3665182768017845
0.4640146534274
0.44066066603983106
0.7001916404344382
0.5063345879198612
0.45564006010106495
0.38711221387484773
0.7683150926046798
0.37068132497052025
0.6671161788612113
0.37752772437323445
0.47844313950054845
0.3777710397675002
0.40853251548495506
0.5229235544926217
0.3949587179468033
0.5137949712812397
0.4684358059325055
0.4938056010846195
0.3277722384733675
0.4172412011837174
0.424759522825746
0.5917805518908396
0.4398850774105656
0.5849991668200926
