0.369040162081088
0.5859390661428135
0.33142172441124307
0.46313615415940035
0.38236914133297184
0.3991935561077782
0.3597989458168095
0.4028060910532332
0.3604108076571167
0.5101545203875948
0.4091126233968147
0.4535625438600609
0.5949216711832109
0.4991355426177035
0.4759351818099557
0.5472012002229082
0.336042053004982
0.46972132320677823
0.351874338960857
0.4387670977047133
0.3412114095100871
0.3910029047482855
0.6012822540955245
0.5374320611956911
0.3759329899931066
0.47593549907279276
0.5924553589064221
0.5436121981805823
0.5941279532331643
0.4196241240080493
0.3779423515025415
0.571481483891998
0.4578671743506983
0.3733917366661082
0.4533486960322839
0.39423935902648216
0.5048289872874402
0.3736261131799131
0.45014047228525117
0.4231380868413001
0.45529971842191963
0.8192627854938469
0.4280152201089347
0.43601784571851593
0.4361470995381648
0.7509913501907717
0.36031740563146086
0.42257865960661295
0.43871623048070707
0.5055741757466304
0.42944254544563143
0.3152156293433763
0.4256949765327743
0.5616810463295084
0.6022720847243243
0.42017449054581724
0.5025127428843251
0.4049340731675656
0.5638088323410395
0.7768519708154091
0.47811234513972556
0.37717619927314855
0.3731331248287946
0.40584979632293977
0.5554964451091045
0.47771335826336164
0.36461163632805155
0.48204972332084783
0.47409099745915567
0.47260438547082173
0.49312216080376114
0.4096683980173393
0.4350669565974917
0.5172481188281256
0.5071814330574458
0.38905011477286955
0.5361618865759807
0.43643692895197717
0.6455597947474436
0.51248299119921
0.3890054682147967
0.4394346048029646
0.677480365658912
0.35699018314574255
0.4596064944918174
0.3669991179331421
0.4847256730096826
0.39795300931516325
0.42663220995562084
0.5478938484523308
0.45842345419416
0.5444651448930902
0.6920134959793177
0.5566279873607176
0.3643768826573422
0.43532167229364876
0.38225191218951865
0.6038258897656167
0.4381349160341686
0.7383125416176436
