0.061084903801595786
0.0714576451254687
0.0628620070791811
0.02405603267546963
0.13228954592231945
0.036112907787614695
0.0874770590590829
0.1283258121876107
0.13707598338155452
0.03334341942010794
0.3839631813218862
0.20519149780385423
0.05803045119075535
0.21125945583705769
0.23211370261661593
0.7702855888844897
0.07815204209357489
0.29803437445288217
0.16852168731903205
0.06710577219337344
0.051099674782877955
0.07592398354130347
0.6735735997609882
0.20767474225037583
0.31553641862375437
0.055392358085123425
0.3437466659527526
0.4605830094060051
0.6899098622086726
0.1302325158775836
0.21907950230893047
0.5000000200000001
0.059112202810517225
0.15352858685814136
0.2668361464705737
0.3161071567497999
0.17207031258483196
0.05594411003437076
0.18904137800938398
0.10707736631835929
0.11711264929768446
0.8278195311147832
0.03450252668976224
0.06546998347989663
0.30716453461990334
0.5492618691784507
0.07883125610163035
0.04983833655210987
0.03800966266406041
0.700729366196569
0.12727935418902375
0.03937211715440972
0.10255089569338431
0.844695865514401
0.4371274668300034
0.13272663629886117
0.025190035447016652
0.0734205609604715
0.10521463825136658
0.12104328960330504
0.07177176191042162
0.0718637632793798
0.11025603592535761
0.04893066570373916
0.03851468835056087
0.055558752217011176
0.0915316120680123
0.039145688672845916
0.2297178304963873
0.10918960631388698
0.05980776290039412
0.15864279004253495
0.09879085418487296
0.09672238418195374
0.39898571691751805
0.1793679890408465
0.20140668110679014
0.17443624079045913
1.0
0.1614911377145824
0.2566470198245674
0.046318879054176025
0.49292133448278086
0.08093643911553863
0.4827439471958763
0.18909700789576112
0.12256761556995446
0.1253931932771361
0.10787670156292523
0.14834848037948328
0.19431536680973172
0.05868538369437712
0.4563839867592908
0.21952170219747638
0.18441910170111034
0.02589999770828259
0.07670226937889459
0.362389323009518
0.11489622811762308
0.6126925274435471
