dsa24	0.02645503,0.01587302,0.00000000,0.00000000,0.00000000,0.00000000,0.02116402,0.00529101,0.00529101,0.04232804,0.01058201,0.03174603,0.02116402,0.01587302,0.00000000,0.10052910,0.04232804,0.04232804,0.02645503,0.00529101,0.02116402,0.01058201,0.00529101,0.00000000,0.00000000,0.02116402,0.00529101,0.01587302,0.00529101,0.04761905,0.01058201,0.03174603,0.02116402,0.01587302,0.00529101,0.10052910,0.04232804,0.04761905,0.02645503,0.02116402,0.01587302,0.01058201,0.01587302,0.00529101,0.03174603,0.00529101,0.01587302,0.01587302,0.01058201,0.00529101
saa128	0.00000000,0.00000000,0.00000000,0.00000000,0.00000000,0.00000000,0.14285714,0.14285714,0.04761905,0.00000000,0.00000000,0.00000000,0.00000000,0.00000000,0.00000000,0.04761905,0.04761905,0.00000000,0.00000000,0.00000000,0.00000000,0.00000000,0.00000000,0.00000000,0.00000000,0.19047619,0.19047619,0.00000000,0.04761905,0.09523810,0.04761905,0.00000000,0.00000000,0.00000000,0.00000000,0.00000000,0.00000000,0.00000000,0.00000000,0.00000000,0.00000000,0.00000000,0.00000000,0.00000000,0.00000000,0.00000000,0.00000000,0.00000000,0.00000000,0.00000000
jhb32	0.02371542,0.01976285,0.02371542,0.01185771,0.00395257,0.00000000,0.01976285,0.00790514,0.03557312,0.02371542,0.00790514,0.00790514,0.01185771,0.00000000,0.00000000,0.05533597,0.02371542,0.03162055,0.01976285,0.02766798,0.05928854,0.01976285,0.01976285,0.00395257,0.00790514,0.03557312,0.01185771,0.01185771,0.04743083,0.03162055,0.00790514,0.01185771,0.03557312,0.01185771,0.00790514,0.08300395,0.02766798,0.03952569,0.00790514,0.02766798,0.00395257,0.02371542,0.02371542,0.01185771,0.02766798,0.01581028,0.01185771,0.00000000,0.00790514,0.00790514
snb39	0.00863724,0.00575816,0.03071017,0.00671785,0.02399232,0.00479846,0.00383877,0.00095969,0.00575816,0.00671785,0.00095969,0.00575816,0.01439539,0.00287908,0.01631478,0.02207294,0.01343570,0.00767754,0.00575816,0.00575816,0.04606526,0.01055662,0.03358925,0.00959693,0.02111324,0.00383877,0.00095969,0.00287908,0.00671785,0.00863724,0.00095969,0.00767754,0.02303263,0.00383877,0.00191939,0.19193858,0.06717850,0.10940499,0.04414587,0.05758157,0.02303263,0.01247601,0.01151631,0.00287908,0.02783109,0.00191939,0.02495202,0.01727447,0.02111324,0.01247601
nrg14	0.01986755,0.01324503,0.00662252,0.00000000,0.00662252,0.00662252,0.01986755,0.01324503,0.01324503,0.08609272,0.05960265,0.01324503,0.04635762,0.01986755,0.00000000,0.03311258,0.01986755,0.01324503,0.01324503,0.00000000,0.00662252,0.00000000,0.00662252,0.00662252,0.00000000,0.02649007,0.01986755,0.00000000,0.01324503,0.09933775,0.07284768,0.01324503,0.05960265,0.02649007,0.01324503,0.01986755,0.01986755,0.00000000,0.00000000,0.00000000,0.00000000,0.00000000,0.00000000,0.01986755,0.05960265,0.05960265,0.00000000,0.00000000,0.03973510,0.01324503
pmp27	0.01138952,0.01138952,0.03416856,0.01138952,0.01822323,0.01138952,0.01138952,0.00000000,0.01366743,0.01594533,0.00000000,0.01366743,0.01138952,0.00455581,0.00455581,0.04100228,0.01594533,0.02505695,0.01366743,0.00000000,0.05011390,0.01594533,0.02733485,0.01594533,0.00911162,0.01366743,0.00000000,0.01366743,0.02505695,0.02961276,0.00000000,0.02277904,0.01822323,0.00683371,0.00683371,0.14806378,0.05922551,0.07061503,0.03416856,0.02733485,0.01138952,0.01822323,0.00683371,0.01138952,0.02733485,0.00227790,0.02277904,0.01366743,0.01594533,0.00683371
rdp23	0.04255319,0.03404255,0.01276596,0.00425532,0.00425532,0.00000000,0.01276596,0.01276596,0.01276596,0.06382979,0.05106383,0.00851064,0.02553191,0.00425532,0.00851064,0.10212766,0.04680851,0.05531915,0.03404255,0.00000000,0.01276596,0.00425532,0.00425532,0.00000000,0.00425532,0.01702128,0.01702128,0.00000000,0.02127660,0.07659574,0.06382979,0.00851064,0.03404255,0.00851064,0.00000000,0.02553191,0.01702128,0.00425532,0.00425532,0.00000000,0.00000000,0.00851064,0.02127660,0.01702128,0.02553191,0.02553191,0.00000000,0.00000000,0.03404255,0.00851064
mjm248	0.00534759,0.00000000,0.00000000,0.00000000,0.00000000,0.00000000,0.02139037,0.01604278,0.02673797,0.04812834,0.02673797,0.01069519,0.02673797,0.01069519,0.00000000,0.01069519,0.01069519,0.00000000,0.00000000,0.00534759,0.01069519,0.00534759,0.00000000,0.00000000,0.00000000,0.03743316,0.02139037,0.00534759,0.03208556,0.06951872,0.04812834,0.01069519,0.03743316,0.02139037,0.01604278,0.04278075,0.02139037,0.00534759,0.00534759,0.00000000,0.00000000,0.04278075,0.01604278,0.01604278,0.09625668,0.04278075,0.02673797,0.00000000,0.10160428,0.04812834
ams396	0.03278689,0.02459016,0.00000000,0.00000000,0.00000000,0.00000000,0.03278689,0.03278689,0.01639344,0.05737705,0.03278689,0.02459016,0.03278689,0.01639344,0.00000000,0.08196721,0.04918033,0.03278689,0.03278689,0.00000000,0.00000000,0.00000000,0.00000000,0.00000000,0.00000000,0.03278689,0.03278689,0.00000000,0.02459016,0.06557377,0.04098361,0.02459016,0.04098361,0.01639344,0.00819672,0.04098361,0.03278689,0.00819672,0.00819672,0.00000000,0.00000000,0.00000000,0.00819672,0.00819672,0.03278689,0.01639344,0.00819672,0.00819672,0.03278689,0.00819672
jmk195	0.00000000,0.00000000,0.02639752,0.00155280,0.02484472,0.00465839,0.00155280,0.00000000,0.00931677,0.01397516,0.00000000,0.00931677,0.00621118,0.00465839,0.00155280,0.00310559,0.00155280,0.00155280,0.00155280,0.00310559,0.03571429,0.00310559,0.02795031,0.00465839,0.02018634,0.00465839,0.00000000,0.00465839,0.01397516,0.02018634,0.00155280,0.01397516,0.01086957,0.00776398,0.00310559,0.20652174,0.05900621,0.13198758,0.04813665,0.07453416,0.04037267,0.02639752,0.00310559,0.00310559,0.03726708,0.00310559,0.03105590,0.02484472,0.01708075,0.00621118
atg23	0.02564103,0.00000000,0.10256410,0.02564103,0.00000000,0.00000000,0.02564103,0.02564103,0.02564103,0.02564103,0.02564103,0.00000000,0.02564103,0.00000000,0.00000000,0.02564103,0.02564103,0.00000000,0.00000000,0.02564103,0.12820513,0.05128205,0.00000000,0.00000000,0.00000000,0.02564103,0.02564103,0.00000000,0.02564103,0.02564103,0.02564103,0.00000000,0.05128205,0.00000000,0.05128205,0.02564103,0.02564103,0.00000000,0.00000000,0.00000000,0.00000000,0.02564103,0.00000000,0.00000000,0.05128205,0.00000000,0.02564103,0.00000000,0.05128205,0.00000000
jaw154	0.03333333,0.03333333,0.00000000,0.00000000,0.00000000,0.00000000,0.00000000,0.00000000,0.03333333,0.06666667,0.03333333,0.03333333,0.03333333,0.00000000,0.00000000,0.13333333,0.06666667,0.06666667,0.06666667,0.00000000,0.00000000,0.00000000,0.00000000,0.00000000,0.00000000,0.03333333,0.03333333,0.00000000,0.03333333,0.06666667,0.03333333,0.03333333,0.03333333,0.00000000,0.00000000,0.03333333,0.03333333,0.00000000,0.00000000,0.00000000,0.00000000,0.00000000,0.03333333,0.00000000,0.00000000,0.00000000,0.00000000,0.00000000,0.03333333,0.00000000
tjg49	0.00000000,0.00000000,0.02247191,0.00000000,0.02247191,0.00000000,0.00374532,0.00000000,0.00374532,0.01123596,0.00000000,0.01123596,0.00374532,0.00374532,0.00374532,0.00000000,0.00000000,0.00000000,0.00000000,0.00000000,0.03370787,0.00000000,0.03370787,0.00000000,0.03370787,0.00374532,0.00000000,0.00374532,0.00374532,0.01123596,0.00000000,0.01123596,0.00749064,0.00374532,0.00000000,0.25842697,0.03745318,0.20599251,0.03745318,0.15355805,0.02621723,0.01123596,0.00749064,0.00000000,0.00749064,0.00374532,0.00374532,0.00374532,0.01123596,0.00000000
mac276	0.00000000,0.00000000,0.00000000,0.00000000,0.00000000,0.00000000,0.05000000,0.05000000,0.05000000,0.07500000,0.05000000,0.00000000,0.10000000,0.00000000,0.00000000,0.00000000,0.00000000,0.00000000,0.00000000,0.02500000,0.00000000,0.00000000,0.00000000,0.00000000,0.00000000,0.07500000,0.07500000,0.00000000,0.05000000,0.07500000,0.05000000,0.00000000,0.10000000,0.00000000,0.02500000,0.00000000,0.00000000,0.00000000,0.00000000,0.00000000,0.00000000,0.00000000,0.07500000,0.02500000,0.02500000,0.02500000,0.00000000,0.00000000,0.00000000,0.00000000
hwf2	0.06521739,0.04347826,0.03260870,0.03260870,0.00000000,0.00000000,0.00000000,0.00000000,0.02173913,0.02173913,0.02173913,0.00000000,0.03260870,0.01086957,0.00000000,0.13043478,0.06521739,0.05434783,0.03260870,0.00000000,0.03260870,0.03260870,0.00000000,0.00000000,0.00000000,0.00000000,0.00000000,0.00000000,0.02173913,0.03260870,0.03260870,0.00000000,0.05434783,0.01086957,0.00000000,0.00000000,0.00000000,0.00000000,0.00000000,0.00000000,0.00000000,0.00000000,0.00000000,0.01086957,0.05434783,0.04347826,0.00000000,0.00000000,0.06521739,0.04347826
wah7	0.03030303,0.03030303,0.06060606,0.03030303,0.03030303,0.03030303,0.03030303,0.00000000,0.00000000,0.00000000,0.00000000,0.00000000,0.00000000,0.00000000,0.00000000,0.09090909,0.03030303,0.06060606,0.03030303,0.03030303,0.12121212,0.03030303,0.09090909,0.06060606,0.00000000,0.03030303,0.00000000,0.03030303,0.00000000,0.00000000,0.00000000,0.00000000,0.00000000,0.00000000,0.00000000,0.09090909,0.06060606,0.00000000,0.00000000,0.00000000,0.00000000,0.00000000,0.00000000,0.00000000,0.00000000,0.00000000,0.00000000,0.00000000,0.00000000,0.00000000
mhr19	0.02205882,0.00735294,0.05147059,0.04411765,0.00000000,0.00000000,0.02941176,0.01470588,0.01470588,0.06617647,0.06617647,0.00000000,0.02205882,0.00000000,0.00000000,0.05147059,0.02941176,0.01470588,0.01470588,0.00000000,0.05882353,0.05147059,0.00000000,0.00000000,0.00000000,0.02941176,0.01470588,0.00000000,0.01470588,0.07352941,0.06617647,0.00735294,0.02205882,0.00000000,0.00735294,0.04411765,0.01470588,0.02941176,0.01470588,0.01470588,0.00735294,0.00000000,0.00000000,0.00735294,0.02205882,0.01470588,0.00735294,0.00735294,0.01470588,0.00735294
rwm27	0.00000000,0.00000000,0.01612903,0.01612903,0.00000000,0.00000000,0.11290323,0.11290323,0.04838710,0.01612903,0.01612903,0.00000000,0.03225806,0.03225806,0.01612903,0.00000000,0.00000000,0.00000000,0.00000000,0.00000000,0.01612903,0.01612903,0.00000000,0.00000000,0.00000000,0.14516129,0.12903226,0.00000000,0.04838710,0.01612903,0.01612903,0.00000000,0.03225806,0.03225806,0.00000000,0.01612903,0.01612903,0.00000000,0.00000000,0.00000000,0.00000000,0.00000000,0.00000000,0.00000000,0.04838710,0.04838710,0.00000000,0.00000000,0.00000000,0.00000000
mlk93	0.01851852,0.01851852,0.01851852,0.00925926,0.00000000,0.00000000,0.03703704,0.03703704,0.01851852,0.02777778,0.01851852,0.00925926,0.03703704,0.02777778,0.00000000,0.04629630,0.01851852,0.02777778,0.01851852,0.00000000,0.01851852,0.00925926,0.00000000,0.00000000,0.00000000,0.04629630,0.04629630,0.00000000,0.01851852,0.02777778,0.01851852,0.00925926,0.04629630,0.03703704,0.00925926,0.08333333,0.04629630,0.02777778,0.01851852,0.00000000,0.00000000,0.00000000,0.00000000,0.00925926,0.04629630,0.00000000,0.04629630,0.02777778,0.00925926,0.00925926
kko4	0.06666667,0.00833333,0.00000000,0.00000000,0.00000000,0.00000000,0.05000000,0.05000000,0.03333333,0.02500000,0.02500000,0.00000000,0.01666667,0.00833333,0.00000000,0.15000000,0.10000000,0.04166667,0.01666667,0.00000000,0.00000000,0.00000000,0.00000000,0.00000000,0.00000000,0.06666667,0.06666667,0.00000000,0.04166667,0.05000000,0.04166667,0.00000000,0.01666667,0.00833333,0.00000000,0.00000000,0.00000000,0.00000000,0.00000000,0.00000000,0.00000000,0.00000000,0.02500000,0.00833333,0.01666667,0.01666667,0.00000000,0.00000000,0.04166667,0.00833333
afd10	0.02601156,0.01445087,0.02023121,0.01445087,0.00000000,0.00000000,0.01445087,0.00578035,0.01445087,0.03179191,0.01156069,0.00867052,0.04624277,0.02023121,0.02023121,0.05491329,0.02601156,0.02601156,0.01734104,0.00578035,0.03468208,0.02312139,0.00289017,0.00289017,0.00000000,0.01734104,0.00867052,0.00578035,0.01734104,0.03468208,0.01445087,0.00867052,0.05491329,0.02023121,0.01734104,0.07803468,0.05202312,0.01734104,0.01156069,0.00578035,0.00578035,0.01445087,0.01445087,0.01156069,0.04046243,0.00867052,0.02890173,0.01156069,0.04624277,0.01156069
mjd78	0.03125000,0.02343750,0.07031250,0.05859375,0.00781250,0.00781250,0.00390625,0.00000000,0.01171875,0.02343750,0.00781250,0.01562500,0.00390625,0.00000000,0.01953125,0.07812500,0.03906250,0.03906250,0.02734375,0.00781250,0.08593750,0.07031250,0.01171875,0.01171875,0.00000000,0.01171875,0.00390625,0.00390625,0.01171875,0.03125000,0.01171875,0.01953125,0.00781250,0.00390625,0.00000000,0.07812500,0.05078125,0.01953125,0.00781250,0.00781250,0.00390625,0.01171875,0.01562500,0.00000000,0.01953125,0.01171875,0.00781250,0.00000000,0.00390625,0.00000000
sws19	0.00000000,0.00000000,0.00000000,0.00000000,0.00000000,0.00000000,0.08333333,0.08333333,0.00000000,0.00000000,0.00000000,0.00000000,0.00000000,0.00000000,0.00000000,0.16666667,0.08333333,0.08333333,0.08333333,0.08333333,0.08333333,0.08333333,0.00000000,0.00000000,0.00000000,0.08333333,0.08333333,0.00000000,0.00000000,0.00000000,0.00000000,0.00000000,0.00000000,0.00000000,0.00000000,0.00000000,0.00000000,0.00000000,0.00000000,0.00000000,0.00000000,0.00000000,0.00000000,0.00000000,0.00000000,0.00000000,0.00000000,0.00000000,0.00000000,0.00000000
rkh9	0.00000000,0.00000000,0.01886792,0.01886792,0.00000000,0.00000000,0.00000000,0.00000000,0.01886792,0.11320755,0.11320755,0.00000000,0.05660377,0.03773585,0.00000000,0.00000000,0.00000000,0.00000000,0.00000000,0.00000000,0.01886792,0.01886792,0.00000000,0.00000000,0.00000000,0.00000000,0.00000000,0.00000000,0.01886792,0.11320755,0.11320755,0.00000000,0.09433962,0.05660377,0.00000000,0.00000000,0.00000000,0.00000000,0.00000000,0.00000000,0.00000000,0.00000000,0.01886792,0.01886792,0.07547170,0.07547170,0.00000000,0.00000000,0.00000000,0.00000000
skm37	0.04081633,0.02040816,0.02040816,0.02040816,0.00000000,0.00000000,0.02040816,0.02040816,0.00000000,0.08163265,0.06122449,0.02040816,0.02040816,0.02040816,0.00000000,0.08163265,0.06122449,0.02040816,0.02040816,0.00000000,0.02040816,0.02040816,0.00000000,0.00000000,0.00000000,0.02040816,0.02040816,0.00000000,0.00000000,0.08163265,0.06122449,0.02040816,0.02040816,0.02040816,0.00000000,0.02040816,0.02040816,0.00000000,0.00000000,0.00000000,0.00000000,0.00000000,0.02040816,0.00000000,0.04081633,0.04081633,0.00000000,0.00000000,0.02040816,0.02040816
ril13	0.00000000,0.00000000,0.00000000,0.00000000,0.00000000,0.00000000,0.03726708,0.03726708,0.06832298,0.08074534,0.08074534,0.00000000,0.04347826,0.00621118,0.00000000,0.00000000,0.00000000,0.00000000,0.00000000,0.00000000,0.00000000,0.00000000,0.00000000,0.00000000,0.00000000,0.06832298,0.06832298,0.00000000,0.09316770,0.10559006,0.09937888,0.00000000,0.05590062,0.01242236,0.00621118,0.00000000,0.00000000,0.00000000,0.00000000,0.00000000,0.00000000,0.00000000,0.00621118,0.01863354,0.03726708,0.03726708,0.00000000,0.00000000,0.03105590,0.00621118
skw17	0.00000000,0.00000000,0.00000000,0.00000000,0.00000000,0.00000000,0.08000000,0.08000000,0.00000000,0.16000000,0.16000000,0.00000000,0.00000000,0.00000000,0.00000000,0.00000000,0.00000000,0.00000000,0.00000000,0.00000000,0.00000000,0.00000000,0.00000000,0.00000000,0.00000000,0.08000000,0.08000000,0.00000000,0.00000000,0.16000000,0.16000000,0.00000000,0.00000000,0.00000000,0.00000000,0.00000000,0.00000000,0.00000000,0.00000000,0.00000000,0.00000000,0.00000000,0.04000000,0.00000000,0.00000000,0.00000000,0.00000000,0.00000000,0.00000000,0.00000000
kan63	0.08333333,0.00000000,0.00000000,0.00000000,0.00000000,0.00000000,0.08333333,0.00000000,0.00000000,0.08333333,0.08333333,0.00000000,0.00000000,0.00000000,0.00000000,0.08333333,0.00000000,0.00000000,0.00000000,0.00000000,0.08333333,0.08333333,0.00000000,0.00000000,0.00000000,0.08333333,0.00000000,0.08333333,0.00000000,0.08333333,0.08333333,0.00000000,0.00000000,0.00000000,0.00000000,0.00000000,0.00000000,0.00000000,0.00000000,0.00000000,0.00000000,0.00000000,0.08333333,0.00000000,0.00000000,0.00000000,0.00000000,0.00000000,0.00000000,0.00000000
sjt27	0.00000000,0.00000000,0.00000000,0.00000000,0.00000000,0.00000000,0.06666667,0.06666667,0.00000000,0.20000000,0.13333333,0.00000000,0.00000000,0.00000000,0.00000000,0.00000000,0.00000000,0.00000000,0.00000000,0.06666667,0.00000000,0.00000000,0.00000000,0.00000000,0.00000000,0.06666667,0.06666667,0.00000000,0.00000000,0.20000000,0.13333333,0.00000000,0.00000000,0.00000000,0.00000000,0.00000000,0.00000000,0.00000000,0.00000000,0.00000000,0.00000000,0.00000000,0.00000000,0.00000000,0.00000000,0.00000000,0.00000000,0.00000000,0.00000000,0.00000000
jrw98	0.00000000,0.00000000,0.04571429,0.03428571,0.01142857,0.00571429,0.00000000,0.00000000,0.02857143,0.04000000,0.01714286,0.01714286,0.01142857,0.00000000,0.03428571,0.00000000,0.00000000,0.00000000,0.00000000,0.01142857,0.06857143,0.04571429,0.01714286,0.00571429,0.01142857,0.01142857,0.00571429,0.00571429,0.04571429,0.05142857,0.01714286,0.02857143,0.02285714,0.00571429,0.00571429,0.13714286,0.08571429,0.04571429,0.03428571,0.00571429,0.00571429,0.00571429,0.01714286,0.01142857,0.02285714,0.01142857,0.01142857,0.00000000,0.00000000,0.00000000
jme42	0.02127660,0.01063830,0.01063830,0.01063830,0.00000000,0.00000000,0.07446809,0.03191489,0.02127660,0.07446809,0.04255319,0.03191489,0.00000000,0.00000000,0.00000000,0.03191489,0.02127660,0.01063830,0.01063830,0.01063830,0.05319149,0.05319149,0.00000000,0.00000000,0.00000000,0.08510638,0.04255319,0.04255319,0.03191489,0.07446809,0.04255319,0.03191489,0.00000000,0.00000000,0.00000000,0.05319149,0.03191489,0.02127660,0.02127660,0.00000000,0.00000000,0.00000000,0.00000000,0.00000000,0.00000000,0.00000000,0.00000000,0.00000000,0.00000000,0.00000000
teh26	0.07692308,0.00000000,0.07692308,0.07692308,0.00000000,0.00000000,0.00000000,0.00000000,0.00000000,0.07692308,0.00000000,0.07692308,0.00000000,0.00000000,0.00000000,0.07692308,0.07692308,0.00000000,0.00000000,0.07692308,0.07692308,0.07692308,0.00000000,0.00000000,0.00000000,0.00000000,0.00000000,0.00000000,0.00000000,0.07692308,0.00000000,0.07692308,0.00000000,0.00000000,0.00000000,0.07692308,0.00000000,0.00000000,0.00000000,0.00000000,0.00000000,0.00000000,0.00000000,0.00000000,0.00000000,0.00000000,0.00000000,0.00000000,0.00000000,0.00000000
bpc20	0.00000000,0.00000000,0.06074766,0.03271028,0.02336449,0.00467290,0.00934579,0.00000000,0.01401869,0.01401869,0.00000000,0.01401869,0.00000000,0.00000000,0.00934579,0.00000000,0.00000000,0.00000000,0.00000000,0.05140187,0.09345794,0.05140187,0.03738318,0.01401869,0.01401869,0.01869159,0.00467290,0.01401869,0.02336449,0.02803738,0.00467290,0.02336449,0.00467290,0.00467290,0.00934579,0.14018692,0.06542056,0.06542056,0.03738318,0.02803738,0.01869159,0.00934579,0.00467290,0.00000000,0.01869159,0.00467290,0.00467290,0.00467290,0.01401869,0.00467290
jdh99	0.00000000,0.00000000,0.03333333,0.01666667,0.00833333,0.00000000,0.03333333,0.01666667,0.04166667,0.01666667,0.01666667,0.00000000,0.03333333,0.01666667,0.00833333,0.00000000,0.00000000,0.00000000,0.00000000,0.01666667,0.05000000,0.03333333,0.00833333,0.00000000,0.00000000,0.06666667,0.02500000,0.00000000,0.05833333,0.03333333,0.02500000,0.00833333,0.05000000,0.02500000,0.00000000,0.08333333,0.05000000,0.02500000,0.02500000,0.00000000,0.00000000,0.01666667,0.02500000,0.00833333,0.05000000,0.00833333,0.03333333,0.01666667,0.00833333,0.00833333
wli1	0.00000000,0.00000000,0.01754386,0.01754386,0.00000000,0.00000000,0.00000000,0.00000000,0.03508772,0.08771930,0.07017544,0.00000000,0.03508772,0.01754386,0.01754386,0.00000000,0.00000000,0.00000000,0.00000000,0.00000000,0.01754386,0.01754386,0.00000000,0.00000000,0.00000000,0.00000000,0.00000000,0.00000000,0.03508772,0.08771930,0.07017544,0.00000000,0.07017544,0.03508772,0.01754386,0.05263158,0.03508772,0.01754386,0.01754386,0.00000000,0.00000000,0.00000000,0.01754386,0.00000000,0.07017544,0.03508772,0.01754386,0.00000000,0.07017544,0.01754386
jum48	0.02439024,0.00000000,0.00000000,0.00000000,0.00000000,0.00000000,0.04878049,0.02439024,0.02439024,0.04878049,0.02439024,0.00000000,0.04878049,0.02439024,0.00000000,0.02439024,0.02439024,0.00000000,0.00000000,0.02439024,0.02439024,0.00000000,0.00000000,0.00000000,0.00000000,0.04878049,0.02439024,0.02439024,0.04878049,0.04878049,0.02439024,0.00000000,0.09756098,0.02439024,0.02439024,0.02439024,0.02439024,0.00000000,0.00000000,0.00000000,0.00000000,0.02439024,0.00000000,0.02439024,0.07317073,0.02439024,0.02439024,0.00000000,0.02439024,0.02439024
doc23	0.00000000,0.00000000,0.09677419,0.09677419,0.00000000,0.00000000,0.09677419,0.06451613,0.00000000,0.03225806,0.03225806,0.00000000,0.03225806,0.00000000,0.00000000,0.00000000,0.00000000,0.00000000,0.00000000,0.00000000,0.09677419,0.09677419,0.00000000,0.00000000,0.00000000,0.09677419,0.06451613,0.00000000,0.03225806,0.03225806,0.03225806,0.00000000,0.06451613,0.00000000,0.00000000,0.00000000,0.00000000,0.00000000,0.00000000,0.00000000,0.00000000,0.00000000,0.00000000,0.03225806,0.00000000,0.00000000,0.00000000,0.00000000,0.00000000,0.00000000
aag45	0.00000000,0.00000000,0.04979253,0.01659751,0.02489627,0.01659751,0.02074689,0.01244813,0.02904564,0.03319502,0.00829876,0.01659751,0.01659751,0.00000000,0.00414938,0.00000000,0.00000000,0.00000000,0.00000000,0.01659751,0.07053942,0.02489627,0.03319502,0.01659751,0.01244813,0.03319502,0.01244813,0.01659751,0.06224066,0.04979253,0.02074689,0.02074689,0.03319502,0.00829876,0.01659751,0.09543568,0.05809129,0.02074689,0.00829876,0.00414938,0.00414938,0.01244813,0.00414938,0.01659751,0.02904564,0.00829876,0.01659751,0.00414938,0.01244813,0.00829876
wag7	0.00000000,0.00000000,0.00000000,0.00000000,0.00000000,0.00000000,0.05263158,0.05263158,0.06315789,0.03157895,0.02105263,0.01052632,0.06315789,0.02105263,0.00000000,0.00000000,0.00000000,0.00000000,0.00000000,0.00000000,0.00000000,0.00000000,0.00000000,0.00000000,0.00000000,0.07368421,0.07368421,0.00000000,0.07368421,0.07368421,0.06315789,0.01052632,0.08421053,0.03157895,0.00000000,0.02105263,0.02105263,0.00000000,0.00000000,0.00000000,0.00000000,0.00000000,0.02105263,0.03157895,0.05263158,0.04210526,0.01052632,0.00000000,0.00000000,0.00000000
rde8	0.00000000,0.00000000,0.03636364,0.01818182,0.01818182,0.00909091,0.00909091,0.00000000,0.00000000,0.02727273,0.01818182,0.00909091,0.01818182,0.01818182,0.03636364,0.00909091,0.00909091,0.00000000,0.00000000,0.00909091,0.03636364,0.01818182,0.01818182,0.00909091,0.00909091,0.01818182,0.00000000,0.00000000,0.00000000,0.03636364,0.01818182,0.00909091,0.01818182,0.01818182,0.00000000,0.13636364,0.08181818,0.05454545,0.04545455,0.00909091,0.00909091,0.00909091,0.00000000,0.01818182,0.06363636,0.04545455,0.01818182,0.01818182,0.01818182,0.01818182
kbs29	0.00995025,0.00497512,0.07462687,0.04975124,0.02487562,0.01492537,0.01492537,0.00000000,0.00995025,0.02487562,0.00497512,0.01990050,0.00000000,0.00000000,0.00000000,0.01492537,0.00995025,0.00497512,0.00497512,0.07462687,0.11940299,0.07462687,0.03980100,0.01990050,0.00995025,0.02487562,0.00000000,0.00995025,0.01492537,0.02487562,0.00497512,0.01990050,0.00000000,0.00000000,0.02487562,0.10945274,0.04477612,0.04477612,0.00995025,0.02487562,0.00497512,0.00000000,0.00000000,0.00000000,0.00497512,0.00000000,0.00497512,0.00000000,0.00000000,0.00000000
dkd15	0.00000000,0.00000000,0.00000000,0.00000000,0.00000000,0.00000000,0.00000000,0.00000000,0.25000000,0.00000000,0.00000000,0.00000000,0.00000000,0.00000000,0.00000000,0.00000000,0.00000000,0.00000000,0.00000000,0.00000000,0.00000000,0.00000000,0.00000000,0.00000000,0.00000000,0.00000000,0.00000000,0.00000000,0.25000000,0.00000000,0.00000000,0.00000000,0.25000000,0.00000000,0.00000000,0.00000000,0.00000000,0.00000000,0.00000000,0.00000000,0.00000000,0.00000000,0.00000000,0.00000000,0.00000000,0.00000000,0.00000000,0.00000000,0.25000000,0.00000000
ecu4	0.00350877,0.00000000,0.08070175,0.03859649,0.03859649,0.03157895,0.02456140,0.00701754,0.00701754,0.02105263,0.00701754,0.01052632,0.00350877,0.00000000,0.01403509,0.00701754,0.00350877,0.00000000,0.00000000,0.02456140,0.10526316,0.04912281,0.05263158,0.04210526,0.00701754,0.03859649,0.01754386,0.01052632,0.01052632,0.02456140,0.00701754,0.01403509,0.00350877,0.00000000,0.00701754,0.10877193,0.08070175,0.02456140,0.01754386,0.00701754,0.00701754,0.00350877,0.01052632,0.00350877,0.01052632,0.00701754,0.00350877,0.00350877,0.00000000,0.00000000
mjg82	0.00000000,0.00000000,0.04225352,0.02816901,0.01408451,0.01408451,0.01408451,0.00000000,0.00000000,0.04694836,0.00938967,0.03286385,0.03286385,0.01408451,0.01408451,0.00000000,0.00000000,0.00000000,0.00000000,0.00000000,0.05633803,0.03286385,0.01408451,0.01408451,0.00000000,0.01408451,0.00000000,0.00938967,0.00000000,0.05164319,0.00938967,0.03755869,0.03755869,0.01408451,0.00469484,0.09859155,0.08920188,0.00938967,0.00469484,0.00469484,0.00469484,0.01877934,0.00000000,0.00469484,0.06572770,0.02816901,0.02347418,0.00469484,0.05633803,0.02816901
tar57	0.04545455,0.02272727,0.00000000,0.00000000,0.00000000,0.00000000,0.04545455,0.04545455,0.00000000,0.06818182,0.06818182,0.00000000,0.00000000,0.00000000,0.00000000,0.09090909,0.04545455,0.04545455,0.02272727,0.00000000,0.00000000,0.00000000,0.00000000,0.00000000,0.00000000,0.04545455,0.04545455,0.00000000,0.00000000,0.06818182,0.06818182,0.00000000,0.00000000,0.00000000,0.00000000,0.06818182,0.04545455,0.02272727,0.02272727,0.00000000,0.00000000,0.00000000,0.00000000,0.00000000,0.04545455,0.00000000,0.04545455,0.02272727,0.00000000,0.00000000
koj1	0.00000000,0.00000000,0.00000000,0.00000000,0.00000000,0.00000000,0.14285714,0.00000000,0.00000000,0.00000000,0.00000000,0.00000000,0.00000000,0.00000000,0.00000000,0.00000000,0.00000000,0.00000000,0.00000000,0.42857143,0.14285714,0.14285714,0.00000000,0.00000000,0.00000000,0.14285714,0.00000000,0.00000000,0.00000000,0.00000000,0.00000000,0.00000000,0.00000000,0.00000000,0.00000000,0.00000000,0.00000000,0.00000000,0.00000000,0.00000000,0.00000000,0.00000000,0.00000000,0.00000000,0.00000000,0.00000000,0.00000000,0.00000000,0.00000000,0.00000000
clk93	0.01027397,0.00000000,0.04794521,0.02739726,0.01369863,0.00684932,0.01369863,0.00342466,0.01712329,0.03082192,0.01027397,0.02054795,0.02054795,0.00684932,0.00342466,0.01027397,0.00684932,0.00000000,0.00000000,0.03082192,0.07191781,0.04452055,0.02054795,0.01027397,0.00684932,0.02739726,0.00684932,0.01027397,0.01712329,0.04452055,0.01369863,0.02739726,0.02397260,0.00684932,0.01369863,0.10958904,0.06164384,0.04109589,0.02397260,0.01369863,0.01027397,0.00684932,0.02054795,0.00684932,0.03082192,0.00684932,0.01712329,0.01027397,0.00684932,0.00684932
mjf68	0.04424779,0.01769912,0.00000000,0.00000000,0.00000000,0.00000000,0.02654867,0.02654867,0.05309735,0.06194690,0.06194690,0.00000000,0.02654867,0.00884956,0.00000000,0.06194690,0.04424779,0.01769912,0.01769912,0.00000000,0.00000000,0.00000000,0.00000000,0.00000000,0.00000000,0.04424779,0.04424779,0.00000000,0.08849558,0.07964602,0.07964602,0.00000000,0.05309735,0.02654867,0.00000000,0.00000000,0.00000000,0.00000000,0.00000000,0.00000000,0.00000000,0.00000000,0.02654867,0.00884956,0.03539823,0.03539823,0.00000000,0.00000000,0.00884956,0.00000000
res106	0.01145663,0.00654664,0.02945990,0.01472995,0.01309329,0.00490998,0.00654664,0.00327332,0.00163666,0.00818331,0.00163666,0.00654664,0.01145663,0.00163666,0.00818331,0.04909984,0.01309329,0.03273322,0.00818331,0.00163666,0.04582651,0.01800327,0.02127660,0.00654664,0.01145663,0.00818331,0.00327332,0.00490998,0.00163666,0.01309329,0.00163666,0.01145663,0.01963993,0.00327332,0.00327332,0.18166939,0.04418985,0.11620295,0.03436989,0.07037643,0.01800327,0.01309329,0.01145663,0.00327332,0.02782324,0.00163666,0.02454992,0.02127660,0.01472995,0.00981997
wsh5	0.00000000,0.00000000,0.00000000,0.00000000,0.00000000,0.00000000,0.03571429,0.00000000,0.00000000,0.07142857,0.03571429,0.03571429,0.07142857,0.00000000,0.00000000,0.00000000,0.00000000,0.00000000,0.00000000,0.00000000,0.03571429,0.03571429,0.00000000,0.00000000,0.00000000,0.03571429,0.00000000,0.03571429,0.00000000,0.10714286,0.03571429,0.07142857,0.07142857,0.00000000,0.00000000,0.07142857,0.07142857,0.00000000,0.00000000,0.00000000,0.00000000,0.00000000,0.00000000,0.03571429,0.00000000,0.00000000,0.00000000,0.00000000,0.14285714,0.00000000
jah208	0.00000000,0.00000000,0.02395210,0.01796407,0.00598802,0.00598802,0.03592814,0.01796407,0.03592814,0.01197605,0.01197605,0.00000000,0.00000000,0.00000000,0.00000000,0.00000000,0.00000000,0.00000000,0.00000000,0.03592814,0.05988024,0.03592814,0.02395210,0.00598802,0.00598802,0.05988024,0.02994012,0.02395210,0.05389222,0.02395210,0.01796407,0.00000000,0.01796407,0.00598802,0.00000000,0.13772455,0.01796407,0.10778443,0.00598802,0.10179641,0.00598802,0.00598802,0.01796407,0.00598802,0.01197605,0.00598802,0.00598802,0.00000000,0.00000000,0.00000000
mad205	0.01346801,0.00673401,0.04377104,0.02020202,0.00673401,0.00673401,0.03030303,0.02020202,0.03703704,0.02356902,0.02356902,0.00000000,0.00673401,0.00336700,0.00673401,0.03367003,0.01683502,0.01346801,0.00673401,0.02020202,0.07407407,0.03703704,0.02020202,0.01346801,0.00336700,0.04713805,0.02356902,0.01683502,0.05050505,0.05723906,0.04377104,0.01010101,0.01010101,0.00673401,0.00336700,0.06060606,0.03703704,0.01683502,0.00673401,0.00673401,0.00336700,0.01683502,0.01346801,0.00673401,0.03367003,0.02356902,0.00673401,0.00336700,0.00336700,0.00336700
rhl10	0.00000000,0.00000000,0.07692308,0.05128205,0.01709402,0.00854701,0.02564103,0.01709402,0.00000000,0.02564103,0.00854701,0.01709402,0.03418803,0.01709402,0.00000000,0.00000000,0.00000000,0.00000000,0.00000000,0.00854701,0.07692308,0.05128205,0.01709402,0.00854701,0.00854701,0.02564103,0.01709402,0.00000000,0.00000000,0.02564103,0.00854701,0.01709402,0.03418803,0.01709402,0.00854701,0.11111111,0.05128205,0.05982906,0.02564103,0.03418803,0.02564103,0.00854701,0.00000000,0.00854701,0.02564103,0.00000000,0.01709402,0.00854701,0.00000000,0.00000000
kmm137	0.00000000,0.00000000,0.07142857,0.07142857,0.00000000,0.00000000,0.00000000,0.00000000,0.00000000,0.07142857,0.07142857,0.00000000,0.07142857,0.07142857,0.00000000,0.00000000,0.00000000,0.00000000,0.00000000,0.00000000,0.07142857,0.07142857,0.00000000,0.00000000,0.00000000,0.00000000,0.00000000,0.00000000,0.00000000,0.07142857,0.07142857,0.00000000,0.07142857,0.07142857,0.00000000,0.00000000,0.00000000,0.00000000,0.00000000,0.00000000,0.00000000,0.00000000,0.00000000,0.00000000,0.07142857,0.07142857,0.00000000,0.00000000,0.00000000,0.00000000
kdd28	0.00000000,0.00000000,0.00000000,0.00000000,0.00000000,0.00000000,0.14634146,0.04878049,0.00000000,0.00000000,0.00000000,0.00000000,0.00000000,0.00000000,0.00000000,0.00000000,0.00000000,0.00000000,0.00000000,0.24390244,0.04878049,0.02439024,0.02439024,0.00000000,0.02439024,0.14634146,0.04878049,0.02439024,0.00000000,0.00000000,0.00000000,0.00000000,0.00000000,0.00000000,0.00000000,0.07317073,0.02439024,0.04878049,0.02439024,0.02439024,0.02439024,0.00000000,0.00000000,0.00000000,0.00000000,0.00000000,0.00000000,0.00000000,0.00000000,0.00000000
ams404	0.02027027,0.01351351,0.00000000,0.00000000,0.00000000,0.00000000,0.04729730,0.04729730,0.04054054,0.04054054,0.03378378,0.00000000,0.05405405,0.02027027,0.00000000,0.04729730,0.02702703,0.02027027,0.01351351,0.00000000,0.00000000,0.00000000,0.00000000,0.00000000,0.00000000,0.06756757,0.06756757,0.00000000,0.04729730,0.05405405,0.04729730,0.00000000,0.07432432,0.02702703,0.00000000,0.00000000,0.00000000,0.00000000,0.00000000,0.00000000,0.00000000,0.00000000,0.01351351,0.01351351,0.04729730,0.04729730,0.00000000,0.00000000,0.06081081,0.00675676
jlc201	0.00000000,0.00000000,0.07189542,0.02614379,0.03050109,0.00435730,0.00435730,0.00000000,0.00217865,0.00435730,0.00217865,0.00217865,0.03485839,0.01307190,0.00435730,0.00000000,0.00000000,0.00000000,0.00000000,0.00000000,0.12200436,0.05010893,0.04793028,0.00653595,0.03703704,0.00653595,0.00000000,0.00653595,0.00217865,0.00435730,0.00217865,0.00217865,0.04575163,0.01525054,0.02614379,0.13725490,0.05664488,0.06753813,0.03921569,0.01960784,0.00871460,0.00871460,0.02178649,0.00871460,0.01742919,0.00000000,0.01525054,0.00871460,0.01307190,0.00217865
qim8	0.00000000,0.00000000,0.05405405,0.02702703,0.01801802,0.00900901,0.07207207,0.05405405,0.02702703,0.05405405,0.03603604,0.00000000,0.00000000,0.00000000,0.00900901,0.00000000,0.00000000,0.00000000,0.00000000,0.04504505,0.07207207,0.04504505,0.01801802,0.00900901,0.00000000,0.08108108,0.06306306,0.00900901,0.04504505,0.06306306,0.04504505,0.00000000,0.00900901,0.00000000,0.02702703,0.02702703,0.00900901,0.00000000,0.00000000,0.00000000,0.00000000,0.00900901,0.00000000,0.00900901,0.01801802,0.01801802,0.00000000,0.00000000,0.00900901,0.00900901
cac189	0.00000000,0.00000000,0.00000000,0.00000000,0.00000000,0.00000000,0.12000000,0.12000000,0.04000000,0.08000000,0.04000000,0.00000000,0.00000000,0.00000000,0.00000000,0.00000000,0.00000000,0.00000000,0.00000000,0.08000000,0.00000000,0.00000000,0.00000000,0.00000000,0.00000000,0.16000000,0.16000000,0.00000000,0.04000000,0.08000000,0.04000000,0.00000000,0.00000000,0.00000000,0.00000000,0.00000000,0.00000000,0.00000000,0.00000000,0.00000000,0.00000000,0.00000000,0.04000000,0.00000000,0.00000000,0.00000000,0.00000000,0.00000000,0.00000000,0.00000000
alh130	0.14285714,0.14285714,0.00000000,0.00000000,0.00000000,0.00000000,0.00000000,0.00000000,0.00000000,0.00000000,0.00000000,0.00000000,0.00000000,0.00000000,0.00000000,0.28571429,0.14285714,0.14285714,0.14285714,0.00000000,0.00000000,0.00000000,0.00000000,0.00000000,0.00000000,0.00000000,0.00000000,0.00000000,0.00000000,0.00000000,0.00000000,0.00000000,0.00000000,0.00000000,0.00000000,0.00000000,0.00000000,0.00000000,0.00000000,0.00000000,0.00000000,0.00000000,0.00000000,0.00000000,0.00000000,0.00000000,0.00000000,0.00000000,0.00000000,0.00000000
brs112	0.00483092,0.00483092,0.08695652,0.04830918,0.02898551,0.01932367,0.01449275,0.00000000,0.00000000,0.02415459,0.00000000,0.01449275,0.00483092,0.00000000,0.01449275,0.00966184,0.00483092,0.00483092,0.00483092,0.03381643,0.14009662,0.08212560,0.04347826,0.02898551,0.01449275,0.02415459,0.00000000,0.01932367,0.00483092,0.02415459,0.00000000,0.01449275,0.01449275,0.00000000,0.02415459,0.10144928,0.06763285,0.02898551,0.02415459,0.00000000,0.00000000,0.00000000,0.00000000,0.01449275,0.00483092,0.00000000,0.00000000,0.00000000,0.00000000,0.00000000
alh133	0.00000000,0.00000000,0.05867971,0.04156479,0.01466993,0.00733496,0.01222494,0.00488998,0.02933985,0.03667482,0.02444988,0.00977995,0.00733496,0.00488998,0.00733496,0.00000000,0.00000000,0.00000000,0.00000000,0.01711491,0.07823961,0.04889976,0.02200489,0.00733496,0.01466993,0.02200489,0.00733496,0.00733496,0.05134474,0.05867971,0.03667482,0.01711491,0.01222494,0.00488998,0.01466993,0.09290954,0.04400978,0.04156479,0.02200489,0.01711491,0.00977995,0.00488998,0.00977995,0.01711491,0.01955990,0.01466993,0.00488998,0.00000000,0.01711491,0.00488998
anv35	0.02439024,0.01951220,0.00000000,0.00000000,0.00000000,0.00000000,0.06341463,0.05365854,0.04390244,0.02926829,0.02439024,0.00000000,0.01463415,0.01463415,0.00000000,0.09268293,0.04878049,0.03902439,0.02926829,0.00975610,0.00487805,0.00487805,0.00000000,0.00000000,0.00000000,0.07317073,0.06341463,0.00487805,0.06341463,0.05365854,0.03414634,0.00975610,0.02439024,0.01951220,0.00000000,0.01463415,0.00487805,0.00487805,0.00487805,0.00000000,0.00000000,0.00487805,0.00487805,0.00487805,0.04390244,0.03902439,0.00000000,0.00000000,0.00975610,0.00000000
inf4	0.02427184,0.01456311,0.00000000,0.00000000,0.00000000,0.00000000,0.01941748,0.01941748,0.01941748,0.07281553,0.06796117,0.00000000,0.04368932,0.02912621,0.00970874,0.06310680,0.03398058,0.02427184,0.02427184,0.00000000,0.00000000,0.00000000,0.00000000,0.00000000,0.00000000,0.02912621,0.02912621,0.00000000,0.02912621,0.07281553,0.06796117,0.00000000,0.05825243,0.03398058,0.00000000,0.00970874,0.00970874,0.00000000,0.00000000,0.00000000,0.00000000,0.00000000,0.01456311,0.00970874,0.05825243,0.05825243,0.00000000,0.00000000,0.03398058,0.01941748
jey16	0.00922509,0.00922509,0.01476015,0.00000000,0.01291513,0.00369004,0.00553506,0.00184502,0.00184502,0.00369004,0.00000000,0.00184502,0.00369004,0.00184502,0.02398524,0.03321033,0.01107011,0.02214022,0.01107011,0.00000000,0.01845018,0.00000000,0.01476015,0.00369004,0.00922509,0.00553506,0.00184502,0.00369004,0.00369004,0.00738007,0.00000000,0.00553506,0.00369004,0.00184502,0.00000000,0.24354244,0.05166052,0.18450185,0.04428044,0.13468635,0.03136531,0.01291513,0.00000000,0.00184502,0.01476015,0.00000000,0.01476015,0.01476015,0.00000000,0.00000000
jdh98	0.00429185,0.00000000,0.03862661,0.00429185,0.03004292,0.01287554,0.01502146,0.00000000,0.00858369,0.00858369,0.00000000,0.00858369,0.00429185,0.00000000,0.00000000,0.01287554,0.00643777,0.00429185,0.00214592,0.03218884,0.06437768,0.00429185,0.05150215,0.01716738,0.03433476,0.02360515,0.00000000,0.01287554,0.01931330,0.01287554,0.00000000,0.00858369,0.00643777,0.00000000,0.00643777,0.17811159,0.06437768,0.10944206,0.04506438,0.06223176,0.02360515,0.00643777,0.01287554,0.00214592,0.01072961,0.00214592,0.00858369,0.00643777,0.00858369,0.00429185
atr16	0.03669725,0.02752294,0.00917431,0.00458716,0.00458716,0.00458716,0.00917431,0.00917431,0.01834862,0.06422018,0.06422018,0.00000000,0.02293578,0.00458716,0.00458716,0.08715596,0.05045872,0.03669725,0.02752294,0.00000000,0.00917431,0.00458716,0.00458716,0.00458716,0.00000000,0.01376147,0.01376147,0.00000000,0.02293578,0.07339450,0.06422018,0.00917431,0.03211009,0.00917431,0.00000000,0.02752294,0.01834862,0.00917431,0.00458716,0.00458716,0.00458716,0.00000000,0.00458716,0.00917431,0.05045872,0.04587156,0.00000000,0.00000000,0.04587156,0.02752294
pjs52	0.00431034,0.00000000,0.07758621,0.01293103,0.05603448,0.04310345,0.01293103,0.00000000,0.00431034,0.02586207,0.00000000,0.01293103,0.00431034,0.00431034,0.00000000,0.00862069,0.00862069,0.00000000,0.00000000,0.00862069,0.11206897,0.03017241,0.06896552,0.04741379,0.01724138,0.01293103,0.00000000,0.01293103,0.00862069,0.02586207,0.00000000,0.01293103,0.00862069,0.00431034,0.01724138,0.12931034,0.08189655,0.04310345,0.03448276,0.00862069,0.00862069,0.00431034,0.00431034,0.00862069,0.00431034,0.00000000,0.00431034,0.00431034,0.00000000,0.00000000
cev9	0.06349206,0.01587302,0.00000000,0.00000000,0.00000000,0.00000000,0.06349206,0.04761905,0.00000000,0.04761905,0.04761905,0.00000000,0.00000000,0.00000000,0.00000000,0.19047619,0.06349206,0.09523810,0.03174603,0.00000000,0.01587302,0.01587302,0.00000000,0.00000000,0.00000000,0.06349206,0.04761905,0.01587302,0.00000000,0.06349206,0.06349206,0.00000000,0.00000000,0.00000000,0.00000000,0.00000000,0.00000000,0.00000000,0.00000000,0.00000000,0.00000000,0.00000000,0.00000000,0.01587302,0.01587302,0.01587302,0.00000000,0.00000000,0.00000000,0.00000000
egm18	0.02586207,0.00862069,0.00000000,0.00000000,0.00000000,0.00000000,0.01724138,0.00000000,0.04310345,0.04310345,0.03448276,0.00000000,0.03448276,0.00862069,0.00000000,0.12068966,0.06896552,0.05172414,0.03448276,0.00000000,0.00000000,0.00000000,0.00000000,0.00000000,0.00000000,0.01724138,0.00000000,0.00000000,0.04310345,0.06896552,0.06034483,0.00000000,0.05172414,0.02586207,0.00000000,0.00000000,0.00000000,0.00000000,0.00000000,0.00000000,0.00000000,0.00000000,0.00000000,0.00000000,0.07758621,0.06896552,0.00000000,0.00000000,0.06896552,0.02586207
jhg10	0.08088235,0.04411765,0.00735294,0.00735294,0.00000000,0.00000000,0.00735294,0.00000000,0.00000000,0.04411765,0.03676471,0.00000000,0.02941176,0.02205882,0.00000000,0.19117647,0.10294118,0.08823529,0.05147059,0.00000000,0.01470588,0.01470588,0.00000000,0.00000000,0.00000000,0.00735294,0.00000000,0.00735294,0.00000000,0.04411765,0.03676471,0.00000000,0.02941176,0.02205882,0.00000000,0.00000000,0.00000000,0.00000000,0.00000000,0.00000000,0.00000000,0.00000000,0.00000000,0.00000000,0.04411765,0.03676471,0.00000000,0.00000000,0.01470588,0.01470588
jdh73	0.04109589,0.01369863,0.02739726,0.00000000,0.02739726,0.02739726,0.06849315,0.04109589,0.04109589,0.01369863,0.00000000,0.01369863,0.00000000,0.00000000,0.00000000,0.08219178,0.05479452,0.02739726,0.01369863,0.02739726,0.04109589,0.01369863,0.02739726,0.02739726,0.00000000,0.08219178,0.04109589,0.01369863,0.04109589,0.01369863,0.00000000,0.01369863,0.00000000,0.00000000,0.00000000,0.04109589,0.02739726,0.00000000,0.00000000,0.00000000,0.00000000,0.01369863,0.00000000,0.00000000,0.02739726,0.01369863,0.00000000,0.00000000,0.02739726,0.01369863
leg33	0.00561798,0.00000000,0.05617978,0.03370787,0.02247191,0.01123596,0.01123596,0.00000000,0.02808989,0.05056180,0.00000000,0.03370787,0.00000000,0.00000000,0.00561798,0.01123596,0.01123596,0.00000000,0.00000000,0.01685393,0.07303371,0.03932584,0.02808989,0.01123596,0.01685393,0.02247191,0.01123596,0.00561798,0.04494382,0.07865169,0.01123596,0.04494382,0.00000000,0.00000000,0.01685393,0.11797753,0.07865169,0.03932584,0.02808989,0.01123596,0.01123596,0.00561798,0.00000000,0.00561798,0.00000000,0.00000000,0.00000000,0.00000000,0.00000000,0.00000000
kav33	0.00000000,0.00000000,0.05960265,0.01324503,0.02649007,0.01324503,0.01324503,0.00000000,0.00000000,0.00662252,0.00000000,0.00662252,0.00662252,0.00662252,0.00000000,0.00662252,0.00000000,0.00000000,0.00000000,0.01986755,0.09933775,0.01986755,0.05960265,0.02649007,0.01986755,0.01324503,0.00000000,0.01324503,0.00000000,0.00662252,0.00000000,0.00662252,0.00662252,0.00662252,0.02649007,0.17880795,0.05960265,0.09271523,0.03311258,0.05298013,0.01324503,0.01324503,0.00000000,0.00000000,0.01986755,0.00000000,0.01986755,0.01986755,0.00662252,0.00662252
cap77	0.06944444,0.06944444,0.01388889,0.00000000,0.01388889,0.00000000,0.01388889,0.01388889,0.04166667,0.01388889,0.01388889,0.00000000,0.00000000,0.00000000,0.00000000,0.18055556,0.06944444,0.11111111,0.06944444,0.00000000,0.01388889,0.00000000,0.01388889,0.00000000,0.01388889,0.01388889,0.01388889,0.00000000,0.04166667,0.01388889,0.01388889,0.00000000,0.00000000,0.00000000,0.00000000,0.06944444,0.00000000,0.05555556,0.00000000,0.04166667,0.00000000,0.00000000,0.00000000,0.00000000,0.00000000,0.00000000,0.00000000,0.00000000,0.00000000,0.00000000
kmh117	0.00719424,0.00719424,0.00719424,0.00719424,0.00000000,0.00000000,0.02158273,0.02158273,0.02158273,0.02877698,0.00719424,0.02158273,0.02877698,0.00719424,0.00719424,0.02158273,0.01438849,0.00719424,0.00719424,0.00000000,0.01438849,0.00719424,0.00000000,0.00000000,0.00000000,0.02877698,0.02158273,0.00719424,0.02158273,0.05755396,0.01438849,0.03597122,0.05035971,0.00719424,0.02158273,0.05755396,0.03597122,0.00719424,0.00719424,0.00000000,0.00000000,0.06474820,0.00719424,0.04316547,0.10071942,0.03597122,0.00719424,0.00000000,0.07194245,0.02877698
djp60	0.02941176,0.00000000,0.00000000,0.00000000,0.00000000,0.00000000,0.05882353,0.05882353,0.02941176,0.02941176,0.02941176,0.00000000,0.00000000,0.00000000,0.00000000,0.23529412,0.05882353,0.17647059,0.02941176,0.00000000,0.00000000,0.00000000,0.00000000,0.00000000,0.00000000,0.08823529,0.08823529,0.00000000,0.02941176,0.02941176,0.02941176,0.00000000,0.00000000,0.00000000,0.00000000,0.00000000,0.00000000,0.00000000,0.00000000,0.00000000,0.00000000,0.00000000,0.00000000,0.00000000,0.00000000,0.00000000,0.00000000,0.00000000,0.00000000,0.00000000
mjf68	0.01492537,0.00000000,0.00000000,0.00000000,0.00000000,0.00000000,0.02985075,0.02985075,0.04477612,0.11940299,0.10447761,0.01492537,0.01492537,0.01492537,0.00000000,0.02985075,0.02985075,0.00000000,0.00000000,0.00000000,0.00000000,0.00000000,0.00000000,0.00000000,0.00000000,0.02985075,0.02985075,0.00000000,0.04477612,0.14925373,0.13432836,0.01492537,0.02985075,0.02985075,0.00000000,0.01492537,0.01492537,0.00000000,0.00000000,0.00000000,0.00000000,0.00000000,0.00000000,0.00000000,0.02985075,0.02985075,0.00000000,0.00000000,0.00000000,0.00000000
ryc17	0.12500000,0.00000000,0.00000000,0.00000000,0.00000000,0.00000000,0.12500000,0.12500000,0.12500000,0.00000000,0.00000000,0.00000000,0.00000000,0.00000000,0.00000000,0.12500000,0.00000000,0.00000000,0.00000000,0.00000000,0.00000000,0.00000000,0.00000000,0.00000000,0.00000000,0.12500000,0.12500000,0.00000000,0.12500000,0.00000000,0.00000000,0.00000000,0.00000000,0.00000000,0.00000000,0.00000000,0.00000000,0.00000000,0.00000000,0.00000000,0.00000000,0.00000000,0.00000000,0.00000000,0.00000000,0.00000000,0.00000000,0.00000000,0.00000000,0.00000000
tol16	0.00000000,0.00000000,0.06250000,0.00000000,0.00000000,0.00000000,0.12500000,0.12500000,0.00000000,0.06250000,0.06250000,0.00000000,0.00000000,0.00000000,0.00000000,0.06250000,0.06250000,0.00000000,0.00000000,0.00000000,0.06250000,0.00000000,0.00000000,0.00000000,0.00000000,0.12500000,0.12500000,0.00000000,0.00000000,0.06250000,0.06250000,0.00000000,0.00000000,0.00000000,0.00000000,0.00000000,0.00000000,0.00000000,0.00000000,0.00000000,0.00000000,0.00000000,0.00000000,0.00000000,0.00000000,0.00000000,0.00000000,0.00000000,0.00000000,0.00000000
yaz44	0.03797468,0.02531646,0.01265823,0.01265823,0.00000000,0.00000000,0.05063291,0.03797468,0.00000000,0.03797468,0.03797468,0.00000000,0.03797468,0.01265823,0.01265823,0.10126582,0.03797468,0.05063291,0.01265823,0.00000000,0.01265823,0.01265823,0.00000000,0.00000000,0.00000000,0.05063291,0.03797468,0.00000000,0.00000000,0.03797468,0.03797468,0.00000000,0.03797468,0.01265823,0.00000000,0.01265823,0.01265823,0.00000000,0.00000000,0.00000000,0.00000000,0.00000000,0.01265823,0.01265823,0.05063291,0.03797468,0.00000000,0.00000000,0.07594937,0.02531646
bjs49	0.00828729,0.00552486,0.03591160,0.01657459,0.01657459,0.00828729,0.01381215,0.00000000,0.00552486,0.01657459,0.00000000,0.01657459,0.00552486,0.00552486,0.02209945,0.01933702,0.00828729,0.01104972,0.00552486,0.01657459,0.04972376,0.02486188,0.02209945,0.00828729,0.01381215,0.01381215,0.00000000,0.00828729,0.00552486,0.01933702,0.00000000,0.01933702,0.00828729,0.00552486,0.00552486,0.17955801,0.07458564,0.09944751,0.03591160,0.06353591,0.02486188,0.00276243,0.00552486,0.00000000,0.02209945,0.00552486,0.01657459,0.00828729,0.01381215,0.00552486
fek10	0.08333333,0.08333333,0.00000000,0.00000000,0.00000000,0.00000000,0.00000000,0.00000000,0.00000000,0.00000000,0.00000000,0.00000000,0.04166667,0.04166667,0.00000000,0.25000000,0.04166667,0.16666667,0.04166667,0.00000000,0.00000000,0.00000000,0.00000000,0.00000000,0.00000000,0.00000000,0.00000000,0.00000000,0.00000000,0.00000000,0.00000000,0.00000000,0.04166667,0.04166667,0.00000000,0.00000000,0.00000000,0.00000000,0.00000000,0.00000000,0.00000000,0.00000000,0.00000000,0.00000000,0.08333333,0.08333333,0.00000000,0.00000000,0.00000000,0.00000000
chg57	0.05464481,0.02185792,0.03825137,0.03278689,0.00546448,0.00546448,0.01639344,0.01639344,0.00546448,0.04918033,0.03278689,0.01092896,0.00546448,0.00546448,0.02732240,0.09289617,0.05464481,0.03278689,0.02732240,0.00000000,0.03825137,0.03278689,0.00546448,0.00546448,0.00000000,0.01639344,0.01639344,0.00000000,0.01092896,0.06557377,0.03825137,0.01639344,0.00546448,0.00546448,0.00000000,0.05464481,0.04918033,0.00000000,0.00000000,0.00000000,0.00000000,0.02732240,0.00546448,0.00546448,0.02732240,0.01639344,0.00546448,0.00000000,0.01092896,0.00546448
art47	0.04081633,0.02040816,0.02040816,0.02040816,0.00000000,0.00000000,0.00000000,0.00000000,0.00000000,0.04081633,0.04081633,0.00000000,0.06122449,0.06122449,0.04081633,0.06122449,0.04081633,0.02040816,0.02040816,0.00000000,0.02040816,0.02040816,0.00000000,0.00000000,0.00000000,0.00000000,0.00000000,0.00000000,0.00000000,0.04081633,0.04081633,0.00000000,0.06122449,0.06122449,0.00000000,0.04081633,0.04081633,0.00000000,0.00000000,0.00000000,0.00000000,0.00000000,0.00000000,0.00000000,0.08163265,0.06122449,0.00000000,0.00000000,0.02040816,0.02040816
jky3	0.02684564,0.01342282,0.02013423,0.01342282,0.00671141,0.00000000,0.00671141,0.00000000,0.02013423,0.09395973,0.08724832,0.00671141,0.02013423,0.00000000,0.00000000,0.04026846,0.02013423,0.01342282,0.01342282,0.01342282,0.02684564,0.01342282,0.01342282,0.00000000,0.01342282,0.01342282,0.00000000,0.00671141,0.03355705,0.10738255,0.09395973,0.00671141,0.02013423,0.00000000,0.00000000,0.04026846,0.02013423,0.02013423,0.01342282,0.00671141,0.00671141,0.00000000,0.00000000,0.00671141,0.03355705,0.03355705,0.00000000,0.00000000,0.03355705,0.02013423
ket38	0.00000000,0.00000000,0.02702703,0.02702703,0.00000000,0.00000000,0.00000000,0.00000000,0.02702703,0.08108108,0.00000000,0.08108108,0.05405405,0.02702703,0.00000000,0.00000000,0.00000000,0.00000000,0.00000000,0.00000000,0.05405405,0.05405405,0.00000000,0.00000000,0.00000000,0.02702703,0.00000000,0.02702703,0.02702703,0.08108108,0.00000000,0.08108108,0.05405405,0.02702703,0.00000000,0.08108108,0.08108108,0.00000000,0.00000000,0.00000000,0.00000000,0.00000000,0.02702703,0.00000000,0.02702703,0.02702703,0.00000000,0.00000000,0.00000000,0.00000000
abr26	0.00970874,0.00970874,0.00000000,0.00000000,0.00000000,0.00000000,0.07766990,0.04854369,0.02912621,0.07766990,0.06796117,0.00970874,0.00000000,0.00000000,0.00000000,0.02912621,0.00970874,0.01941748,0.00970874,0.00000000,0.01941748,0.00970874,0.00970874,0.00000000,0.00970874,0.07766990,0.04854369,0.01941748,0.05825243,0.08737864,0.07766990,0.00970874,0.00000000,0.00000000,0.00000000,0.06796117,0.00970874,0.04854369,0.00970874,0.02912621,0.00970874,0.00000000,0.00000000,0.00000000,0.00000000,0.00000000,0.00000000,0.00000000,0.00000000,0.00000000
mjs187	0.05917160,0.02958580,0.00591716,0.00000000,0.00591716,0.00000000,0.01183432,0.01183432,0.00591716,0.02366864,0.01183432,0.01183432,0.01775148,0.00591716,0.00591716,0.13017751,0.06508876,0.05917160,0.02958580,0.00000000,0.01183432,0.00000000,0.00591716,0.00000000,0.00591716,0.01183432,0.01183432,0.00000000,0.00591716,0.02366864,0.01183432,0.01183432,0.02366864,0.01183432,0.00591716,0.12426036,0.02366864,0.08875740,0.02366864,0.05325444,0.01775148,0.00000000,0.00000000,0.00000000,0.01183432,0.00000000,0.01183432,0.01183432,0.00000000,0.00000000
rjm105	0.00000000,0.00000000,0.00000000,0.00000000,0.00000000,0.00000000,0.14285714,0.09523810,0.00000000,0.09523810,0.09523810,0.00000000,0.00000000,0.00000000,0.00000000,0.00000000,0.00000000,0.00000000,0.00000000,0.00000000,0.04761905,0.04761905,0.00000000,0.00000000,0.00000000,0.14285714,0.09523810,0.04761905,0.00000000,0.09523810,0.09523810,0.00000000,0.00000000,0.00000000,0.00000000,0.00000000,0.00000000,0.00000000,0.00000000,0.00000000,0.00000000,0.00000000,0.00000000,0.00000000,0.00000000,0.00000000,0.00000000,0.00000000,0.00000000,0.00000000
vac24	0.11428571,0.02857143,0.00000000,0.00000000,0.00000000,0.00000000,0.05714286,0.02857143,0.00000000,0.05714286,0.05714286,0.00000000,0.02857143,0.00000000,0.00000000,0.14285714,0.08571429,0.02857143,0.02857143,0.00000000,0.02857143,0.02857143,0.00000000,0.00000000,0.00000000,0.05714286,0.02857143,0.02857143,0.00000000,0.05714286,0.05714286,0.00000000,0.02857143,0.00000000,0.00000000,0.00000000,0.00000000,0.00000000,0.00000000,0.00000000,0.00000000,0.00000000,0.00000000,0.00000000,0.00000000,0.00000000,0.00000000,0.00000000,0.02857143,0.00000000
avn10	0.01869159,0.00934579,0.09345794,0.00000000,0.06542056,0.03738318,0.00934579,0.00000000,0.00000000,0.00000000,0.00000000,0.00000000,0.00000000,0.00000000,0.00000000,0.05607477,0.02803738,0.02803738,0.01869159,0.03738318,0.15887850,0.03738318,0.07476636,0.03738318,0.00934579,0.01869159,0.00000000,0.00934579,0.01869159,0.00000000,0.00000000,0.00000000,0.00000000,0.00000000,0.04672897,0.09345794,0.04672897,0.01869159,0.00934579,0.00934579,0.00934579,0.00000000,0.00000000,0.00000000,0.00000000,0.00000000,0.00000000,0.00000000,0.00000000,0.00000000
jam267	0.00000000,0.00000000,0.00000000,0.00000000,0.00000000,0.00000000,0.00000000,0.00000000,0.16666667,0.00000000,0.00000000,0.00000000,0.08333333,0.08333333,0.00000000,0.00000000,0.00000000,0.00000000,0.00000000,0.00000000,0.00000000,0.00000000,0.00000000,0.00000000,0.00000000,0.08333333,0.00000000,0.00000000,0.16666667,0.00000000,0.00000000,0.00000000,0.08333333,0.08333333,0.00000000,0.00000000,0.00000000,0.00000000,0.00000000,0.00000000,0.00000000,0.00000000,0.08333333,0.00000000,0.08333333,0.08333333,0.00000000,0.00000000,0.00000000,0.00000000
ang92	0.04000000,0.00000000,0.04000000,0.00000000,0.00000000,0.00000000,0.12000000,0.12000000,0.00000000,0.00000000,0.00000000,0.00000000,0.04000000,0.00000000,0.00000000,0.12000000,0.08000000,0.04000000,0.04000000,0.00000000,0.04000000,0.00000000,0.00000000,0.00000000,0.00000000,0.12000000,0.12000000,0.00000000,0.00000000,0.00000000,0.00000000,0.00000000,0.04000000,0.00000000,0.00000000,0.00000000,0.00000000,0.00000000,0.00000000,0.00000000,0.00000000,0.00000000,0.04000000,0.00000000,0.00000000,0.00000000,0.00000000,0.00000000,0.00000000,0.00000000
kmt51	0.00000000,0.00000000,0.00925926,0.00925926,0.00000000,0.00000000,0.06481481,0.05555556,0.03703704,0.05555556,0.03703704,0.01851852,0.02777778,0.00925926,0.00000000,0.00000000,0.00000000,0.00000000,0.00000000,0.01851852,0.01851852,0.01851852,0.00000000,0.00000000,0.00000000,0.07407407,0.05555556,0.00925926,0.03703704,0.06481481,0.04629630,0.01851852,0.04629630,0.00925926,0.00000000,0.05555556,0.01851852,0.02777778,0.01851852,0.00000000,0.00000000,0.00000000,0.01851852,0.00000000,0.02777778,0.01851852,0.00925926,0.00925926,0.03703704,0.01851852
sbb28	0.00180180,0.00180180,0.03423423,0.00540541,0.02702703,0.00900901,0.00900901,0.00000000,0.01981982,0.01801802,0.00000000,0.01261261,0.01081081,0.00180180,0.00000000,0.01261261,0.00900901,0.00360360,0.00360360,0.01261261,0.05225225,0.01081081,0.03603604,0.01081081,0.01981982,0.01621622,0.00180180,0.00900901,0.02882883,0.01981982,0.00000000,0.01441441,0.02162162,0.00540541,0.00900901,0.17477477,0.05945946,0.09549550,0.04324324,0.03963964,0.01801802,0.01261261,0.00720721,0.00180180,0.03063063,0.00180180,0.02882883,0.02162162,0.00900901,0.00720721
sab155	0.00293255,0.00000000,0.01759531,0.00586510,0.01173021,0.00293255,0.02346041,0.01173021,0.00586510,0.02052786,0.00879765,0.01173021,0.02052786,0.00879765,0.00293255,0.00293255,0.00293255,0.00000000,0.00000000,0.01466276,0.07624633,0.02346041,0.04398827,0.01466276,0.01173021,0.03519062,0.01173021,0.02052786,0.02346041,0.02052786,0.00879765,0.01173021,0.03519062,0.00879765,0.01466276,0.12903226,0.04398827,0.04985337,0.02052786,0.01759531,0.01173021,0.03225806,0.03519062,0.01466276,0.03812317,0.01173021,0.02052786,0.00879765,0.02346041,0.00586510
ksd19	0.00000000,0.00000000,0.00000000,0.00000000,0.00000000,0.00000000,0.16666667,0.16666667,0.00000000,0.08333333,0.08333333,0.00000000,0.00000000,0.00000000,0.00000000,0.00000000,0.00000000,0.00000000,0.00000000,0.00000000,0.00000000,0.00000000,0.00000000,0.00000000,0.00000000,0.16666667,0.16666667,0.00000000,0.00000000,0.08333333,0.08333333,0.00000000,0.00000000,0.00000000,0.00000000,0.00000000,0.00000000,0.00000000,0.00000000,0.00000000,0.00000000,0.00000000,0.00000000,0.00000000,0.00000000,0.00000000,0.00000000,0.00000000,0.00000000,0.00000000
rsb45	0.03333333,0.00000000,0.00000000,0.00000000,0.00000000,0.00000000,0.01666667,0.01666667,0.01666667,0.08333333,0.08333333,0.00000000,0.06666667,0.01666667,0.00000000,0.08333333,0.05000000,0.01666667,0.01666667,0.00000000,0.00000000,0.00000000,0.00000000,0.00000000,0.00000000,0.01666667,0.01666667,0.00000000,0.01666667,0.10000000,0.10000000,0.00000000,0.08333333,0.01666667,0.00000000,0.01666667,0.01666667,0.00000000,0.00000000,0.00000000,0.00000000,0.00000000,0.03333333,0.05000000,0.01666667,0.00000000,0.01666667,0.00000000,0.00000000,0.00000000
drr38	0.00000000,0.00000000,0.00000000,0.00000000,0.00000000,0.00000000,0.28571429,0.14285714,0.00000000,0.00000000,0.00000000,0.00000000,0.00000000,0.00000000,0.00000000,0.00000000,0.00000000,0.00000000,0.00000000,0.14285714,0.00000000,0.00000000,0.00000000,0.00000000,0.00000000,0.28571429,0.14285714,0.00000000,0.00000000,0.00000000,0.00000000,0.00000000,0.00000000,0.00000000,0.00000000,0.00000000,0.00000000,0.00000000,0.00000000,0.00000000,0.00000000,0.00000000,0.00000000,0.00000000,0.00000000,0.00000000,0.00000000,0.00000000,0.00000000,0.00000000
