cluster 0 low performance: 
0.001323186875,0.003531184375,0.033262481249999996,0.02816415,0.015157631250000001,0.03341204437499999,0.028107345625,0.0412203975,0.02036197125,0.02376599375,0.020609950000000002,0.014473335625000002,0.004940335625,0.0032837275,0.001529575,5.729425000000001E-4,0.008280065625,0.0070250074999999995,9.588643749999999E-4,0.06447781875,0.05191229124999999,0.007984061875000002,0.044339855,0.017690945624999996,0.044261964999999986,0.03618016125,0.054538119375,0.04486545125,0.027987671250000002,0.032223175625
0.0021361092060938696,0.0064634091998901485,0.013254752246278916,0.01209984821336925,0.009840389773436235,0.011922372686639374,0.013889907810485986,0.04037249007060168,0.0135295331014377,0.01757365002280825,0.018477719108879822,0.011920120699580275,0.00889584047622256,0.004551006252317311,0.004972323085698978,0.001526907672190349,0.007692091801621624,0.007816804558787515,0.0015491162926607896,0.02290403927253004,0.020004018155854612,0.009461907191457373,0.030671643766204886,0.01313193725884626,0.016688015189366814,0.018572082047877962,0.041436924162958744,0.03447049344641205,0.013844683012384609,0.01986913747275532

cluster 1 low performance: 
0.013665626363636363,0.025315531818181823,0.01515476090909091,0.006616288181818183,0.012277964545454545,0.01402734727272727,0.0043461154545454544,0.01213093090909091,0.00978198181818182,0.007226813636363636,0.11093285272727274,0.049142748181818185,0.0541097109090909,0.020673157272727272,0.029614234545454546,0.009541480909090908,0.04326573636363637,0.023241114545454546,0.015073316363636362,0.03969305181818182,0.013941126363636364,0.021144739090909092,0.030752929090909088,0.013128947272727275,0.015779753636363636,0.005438628181818181,0.018129238181818184,0.006523480909090909,0.014772203636363638,0.010543161818181818
0.007888513270854105,0.012214228679435396,0.008755358323037959,0.006934003111181118,0.008538332844600779,0.008413217962846635,0.0053927983330083395,0.007994016999847111,0.005950369435118856,0.005548699978630987,0.047367301976468205,0.01363353201835948,0.04854848644091211,0.01368600609980474,0.03643561567431899,0.01022159101447026,0.021879272414278846,0.019337628915579153,0.00862100685847,0.018594971021403426,0.014071598992511813,0.008182694078725433,0.015377291684920838,0.009306684630558532,0.008467123170669945,0.00564011155896409,0.014464059845142698,0.00795543383964748,0.007545836520168857,0.009714652312680544

cluster 0 hi performance: 
0.008284299375,0.008676995625,0.03544644,0.03287550375,0.024396064375000002,0.039434305625,0.035658594375,0.034679555625000004,0.0168370525,0.01782897625,0.02007617875,0.016060204375,0.00348365,0.0024243275,0.001059321875,0.001059321875,0.01291101875,0.011673236875,5.323256249999999E-4,0.072576618125,0.06742400625000002,0.0043593881249999996,0.04027711875,0.022663555625,0.047401608124999994,0.043054931250000004,0.041547682499999995,0.039585911875,0.021495595,0.022160179375
0.011139920670451647,0.016285968231292684,0.024333515266873433,0.025013492812352267,0.012550777476576883,0.021210058010101885,0.018849237745132752,0.02893836789505219,0.01485021996630374,0.016149191460343253,0.019572716773738855,0.013799214104846682,0.00848567030919847,0.004939756638317949,0.004102735980148213,0.004102735980148213,0.018439305401908402,0.017630156350665793,0.0015035149921682222,0.029257128601509717,0.03006893645358609,0.007609747801884781,0.021401983668281742,0.018316850093879736,0.02470889779692055,0.021914065947857237,0.028602371940102164,0.02882636150331525,0.016668165915609913,0.020745869496916872

cluster 1 hi performance: 
0.022425826153846154,0.028824830769230772,0.014903396153846154,0.007545282307692308,0.008680124615384616,0.014659444615384615,0.007591476153846153,0.01439835307692308,0.009828330769230769,0.006235520769230771,0.11881789923076921,0.06149914076923076,0.05276232076923078,0.027325765384615383,0.02398966923076923,0.011585323076923077,0.04216620923076923,0.021530123076923077,0.015900946923076923,0.03494157923076923,0.013103485384615384,0.019367146923076926,0.01905926384615385,0.008616466923076922,0.017660259230769235,0.008264702307692308,0.019004503076923078,0.00805546076923077,0.012046274615384616,0.009480372307692306
0.011723121085218757,0.016681321086807272,0.01356906997421967,0.010834774278517194,0.006838053752242908,0.011251873747667791,0.0107617701672559,0.013520021417988488,0.007922291095112537,0.0046601341125195785,0.029248425355241962,0.013970351498339655,0.02495362428353459,0.01062411993267324,0.018073384666824507,0.0070144767396318804,0.018763870899107988,0.010312436482071528,0.014862999366117388,0.017785603439943506,0.013614503563845555,0.007348269756684626,0.01261823883432326,0.0058526297535991135,0.011611788359248386,0.01103091364211795,0.014627853295530934,0.011321223853618043,0.008049749604049916,0.005486067782990983

