cluster 0 low performance: 
0.0027025693333333333,0.006172209999999999,0.03160322733333334,0.023605684000000002,0.014897506000000001,0.030321148000000003,0.02567854933333334,0.04045766066666667,0.01773782666666667,0.030244784,0.02528615266666667,0.018266965333333333,0.0057129806666666675,0.003274791333333333,0.0018552600000000003,6.111386666666668E-4,0.012427850666666669,0.009226816,0.0017538426666666668,0.05513414466666666,0.04268734266666666,0.010188116,0.034099305333333337,0.011706584666666667,0.04084129933333333,0.03357027733333333,0.058070133333333336,0.047294568666666675,0.023992169333333334,0.042761126
0.004955016706448078,0.009841678400251994,0.017036077922695885,0.01704742066205552,0.010165626129414624,0.009842677239190701,0.011855856769582684,0.026492962534159763,0.013598688799226032,0.022217481842318917,0.021783297556055025,0.01558219878387466,0.010412812966964285,0.00535866790862663,0.005116303498055343,0.0015695648083629919,0.012486267511347265,0.01091057716978639,0.0028934769751528277,0.02143256112352538,0.023722747436161904,0.015595831390314443,0.022281289503854686,0.010443689898591632,0.01714518142482156,0.020033512838593726,0.02314320370842253,0.024167102296039238,0.014438454930236579,0.029025090700305668

cluster 1 low performance: 
0.019076875454545453,0.03392559363636364,0.009597199090909092,0.004815081818181819,0.007029481818181819,0.010434646363636365,0.004431281818181819,0.021437321818181816,0.010224640909090909,0.008101973636363637,0.10426098272727273,0.054922979999999996,0.04208025818181818,0.02241547090909091,0.01668339909090909,0.008972810909090911,0.05393801,0.029179327272727273,0.01887804,0.03173580636363636,0.009029635454545454,0.018839759999999997,0.022005468181818182,0.008874295454545454,0.014100118181818182,0.005761169090909091,0.027706660909090908,0.01157243818181818,0.013588071818181814,0.010830935454545455
0.00923328907899845,0.01574274418200696,0.005583946132571733,0.006323770225727426,0.007157499591818893,0.00782371685101057,0.00504728875783248,0.018648492743695653,0.0077917372650326945,0.005845854962669583,0.031091528927673615,0.016966570444414297,0.021734279407848212,0.011869989544160558,0.013127660703383285,0.007258925667608314,0.024115158584582512,0.017701534365554095,0.014762849436877938,0.012658634486824524,0.006435247527139268,0.008503520551925431,0.017058454593359973,0.00814477079538027,0.008084079393088636,0.0054001002322877035,0.020585610845481564,0.012821253789256493,0.008596502822443997,0.0068325061917816

cluster 0 hi performance: 
0.007277317647058823,0.00642520294117647,0.038801497647058814,0.035857836470588225,0.026022086470588235,0.0315460405882353,0.02939934823529412,0.03704398235294117,0.017976505882352944,0.015312362352941178,0.018656847647058824,0.01542635705882353,0.0027033129411764708,0.0017063035294117648,9.970088235294117E-4,9.970088235294117E-4,0.01120804647058824,0.008639559411764705,0.002242595294117647,0.07997066823529411,0.07455171352941174,0.003922697058823529,0.04800485470588235,0.027253217058823526,0.038101019411764706,0.03399079470588235,0.04274429411764706,0.038931778823529425,0.023535280588235293,0.01844754294117647
0.009109775826728849,0.010129680771365586,0.020279496567078177,0.020054815375079298,0.01240091145957897,0.021619255599690444,0.020323972221896063,0.03476597978159574,0.013303370318596651,0.012366443740615893,0.021045539926940096,0.016399005185997163,0.00811244538878583,0.004417329863747131,0.0039880352941176495,0.0039880352941176495,0.013016930281618962,0.010355218636944523,0.007562849985002243,0.025424974465753675,0.027609968809821087,0.0072876238284568,0.024911545644287606,0.014751204222664738,0.023511616717340453,0.022072386886704265,0.037463268454782414,0.030166132801788495,0.014824423376888588,0.015251546765798879

cluster 1 hi performance: 
0.02471222846153846,0.029409849230769225,0.01626990846153846,0.007327613076923077,0.008752467692307692,0.022354716923076924,0.007890231538461539,0.013986976153846153,0.006446737692307692,0.006822202307692307,0.11375019692307692,0.06576374230769232,0.04332066153846154,0.02368861230769231,0.01790850923076923,0.008463847692307692,0.042318900000000007,0.027048993076923076,0.011954323076923077,0.03586870307692308,0.014395184615384617,0.018307233076923078,0.019972083076923077,0.009162762307692309,0.025348211538461538,0.008319303846153845,0.01924588692307692,0.0055106169230769225,0.009456186923076922,0.010161966153846154
0.017862314780374842,0.019185419429289148,0.011599733411340402,0.009303570949188841,0.005970208524046909,0.018110880790990467,0.011158453512494011,0.009833925145345293,0.004769858831694568,0.005588641148164392,0.027329396771353782,0.024208321566109692,0.023809587051974817,0.011339614412150376,0.013937475180764911,0.006452440649712628,0.01787893859628568,0.015822515902763564,0.00818074130765138,0.018456204886233285,0.013050577447670285,0.008526252127261819,0.01081728501026474,0.006289472126286977,0.017148587488744843,0.011012740759430583,0.012778716692573924,0.004736599560891408,0.00570687969968149,0.01086036378759339

