cluster 0 low performance: 
0.0043712446153846155,0.004319793076923077,0.03853952153846153,0.03324265692307692,0.026049056153846156,0.030937615384615386,0.027964925384615383,0.03735971,0.01863420615384615,0.012676650769230767,0.018406903846153847,0.013123558461538462,0.004359814615384616,0.0030560330769230765,0.0013037807692307692,0.0013037807692307692,0.006739427692307693,0.005979510769230769,6.108415384615385E-4,0.0784069876923077,0.06810678076923077,0.005988698461538462,0.05987974384615384,0.027819042307692308,0.03820712,0.03301167923076923,0.04440127692307693,0.039280740769230764,0.02417332230769231,0.016946029999999997
0.007243154951671071,0.0048701278231059325,0.013641362470139144,0.01590460164087323,0.013169994980181007,0.01637287013982,0.0158965743175777,0.03845374310696104,0.012421215412614723,0.010427584662401238,0.019921582651403494,0.011594945538119912,0.009180815931895594,0.005259472108772871,0.004516429068477853,0.004516429068477853,0.005791234038175754,0.006048633449638358,0.001141548723808319,0.022980121874905494,0.027552960959462573,0.008436721770115221,0.02822078147541427,0.015086671745176604,0.016457347835977514,0.015959118571725918,0.04112840144132489,0.03307362732563317,0.014214697392099896,0.01295382492370556

cluster 1 low performance: 
0.02180258538461538,0.029291646923076918,0.017665855384615386,0.007927869230769229,0.009865843076923076,0.022349322307692307,0.007164666923076921,0.01235714153846154,0.006392753846153846,0.005536443076923077,0.11830482230769232,0.06392645615384616,0.05037045307692308,0.023025819999999995,0.02542059,0.008508621538461537,0.04260361230769231,0.02743523846153846,0.011894184615384615,0.036139633846153846,0.015205836923076923,0.018617747692307694,0.018597804615384614,0.009772583846153846,0.024344593846153846,0.0075937392307692305,0.01519746307692308,0.004814973846153846,0.009352233846153846,0.007976245384615385
0.019052878138435838,0.01848560451665873,0.012542757180637765,0.009271205903105395,0.008269518792204373,0.01853394744923743,0.011412582053917094,0.009966063340093293,0.005083849201173243,0.004850046773971732,0.03781442224020011,0.025213446194613805,0.041899644334964944,0.0122816520388035,0.03210154509992795,0.00724177643997324,0.01725204082165851,0.019002924640096383,0.00958873259854632,0.021154177812593877,0.014394638615488,0.009376077449677781,0.009377880607744863,0.008721203401931091,0.018227113915769946,0.011297745029391048,0.01087123944352563,0.005206889153983387,0.006550899253123766,0.008866217957914199

cluster 0 hi performance: 
0.004986718125,0.011366011249999999,0.02927660125,0.022755154375,0.015102748125,0.036031495,0.030279333124999995,0.04407670000000001,0.016612856875000002,0.023471770625,0.0267792775,0.021000391249999997,0.004624575624999999,0.0037877400000000004,4.173725E-4,2.0764125E-4,0.0168363725,0.012938573749999998,0.001997393125,0.051788365625,0.041127793749999995,0.0092944375,0.030833194374999998,0.010746221249999998,0.044818567499999996,0.036549830625,0.05691912875,0.0491385075,0.019738876250000002,0.037374403125000004
0.008840861308588107,0.016726748264270792,0.023662229521836557,0.024372524735153358,0.011437699278203976,0.01702386584473104,0.016694727461172704,0.0295064820291631,0.011891749407290082,0.020320196914445882,0.022389256679158503,0.01674876793101207,0.007812984154876395,0.005990764512582055,0.0011042796616318486,8.041911032356908E-4,0.019159072446820555,0.017520548763067422,0.00351317927523582,0.023503971198953533,0.026110666831513724,0.014663152053672027,0.021889100779329356,0.011454586344330529,0.01923363938717966,0.0197186948182437,0.025303309413930396,0.029687429758808375,0.013838053309891477,0.03395583194095837

cluster 1 hi performance: 
0.02024178615384615,0.02811002384615385,0.013207296923076924,0.0067403184615384614,0.00682849076923077,0.0121385,0.0058861107692307684,0.01703383076923077,0.010316780769230769,0.007166925384615387,0.11745835846153846,0.05664233923076923,0.055237309230769235,0.02782679923076923,0.025404551538461537,0.011623008461538461,0.042122895384615396,0.022586056923076928,0.01451479153846154,0.034631435384615376,0.011377940769230769,0.020421587692307692,0.01700990769230769,0.008244972307692307,0.015399933076923077,0.006767855384615384,0.020717606923076927,0.008279536923076924,0.012720378461538461,0.010507319999999999
0.008024018531158654,0.015718954334461962,0.011766066113505844,0.008959683280687348,0.006190989955692386,0.009770239127367276,0.00754778015102399,0.01792391288086456,0.008015743543514333,0.0054081164854227915,0.03057426103677527,0.012924507242635812,0.02516281780258705,0.011707807714287512,0.016789713794707686,0.006445673742388821,0.020037927300591216,0.01524733100641924,0.01473133749354591,0.016818138820539345,0.012256191801979087,0.007151360621207422,0.012801858321864631,0.006246837499806361,0.010095515325401734,0.008243488689951804,0.01816241604473344,0.011406931926943763,0.008235022794216127,0.006548050954244677

