0.5871443039284152
0.4254415116301524
0.15139146534639625
0.2624711886472777
0.34004363640927315
0.22483804504506835
0.5054929338883176
0.5341083935937079
0.1627661162256216
0.2515368340524844
0.32469061803423616
0.5419320736624589
0.2850230574720771
0.2844984783417316
0.28063784400912956
0.5461441862384713
0.7415266022279585
0.4682959735241775
0.9000047864061839
0.5831591471182044
0.5388174473991126
0.4564670098359709
0.3164964938406047
0.8417152674106338
0.5635528589675276
0.6500330551494986
0.3739876721709069
0.4285710743711783
0.7653988695057191
0.5059651394057795
0.6528176967837069
0.4254415116301524
0.5461441862384713
0.46923874731263054
0.28607325268721884
0.7293239117749649
0.27174464620692396
0.4130131921036113
0.16837355801359305
0.17243218919453374
0.39340926945337185
0.6688148380878154
0.28367340658984724
0.5640529094527168
0.08201168338947207
0.6722031262004549
0.3515509607676729
0.15139146534639625
0.7415266022279585
0.46923874731263054
0.36455399033844804
0.15053202651534991
0.18529493968139857
0.2712150397494903
0.5419409730592878
0.6086502485038936
0.542135526233128
0.11035853732688013
0.2990496261744421
0.4152440634718654
0.3597571915644875
0.6199632911091544
0.2840294995417131
0.239880627018292
0.3711842439768295
0.2548747570547525
0.08269662613265018
0.3583990908414214
0.2624711886472777
0.1916057422990303
0.3479526917739377
0.4148159294017114
0.323842479784758
0.3412214348909267
0.37123580424403324
0.5486749993878804
0.7839776443933968
0.3477058387703039
0.8333796685355309
0.8309524266567949
0.679042598191299
0.4334296525549036
0.8436960512480576
0.3167637499108813
0.05942027189052624
0.5831591471182044
0.18176394689937914
0.19297037192204847
0.31992690487388725
0.3653959240318571
0.5163490319208524
0.16263486838882413
0.256346971272803
0.4990529456721463
0.42343600204249504
0.36202779950540515
0.20398376361488504
0.5388174473991126
0.1916057422990303
0.3653959240318571
0.42113720839328994
0.11772058450394907
0.17158467987045617
0.38209108787994184
0.3343416243793114
0.30392491535158994
0.340447318165006
0.47471993028915316
0.1658531282446814
0.7839776443933968
0.48448759370473726
0.3606666755494881
0.7781208723227349
0.3828490691757932
0.34561130801698015
0.11498261069683605
0.6516907547435075
0.2631931610265137
0.6847939398902574
0.4130131921036113
0.3477058387703039
0.48448759370473726
0.5425709176063277
0.06999126054691521
0.23925296726277656
0.31916483734490886
0.532226181280487
0.16837355801359305
0.6325395362704047
0.3479526917739377
0.8333796685355309
0.16263486838882413
0.8539492124119372
0.19727527354453184
0.7240260907886331
0.1446797554621263
0.5054929338883176
0.7960164359525852
0.19865328381119163
0.30247528122277517
0.17578887092755996
0.7480511287774327
0.45159975338677766
0.206053582042961
0.6710780700786781
0.5341083935937079
0.5745641303910498
0.3153429333600709
0.4148159294017114
0.8309524266567949
0.256346971272803
0.1687087656726748
0.30360668977817196
0.23704209626544476
0.19056147456415368
0.7330883360953286
0.7742413813163499
0.408460226495477
0.07831646830835745
0.3424101551573398
0.25340700029358265
0.464903931566391
0.06999126054691521
0.5467566502534068
0.522877263786852
0.5680184384856011
0.37331440925348436
0.294779427328128
0.14393721997648484
0.48003432938124624
0.21242308455810702
0.5314931121112211
0.42343600204249504
0.17158467987045617
0.2499829184597572
0.3871591409769044
0.23665815981404037
0.5026926728118815
0.2639029455433682
0.20189992294236603
0.3241770676397109
0.4526064903045468
0.26186407510983734
0.5219558479382949
0.5419409730592878
0.798406853558166
0.8005710194450504
0.5015650691890637
0.8539492124119372
0.7908660473413021
0.42672573770223315
0.46772442689900096
0.7055295784585468
0.37144613530837134
0.8186032813680337
0.5562891502890436
0.28367340658984724
0.24541865237381272
0.3390520242553695
0.1329794498003873
0.09114142615653861
0.45159975338677766
0.48555945083971147
0.06881447952172988
0.17095711735612262
0.29084570005620713
0.42626697201456054
0.1575472983839565
0.35846482995447104
0.19116858394820163
0.27786188496175407
0.28390990765046553
0.3992020099669612
0.4334296525549036
0.36202779950540515
0.34561130801698015
0.1162386311884412
0.3711504152350311
0.3573057369417644
0.1638634248704171
0.2639029455433682
0.17095711735612262
0.27250772144369007
0.46975679488846056
0.3257559371440654
0.2731971453838143
0.24911959862992028
0.20763401858310926
0.15974971761616485
0.206053582042961
0.23704209626544476
0.37331440925348436
0.22068379128637197
0.16621695493653627
0.2525675747453061
0.3413756089480361
0.5419320736624589
0.28781376010843907
0.8436960512480576
0.11498261069683605
0.5960605006273862
0.13389356608082278
0.5541392797277505
0.9069486523273732
0.42626697201456054
0.46975679488846056
0.8446964211124205
0.45521871502035727
0.2850230574720771
0.5640529094527168
0.5184231118635694
0.4975025064531226
0.3167637499108813
0.6592653688952861
0.6516907547435075
0.09104239021240026
0.7240260907886331
0.09526387448844552
0.3258663413471809
0.1575472983839565
0.5372196159884997
0.45569768109168585
0.08201168338947207
0.542135526233128
0.16432532138768963
0.7944692825302688
0.1446797554621263
0.4862840948294994
0.8186032813680337
0.35846482995447104
0.7566259504664647
0.2749973967426906
0.8645488125255125
0.11035853732688013
0.6033908729761119
0.540758434875489
0.7536099028548486
0.30392491535158994
0.23925296726277656
0.7907488311390927
0.7742413813163499
0.4526064903045468
0.3257559371440654
0.6178067990946718
0.20950639199843157
0.7566259504664647
0.5398701823005718
0.2990496261744421
0.22639028808092165
0.2631931610265137
0.31916483734490886
0.408460226495477
0.294779427328128
0.20976512982927495
0.7013438957112244
0.29381334234682477
0.2525675747453061
0.43950418385099954
0.20803314079123472
0.3515509607676729
0.4152440634718654
0.3583990908414214
0.6356892121356852
0.40862445553601323
0.340447318165006
0.2626626121447867
0.4262208934986431
0.3870709560028208
0.331749178365547
0.26186407510983734
0.41278217290881225
0.27786188496175407
0.3413756089480361
0.39582655653673565
0.5398701823005718
