0.31407802019741654
0.4400855332406486
0.16899189708403498
0.28492845382434145
0.20358859895239878
0.4262417105905322
0.5011653839925538
0.4284859479390463
0.5558730035883792
0.4306081399028251
0.1360543242992956
0.3458984618946093
0.3313543218399825
0.5520858662245848
0.15202360319472935
0.665313129790313
0.6375448860135033
0.7643919887826107
0.3361849593641359
0.1367610023581196
0.08572029609868706
0.6883255361439037
0.42963423925303323
0.5404113805119322
0.31797714731267573
0.21389833983833917
0.4400855332406486
0.5131255313676336
0.40838095638464916
0.461838734300828
0.36789048296597804
0.4418098150660372
0.5785704201861133
0.5204953506096184
0.3298986035484299
0.485356429080849
0.6341348213701761
0.38279148776064253
0.39081825173043144
0.489379226173729
0.2445850007223443
0.4035241163380817
0.11887521239446855
0.2549503178758953
0.3792562735785076
0.28594964137043866
0.2518105623054252
0.16484847480959428
0.2754417474147175
0.45668897422206733
0.47587952094866665
0.431232775535279
0.23103324843181644
0.27819159486339107
0.48087321312375597
0.2112087570900985
0.34191936696670855
0.3310745836199832
0.5113279254225856
0.4039652252216195
0.23165019231937428
0.14896080555435837
0.22851729791664407
0.4944931362034749
0.30643958807581867
0.47481797667757636
0.34188139944378815
0.5131255313676336
0.2112087570900985
0.5574911085234253
0.5973649438878058
0.7409566653479345
0.09269226113038251
0.14687719192455795
0.6259167484391057
0.4734391057812294
0.20886727018814769
0.8128317080226413
0.30490961538571393
0.23477924067154868
0.45746055811790187
0.6902806922206077
0.7632564532953006
0.7844604215410791
0.4442732123241061
0.5149764779013195
0.24630990871472233
0.4231883540203041
0.5803128237584967
0.748729813584351
0.5908211000340722
0.3955505488864234
0.903634728353613
0.47487593026257763
0.6989344755533982
0.2925238463499335
0.20358859895239878
0.4938185326130715
0.40838095638464916
0.5632026219594626
0.28393059656730496
0.13055607399760333
0.05531493563976352
0.10891058451849536
0.16270069835269735
0.5237285763884122
0.26000914802372155
0.511408310331192
0.4652917986459104
0.5673739339314929
0.6312392811699818
0.7201979538992781
0.1708416594665348
0.32554387696776854
0.3204374712334539
0.15998956131681874
0.5820606532742443
0.32470870016694053
0.2520872259852258
0.12635910844589132
0.7064471239320718
0.2402417159543454
0.3341579569853914
0.5780804573449633
0.6119101984916416
0.6375448860135033
0.5574911085234253
0.6902806922206077
0.1708416594665348
0.15301159711962214
0.19839070814611043
0.5600332081286445
0.19048067885958786
0.2158346899237482
0.11012734595673207
0.17801453061648898
0.5045275769844744
0.6291683984834008
0.4262417105905322
0.4039652252216195
0.7632564532953006
0.28393059656730496
0.38844599314011996
0.47325430940463437
0.28618291652690464
0.24335455146266466
0.6167819848287013
0.4279016523008867
0.7643919887826107
0.5733481209928553
0.2025100623404486
0.10678641597798419
0.38844599314011996
0.3824986231368588
0.6630638923842702
0.6422891779807405
0.31363736087678734
0.7995189516480344
0.2468506517260891
0.7267853776401306
0.6420282434888408
0.6907200983323666
0.3361849593641359
0.12651397423300265
0.4442732123241061
0.19839070814611043
0.28036693955212355
0.3824986231368588
0.17462498726758033
0.3462917018986007
0.374606725957863
0.40438577892234706
0.30721682953267915
0.16631445808515954
0.33036564223827175
0.3644599740683685
0.39881093629827913
0.4228722265188216
0.26290710936213973
0.05531493563976352
0.15998956131681874
0.13458657977351862
0.21716656254152383
0.309856134471386
0.1896669334137263
0.5208031697013662
0.1393559551796485
0.22110689410837314
0.47367015724490397
0.319008079465287
0.42982817466758433
0.1379456418966774
0.14815801130943768
0.3894070538392893
0.1367610023581196
0.4418098150660372
0.14896080555435837
0.09269226113038251
0.475435812884446
0.5722963933151091
0.12188670351315681
0.5230467061351969
0.47723178077627765
0.20322513881612647
0.3066525343314092
0.28230388702258996
0.30062345856762007
0.08572029609868706
0.22851729791664407
0.14687719192455795
0.24630990871472233
0.42946576222162436
0.5600332081286445
0.30495335566615134
0.309856134471386
0.12188670351315681
0.6616967087998725
0.6204187067024327
0.34586713105799144
0.828818285493739
0.35910639528600685
0.5879394754839405
0.18526184213447686
0.7357519801667458
0.5204953506096184
0.4944931362034749
0.6813067595403041
0.7865360228251366
0.10891058451849536
0.19048067885958786
0.16381581067842504
0.1896669334137263
0.5230467061351969
0.6616967087998725
0.2993487816158495
0.3061005825230157
0.252180375448271
0.34386369612632384
0.22783721534982754
0.3298986035484299
0.14810064856103194
0.3033733561280332
0.32470870016694053
0.2158346899237482
0.28618291652690464
0.09971584125785074
0.1303214098165449
0.2973431868155514
0.2993487816158495
0.29597711446476715
0.17596054675206269
0.3742272459001713
0.3245746001271386
0.20240432148612042
0.2871767074756649
0.5434834032162386
0.29612446264622655
0.559227825004285
0.655054070415968
0.42432103699126167
0.4030821535715479
0.3853575211571263
0.5345930956715418
0.6204187067024327
0.6080337594414131
0.39256810899093453
0.5817905050525636
0.5178673237723871
0.6425996693466772
0.28173424437042344
0.6701991736429447
0.6197749538365301
0.2962807480540781
0.6883255361439037
0.4855741257696802
0.2518105623054252
0.6259167484391057
0.11327692740901157
0.06201753635870286
0.10383069302352185
0.29597711446476715
0.5817905050525636
0.2510480586179538
0.6789888178318493
0.6271258824412177
0.07376625959433522
0.6253482588555755
0.42963423925303323
0.16484847480959428
0.30643958807581867
0.5097333645825988
0.2520872259852258
0.223225502202949
0.37191001670126334
0.17462498726758033
0.20322513881612647
0.34586713105799144
0.3061005825230157
0.2589581777372975
0.3908601157257479
0.4709641475483462
0.4997668428136804
0.20931781428099644
0.26516776564994426
0.5404113805119322
0.2754417474147175
0.4734391057812294
0.12635910844589132
0.21983672783130714
0.43213722558344814
0.3462917018986007
0.22110689410837314
0.48083744170712694
0.35851561605633364
0.6425996693466772
0.1519714423444603
0.2589581777372975
0.3975508158440327
0.1617886329247294
0.37989411110375026
0.4010560525530979
0.7995189516480344
0.374606725957863
0.2493310559858512
0.44725844319947594
0.3367337614358234
0.52460405265467
0.8916863917108511
0.6130758976792821
0.26000914802372155
0.2402417159543454
0.2683484458960136
0.319008079465287
0.6865745033399862
0.828818285493739
0.13833291637270645
0.4539009886195301
0.4709641475483462
0.3975508158440327
0.8226475763745278
0.5333739578660743
0.2007452913901765
0.7453586897190687
0.33706733307245873
0.47487593026257763
0.511408310331192
0.6955553275186354
0.44833793880985723
0.4208207786035859
0.7267853776401306
0.42982817466758433
0.3066525343314092
0.35910639528600685
0.3245746001271386
0.3367337614358234
0.37478266811421557
0.5287618470078876
0.2914451287011
0.3882934131953306
0.2791498642421273
0.34386369612632384
0.4996098133174416
0.3016892334481412
0.20931781428099644
0.3077411526109852
0.3282828251236673
0.6606973062045587
0.5427920798869634
0.23103324843181644
0.4470800911344748
0.17801453061648898
0.32194690589392494
0.14815801130943768
0.2871767074756649
0.26516776564994426
0.7037614635106215
0.22762293701749847
0.2753858314407346
0.3067681538152166
0.16665471997537518
0.3485282887069674
0.5780804573449633
0.637825642104712
0.6420282434888408
0.33036564223827175
0.33794238621742806
0.3321075128073162
0.6538322192019382
0.5670993464385709
0.2944818607725822
0.2419214667032626
0.37478266811421557
0.5756296250628443
0.46906429844497066
0.21389833983833917
0.6269414815939996
0.3351474939703556
0.2300318502603667
0.23477924067154868
0.4652917986459104
0.6907200983323666
0.28230388702258996
0.279937333127527
0.6456695081955073
0.40809263831260045
0.6197749538365301
0.5287618470078876
0.3282828251236673
0.46906429844497066
