0.541745356245508
0.2510051336568315
0.3803694176762098
0.4755273163964966
0.6036941403450796
0.15433965420485862
0.34723606287881315
0.1872374598078004
0.3296211092807819
0.27549414522786697
0.6105132156255972
0.1434869963939582
0.43373196635948635
0.5633741295978674
0.1911307903473167
0.1715246399886668
0.42692767769252377
0.28237127653312943
0.3440099157088372
0.4156455843266966
0.7721436170525573
0.6450856466408159
0.357921505451552
0.4393958019288239
0.26978117164202575
0.7368171287819556
0.3277593167206445
0.47605512123603627
0.4703116218169979
0.3118335440740675
0.5425640754600173
0.25153342907722964
0.18209317553149107
0.32479826770479414
0.4666669784262166
0.12501323520938357
0.08361445377056537
0.2478350575453622
0.20623108553298664
0.5056427438274208
0.19705878576802585
0.6323320735548599
0.22936108674277583
0.7077375268885813
0.11100368624785478
0.16805735351847984
0.11382300308941859
0.29853431361934335
0.10305068699468814
0.2929733143634875
0.6688427144161664
0.12243799310938094
0.6547896889140881
0.25794879552866323
0.6973825745328557
0.2707296954472547
0.5261173376725986
0.2531588752371644
0.18920113235913438
0.28362695201242294
0.2874626276677374
0.4062842458575384
0.5872412566996132
0.2827238678819822
0.18520610701427384
0.13024539442796457
0.7419524263612249
0.4370299070492759
0.22633189442830942
0.37801237323736153
0.4567348633899402
0.6903021057750944
0.2125816290734931
0.389284254083874
0.2813904887566115
0.2567356406803235
0.2785541308854578
0.3741527452087118
0.5324703342154169
0.3351958946009872
0.45556946611244864
0.31399258975348665
0.5893069471129952
0.425490303168109
0.26585559617813787
0.2549124232284952
0.25642205465339407
0.19068256543745277
0.40744373437414283
0.37351340006819084
0.8579704668842949
0.7102453654551588
0.6902286377556666
0.8695537726008422
0.35140605188972956
0.30819434061991074
0.5496111918377447
0.7918549253160024
0.7871309083639816
0.20389976787948388
0.27984322973415665
0.8537794156970513
0.5300066646348082
0.7737805165438054
0.32182292164565596
0.3688932590162599
0.4897235048013139
0.5705577628751444
0.6364106558323268
0.2751589355690102
0.3931104962942832
0.3914199982154515
0.3780528238888751
0.1403847990257426
0.21071112663427302
0.27591755600965095
0.3535070800595682
0.254640827222647
0.1889912247997244
0.46601030900598606
0.18300461838672966
0.22221703440969603
0.5076221392556399
0.2775759992146154
0.10625450639264869
0.4586509241351263
0.29507650139642794
0.26195333444286034
0.31453890460964834
0.12457230736394204
0.646962099945171
0.23685037477537152
0.4530463772710567
0.3061308252751789
0.23864680609193306
0.33893808976470374
0.2922472678743766
0.4249680513932576
0.21310488221180363
0.4143933830912361
0.143556423886187
0.18682308312747503
0.4812069700200272
0.119376971083195
0.14929173989638225
0.24443071933494795
0.5718805546585617
0.2634900084642666
0.13151248732131363
0.5148901331392675
0.589236010728502
0.18738401160997487
0.5113324967798933
0.39365737620803454
0.3525977970147479
0.2426011810005581
0.353755924221404
0.5183219813450046
0.6353743887921999
0.6905036487261784
0.2053969819380103
0.7196014127205008
0.32968460725618737
0.5310427687802765
0.3189127301365775
0.20131596059458956
0.4098235402893632
0.3861298705614676
0.5384225806360217
0.6982340966319402
0.18484339289952817
0.6931356168069289
0.6285344976617455
0.2876365140749675
0.4424211399183372
0.3173237826406553
0.2627693197909551
0.5076530403281685
0.527232357394183
0.6496979992379568
0.3844829035407699
0.23734978670252768
0.167414285643753
0.7276195369438034
0.3556379254612517
0.6713152312640555
0.4532736249385745
0.5209464128046839
0.1339793984382748
0.20861647323506644
0.08234691951837349
0.09984338058001663
0.21181688744133415
0.0691278232397049
0.1738382181474673
0.4662021128024316
0.5392465127512197
0.19228912222211259
0.2784746853361092
0.3458628833587526
0.5093298899449707
0.30667542649123525
0.38667925907875705
0.43292222824480586
0.19184885145407227
0.23170400204043212
0.508569629292652
0.2323315290760321
0.30191761718204635
0.5307482164341899
0.44218035515271387
0.11151173135767635
0.31258515441882456
0.2988884483159251
0.498018973604336
0.9022537069607997
0.5843680261394484
0.7434414175384021
0.5310753826565822
0.5039213821010378
0.6901817829555454
0.5935115904902715
0.4650182662886329
0.5055731018561315
0.4244687844014349
0.5988989965949711
0.6513545644005818
0.4990909850528798
0.5681771493072176
0.8006294396266078
0.19567030604158525
0.3975128371790903
0.11095134442491526
0.36405657217927534
0.511069995989806
0.034718799781400314
0.13395514308001294
0.14129606205048767
0.20822339011678076
0.10766533760436142
0.2302551924351475
0.148000682301844
0.15545616951573227
0.1844001664464051
0.2840729961403631
0.36660227867103035
0.3829659498278424
0.5030048949871989
0.4049708529105754
0.3813919567442864
0.2319047129097096
0.17676769316768862
0.24839021186564095
0.30317640460746104
0.3858343189561883
0.21047965654656653
0.22430932856807528
0.16998094308110195
0.2986464206696925
0.3737702675082248
0.46712201842898626
0.2930155864931798
0.2250419295735611
0.3995201100707392
0.2529524419861361
0.20820972369332405
0.2720255343798932
0.2096024493456423
0.4812364164456109
0.5183752045516032
0.23457797554647952
0.2696742046338388
0.21317165299393792
0.1909909645159835
0.32879788201182575
0.7167979606293691
0.14402309748723546
0.4335033026862807
0.3520252532635354
0.6021683465684375
0.23753472356706978
0.12640375054900901
0.19833101515163565
0.6512348296653137
0.6493215751196628
0.7328624725717623
0.3765732180291884
0.737140216619226
0.6780448905191978
0.3740474414315267
0.5205301421189711
0.31708089616069923
0.40976222560856873
0.30088668723905115
0.27011730355017616
0.4082785331044885
0.785525436108675
0.4794736830001275
0.24712788236580585
0.26108985956173836
0.5299864672285914
0.6891576932051403
0.0884387451655971
0.2947072983955542
0.12242107852218695
0.3211670204852745
0.15536250369902752
0.6718548491375753
0.5107369011054124
0.28511393295323884
0.28061627201054296
0.2639083093843737
0.4154437388140212
0.6499308613328927
0.6287031931461207
0.10656887079565036
0.6625563974983701
0.3073057167338834
0.591339152228002
0.3465717502012744
0.8285551125722712
0.35837974042032633
0.8533151264230854
0.6616862796490487
0.7994099286742966
0.8670232748698667
0.25124655537412965
0.44734248556140777
0.29229875142980055
0.45211150087829655
0.09475913418908313
0.18389743791138013
0.7929814678593063
0.763025376647978
0.18920186089329427
0.27301212349928683
0.18821481989085864
0.42277201011907606
0.2442419788792151
0.37535485052900974
0.4124029018707887
0.47406027388583305
0.17016323886828116
0.21126189133007806
0.19206051344275882
0.3338830471216153
0.36080327694122705
0.17536353440464006
0.33972582533187756
0.29740316417843293
0.3510851808617096
0.38452676896867216
0.490674145779262
0.47849798366106044
0.4591663149908347
0.44090216041452523
0.2983269235044838
0.2775614463227221
0.42672640176760845
0.303856119262244
0.5884672322725459
0.3300898829450487
0.41597057982361885
0.48411135838033914
