cluster 0 low performance: 
0.006129380714285715,0.006129380714285715,0.006241615,0.042785852857142856,0.036274482142857147,0.02842521214285714,0.03522979071428571,0.031743141428571424,0.03788733857142857,0.01908729357142857,0.013796402857142858,0.018489347142857143,0.017446061428571434,0.008655885714285716,0.007320087142857143,9.153328571428572E-4,9.153328571428572E-4,0.0017291921428571426,0.055069015000000006,0.04677031285714285,0.005238070714285714,0.005070003571428572,0.03846390214285713,0.02929724357142857,0.03282260357142857,0.03925530857142857,0.03409855785714285,0.039066975000000004,0.022079274285714278,0.015099337142857145
0.009072405730662045,0.009072405730662045,0.007777016997127543,0.013702930848877042,0.015632229380674757,0.013739702203667287,0.018006807736429042,0.017050618598610543,0.03702827886304039,0.0133516468537917,0.010587793287413192,0.01701140976285808,0.015963665509133484,0.007821725300915497,0.0070257080296024545,0.0014756108211925016,0.0014756108211925016,0.00282786151881134,0.016097887497789776,0.017679369869673535,0.0073265773398082925,0.007255551032688801,0.017315978280504053,0.016791104540472616,0.017746228802274184,0.017768856318643125,0.016197236730607203,0.03652706921260485,0.015046951061410945,0.011800330582510588

cluster 1 low performance: 
0.028057923333333335,0.027379635833333336,0.03777357583333333,0.019290743333333336,0.006841493333333333,0.0111919175,0.023577702500000002,0.005113924166666666,0.01527465416666667,0.008806425833333334,0.00669685,0.09258847333333331,0.08494854833333332,0.054403300833333335,0.0306944225,0.0185727925,0.016548604166666665,0.012102893333333335,0.03174097583333333,0.011234461666666666,0.01913727833333333,0.016650484166666663,0.016891663333333334,0.012161329166666667,0.018298189166666666,0.02442640583333333,0.005284339999999999,0.017725063333333336,0.010293084166666668,0.007187544166666667
0.020527120933172507,0.020306105578542736,0.019566003524167652,0.011145249855117152,0.007293401387721797,0.00754279105685038,0.017185583398837585,0.007458181130850491,0.011457261442369537,0.006163224756138162,0.005957571901051635,0.024226977692252953,0.020923093356012487,0.019936606896884625,0.01804210375304024,0.016789515322212317,0.014734853335205762,0.008756976435930321,0.014430289240048435,0.010255576683087134,0.007826703692437443,0.008460820021246422,0.009241802428368915,0.008818885646626466,0.008077347526504249,0.01700145134672207,0.007456200795474417,0.012466263777033955,0.005811406770975593,0.007001984808035336

cluster 0 hi performance: 
0.005379651333333333,0.0051161466666666666,0.008793548666666668,0.028605165999999998,0.025322058666666668,0.019568762000000003,0.03747899066666667,0.03172796533333334,0.047186225333333325,0.019481865333333334,0.027807351333333334,0.022379404,0.021200523333333336,0.013793187333333333,0.009998454666666667,0.0019146593333333334,0.0019146593333333334,0.009813833333333332,0.041962726,0.033803492,0.006701176,0.006049304,0.025590758666666668,0.014294815333333332,0.02158822933333333,0.04033891600000001,0.034340058666666666,0.04912734866666666,0.021188486666666666,0.028771476
0.009019990218961339,0.008883597925498178,0.016362624279365,0.02453012459288695,0.025881642733676925,0.01167607371982734,0.019703278483193424,0.019734237470108263,0.02899319250818943,0.012797112865546337,0.022136701685863343,0.018601440757780315,0.017465059145860218,0.018004252175184796,0.01699990164694485,0.0032403787732474864,0.0032403787732474864,0.009327832838055269,0.028653766851935495,0.02752874192727841,0.007698055572008472,0.006858303665477638,0.014438121967892209,0.013370179775501832,0.014773417208152607,0.022006900111419234,0.02125613020762587,0.02733794214619183,0.013730239260557537,0.022536236812802857

cluster 1 hi performance: 
0.025026422857142853,0.02465468857142857,0.038418975,0.02083527642857143,0.008267395714285714,0.006295780714285714,0.018927584285714286,0.010270340714285715,0.021935486428571425,0.012734365714285713,0.008378095,0.08130704714285712,0.0738378407142857,0.05327435642857142,0.029109345714285705,0.018178873571428573,0.01651822,0.019441817142857146,0.037288015714285715,0.012278970714285714,0.022026221428571434,0.020081513571428573,0.01357163357142857,0.008774827857142857,0.01540912357142857,0.02041460285714286,0.010892641428571428,0.02344407642857143,0.014420125714285715,0.009945329285714287
0.012077617746282009,0.011800623835274773,0.01711040916639749,0.01765116192216034,0.010419707664999679,0.005155857450976738,0.014646268296262711,0.012322018512441437,0.01964711216020258,0.010743469582770945,0.00630065393767952,0.02246902533168032,0.020390543613871766,0.02241135343832407,0.016921194619045798,0.01945926710945662,0.018099292161158836,0.016903437810629963,0.017723577185862465,0.012772072843846488,0.013659607179502355,0.013405214341480072,0.009720263787649716,0.006707801983788494,0.00792232193887049,0.014655979763823086,0.012353854243598784,0.019645563750615415,0.011326077365205682,0.0064507361717298425

