[0.04057096 0.02856896 0.03860641 0.03794794 0.03204696 0.00891386
 0.01448182 0.03500352 0.0291298  0.04225517 0.04209873 0.03278604
 0.03802357 0.0471666  0.03180159]
[0.03827187 0.03465126 0.03607621 0.03164134 0.0338251  0.03007665
 0.04732967 0.04451691 0.02791151 0.02064686 0.03444409 0.02088109
 0.01774784 0.02470488 0.03768762]
[0.02947833 0.043963   0.03598806 0.03090849 0.03798446 0.01942831
 0.04319684 0.01293134 0.02505019 0.01320669 0.0355265  0.05439922
 0.01951851 0.04140566 0.02614122]
[0.02379669 0.0358628  0.03103672 0.02981051 0.0276554  0.05244814
 0.02905799 0.02262105 0.02263178 0.02678848 0.03234659 0.03261068
 0.0400799  0.02345204 0.00996778]
[0.03051927 0.03370949 0.03495135 0.02747684 0.03333373 0.02790713
 0.02062332 0.01108227 0.03644717 0.04583795 0.02644575 0.01830223
 0.01225769 0.00849178 0.01695094]
[0.02526475 0.0340431  0.02457118 0.02972836 0.02960892 0.02122844
 0.02261137 0.03333706 0.0410508  0.02691066 0.01031445 0.01734069
 0.03711859 0.01171388 0.02997216]
