0.03820054	0.04485436	0.04599886	0.02559053	0.04647192	0.06345520	0.03756128	0.06345121	0.01785633	0.00134148	0.01692890	0.06249283	0.02094598	0.03518566	0.03594685
0.01710583	0.04149307	0.05541969	0.02198350	0.03313492	0.00007406	0.02623075	0.01992736	0.04280357	0.01198276	0.05735960	0.05073238	0.03711422	0.01828632	0.03946161
0.05589762	0.04368925	0.04013522	0.03119113	0.04876642	0.01389739	0.02352124	0.01122239	0.04713934	0.06563379	0.04774656	0.02497504	0.06011398	0.05817830	0.03312325
0.05083494	0.06958739	0.02648991	0.02315573	0.04571438	0.00956168	0.05635130	0.03575885	0.00778903	0.03147298	0.03338959	0.00348595	0.02229566	0.06523474	0.02982837
0.05164526	0.04745161	0.04478050	0.03257258	0.01870049	0.05569634	0.02674128	0.01061114	0.00638857	0.02365029	0.01118885	0.03295892	0.05578492	0.01469908	0.01290145
0.05301591	0.04173517	0.03836652	0.02354751	0.05231880	0.02297709	0.05439740	0.00658491	0.06820010	0.01198241	0.01190200	0.06862761	0.00269132	0.04434704	0.01315511
0.01221575	0.02940678	0.05698378	0.04548126	0.04809137	0.01187888	0.01286291	0.04259724	0.02767970	0.05306055	0.02764620	0.01865955	0.02882296	0.05614877	0.03293768
0.03851213	0.04712580	0.01771065	0.05336346	0.02528672	0.00107953	0.04748983	0.04316201	0.02575685	0.00696840	0.05106518	0.02438539	0.03440757	0.03901512	0.05774202
0.03986099	0.04962501	0.04104471	0.01929766	0.02328047	0.05033129	0.02498596	0.05200268	0.04731631	0.03994107	0.05158379	0.05865605	0.04304983	0.04576838	0.01185555
0.04331799	0.02449508	0.03419799	0.03987534	0.03747622	0.05092456	0.02585576	0.03433396	0.00955979	0.01326538	0.05690181	0.02964423	0.01218591	0.01076300	0.05184451
0.05422810	0.02513917	0.03360512	0.05448294	0.06918483	0.04115704	0.00042418	0.05388999	0.01559451	0.04056049	0.05113626	0.05283690	0.06402387	0.06187164	0.04538384
0.01370569	0.04577279	0.03298598	0.05506655	0.01396910	0.05981782	0.02879505	0.01549533	0.00301726	0.03787117	0.05729349	0.05864435	0.03751000	0.02789413	0.00542414
0.03906606	0.04446883	0.06441575	0.01772211	0.01771044	0.01763160	0.03990376	0.04578539	0.01169608	0.06276557	0.02299947	0.05500114	0.06455171	0.02361514	0.00181999
0.03475633	0.06206830	0.06331180	0.01672687	0.02662299	0.01601444	0.00897256	0.04468734	0.04598592	0.00264222	0.00000000	0.02928121	0.04689482	0.03068730	0.04893981
0.04887289	0.02459647	0.04646172	0.03766917	0.02107892	0.05928299	0.06465756	0.05821906	0.05146566	0.03486949	0.06575476	0.02489189	0.02951118	0.02760422	0.03370574
0.03915514	0.03036210	0.03587751	0.03256155	0.04766012	0.00779985	0.02975209	0.01432257	0.02222166	0.04171834	0.06389942	0.03316344	0.00438926	0.05061610	0.00731655
0.03069622	0.04418621	0.03558525	0.04926696	0.01373894	0.03567017	0.05411228	0.03114089	0.00009684	0.00246101	0.05036501	0.00173472	0.02212569	0.00662506	0.01499030
0.03875399	0.02922277	0.04816353	0.00831571	0.04195775	0.02367861	0.04729487	0.05432226	0.05693516	0.03644476	0.00082611	0.03785758	0.01723320	0.00659722	0.04932182
0.03478440	0.03188837	0.02664798	0.04008558	0.03967089	0.04043939	0.05794197	0.02867049	0.00846016	0.00000000	0.04741522	0.05184584	0.03318084	0.05961577	0.01756923
0.04021097	0.04021458	0.03735516	0.03274923	0.03222499	0.00496750	0.01987001	0.04264263	0.06412289	0.02156678	0.03840922	0.01456862	0.00000000	0.00920744	0.00477155
0.06176049	0.02961809	0.02191729	0.03602440	0.01905274	0.00000000	0.01991479	0.01459925	0.04441844	0.01971057	0.06749229	0.06355297	0.02931948	0.05002539	0.05074049
0.02781579	0.04530545	0.05418225	0.03196983	0.00927665	0.01141695	0.03766666	0.00879510	0.01345318	0.00000000	0.01901183	0.05551962	0.00861338	0.04782496	0.04394747
0.04073122	0.04189531	0.02825885	0.02408834	0.05795809	0.04019092	0.03875169	0.03685628	0.03915492	0.05482079	0.01720799	0.01322377	0.01474813	0.01834635	0.04344543
0.03685898	0.04303999	0.04742387	0.03448937	0.00330078	0.00000000	0.00574974	0.05784245	0.04032524	0.03059840	0.03375099	0.03102533	0.02582143	0.05455274	0.02359134
0.04125869	0.05302472	0.04845157	0.03048986	0.00149583	0.05790961	0.03293718	0.01506712	0.02711041	0.03886066	0.00000000	0.05501050	0.01873218	0.01107101	0.02100379
0.03709067	0.03845232	0.04790666	0.03550478	0.02598268	0.05348968	0.06076383	0.03916844	0.03340140	0.01464059	0.02747907	0.02078420	0.00705620	0.02916041	0.02977391
0.03411634	0.06002204	0.03711518	0.02415986	0.05089775	0.01720440	0.04246365	0.02078728	0.05733053	0.03016226	0.04753384	0.05327749	0.05158966	0.03646046	0.03028963
0.03468662	0.03762740	0.00496942	0.01082838	0.05724378	0.02437640	0.01289971	0.02991576	0.04942456	0.04047318	0.05117622	0.04737873	0.05856709	0.01589354	0.00000000
0.04949402	0.01116399	0.04747934	0.02972527	0.02310395	0.03136499	0.02598430	0.05920633	0.00284623	0.01114447	0.01255241	0.04861284	0.00040133	0.02152523	0.04067325
0.04005752	0.03861518	0.05546323	0.02036398	0.01012460	0.03504055	0.02293829	0.00599190	0.05249011	0.03939870	0.01947838	0.05316030	0.00000000	0.00444940	0.02406519
0.02719716	0.03086363	0.00261487	0.03030759	0.03311122	0.00000000	0.00394440	0.02382320	0.01303102	0.04566392	0.01181304	0.03961986	0.05661126	0.00662880	0.04385906
0.01534916	0.01748722	0.03198365	0.04480354	0.02463018	0.05900720	0.02214149	0.02039370	0.03542464	0.00000000	0.00771355	0.05417264	0.02839005	0.01253474	0.00000000
0.01888989	0.03780988	0.03301820	0.02301378	0.04499275	0.02016187	0.01179444	0.00128254	0.01809448	0.05337677	0.00274752	0.05953332	0.00000000	0.01240293	0.01257330
0.01503924	0.02343445	0.02624187	0.04070931	0.02725775	0.03519378	0.00000000	0.00000000	0.03627251	0.05496272	0.01528435	0.01109175	0.01228841	0.00612131	0.02858562
0.03235773	0.04816959	0.04497627	0.02279269	0.05037113	0.01593144	0.04466520	0.01074142	0.06060120	0.05384601	0.02037125	0.02537760	0.02417744	0.00000000	0.01989457
0.05387723	0.01202853	0.03164258	0.03665889	0.03114700	0.00000000	0.04464545	0.02752942	0.03686758	0.02709929	0.05222871	0.01398914	0.00000000	0.01488445	0.03928225
0.04260660	0.01450544	0.00582992	0.03233343	0.03744879	0.02148153	0.04846966	0.04125954	0.05017145	0.00000000	0.04724692	0.03402146	0.01164109	0.05592840	0.04340251
0.03706530	0.01845372	0.02300476	0.03119414	0.00579329	0.01536811	0.00216118	0.04903456	0.05002639	0.05595658	0.04908584	0.05137837	0.01606301	0.00233596	0.04923103
0.01517106	0.03195183	0.02299664	0.01418593	0.04849147	0.01561553	0.05892898	0.03937533	0.01865963	0.06036079	0.00703257	0.00705907	0.00701298	0.00333905	0.00571274
0.01521185	0.01188921	0.03842215	0.03336586	0.02534409	0.05977354	0.02223862	0.01435883	0.01032459	0.05931179	0.00000000	0.01252812	0.03626545	0.04370035	0.02013706
0.00912497	0.02019426	0.03483724	0.00841435	0.02610041	0.05634476	0.02558545	0.02686237	0.03239005	0.00000000	0.04092095	0.02248197	0.05065455	0.04789256	0.00895569
0.04341962	0.03897412	0.01302098	0.04135654	0.03442982	0.01747652	0.05924543	0.00000000	0.04349042	0.05227097	0.01267470	0.02554766	0.02422056	0.00000000	0.03133399
0.01922746	0.03942499	0.02456311	0.02879382	0.03660015	0.03326778	0.05745780	0.02848403	0.03939387	0.00000000	0.01174384	0.00000000	0.00094288	0.00896620	0.04926417
0.04124358	0.01072367	0.03258742	0.04114143	0.03236084	0.00000000	0.00073739	0.05281665	0.00053332	0.00036049	0.02881476	0.03979830	0.04860246	0.03876548	0.02265740
0.04515088	0.01140560	0.02024946	0.03522999	0.03808097	0.00000000	0.00000000	0.00389614	0.04215194	0.03316676	0.04085340	0.00000000	0.05795978	0.05735647	0.02357555
0.02968786	0.03189238	0.02333055	0.04078641	0.02312095	0.00000000	0.00531871	0.00000000	0.05048826	0.05320619	0.04356770	0.02362831	0.01138918	0.02380330	0.03452030
0.02829006	0.05455592	0.03274457	0.06159841	0.03058334	0.00221019	0.02388360	0.02965881	0.00000000	0.05760833	0.03515763	0.02411865	0.02897621	0.05487695	0.02631634
0.02494358	0.02443488	0.04576872	0.03276646	0.03908759	0.00423558	0.01952416	0.03388949	0.03206370	0.03755703	0.03290566	0.00944378	0.02658480	0.05504317	0.04817936
0.01939515	0.01101751	0.03620360	0.04113765	0.04625010	0.02201303	0.02779253	0.04415393	0.05597373	0.01548629	0.02023255	0.01455843	0.00019492	0.00189236	0.04490035
0.04191383	0.05167408	0.04237301	0.01266719	0.04862019	0.03174276	0.00432272	0.01334806	0.04827907	0.00890512	0.01244238	0.00230813	0.00970060	0.00478342	0.01396418
0.00838795	0.02190324	0.02022619	0.03787215	0.03138651	0.02255273	0.01300287	0.03804311	0.05871962	0.02043444	0.00000000	0.00000000	0.03759251	0.01975647	0.01653912
0.01879493	0.05835316	0.02555896	0.03836636	0.02851214	0.00000000	0.05530885	0.05924913	0.00000000	0.03943727	0.03050422	0.00299488	0.01906385	0.00743420	0.01724317
0.02020101	0.00562677	0.03939009	0.01372782	0.01993570	0.03903286	0.00977994	0.03017793	0.03110583	0.04890112	0.04936553	0.02532631	0.00693803	0.00444486	0.02053678
0.03368195	0.04740798	0.01350020	0.03320779	0.03187819	0.04396947	0.02127823	0.00000000	0.03506789	0.00364006	0.03309910	0.02666108	0.03852953	0.04039659	0.02147977
0.02805330	0.02196514	0.05980178	0.03662819	0.05465092	0.05582500	0.03100243	0.05206441	0.05415844	0.02740562	0.02184739	0.00000000	0.02118874	0.02932596	0.04360528
0.02349937	0.04866682	0.05107355	0.03310115	0.04185635	0.04054755	0.05652118	0.00000000	0.00000000	0.00000000	0.04932076	0.04988628	0.00047271	0.03228866	0.03308443
0.03292571	0.04595680	0.01041495	0.01975289	0.02733363	0.00621994	0.01952480	0.00558606	0.00246164	0.03108506	0.02348969	0.05847557	0.01496626	0.05458851	0.01821600
0.02124891	0.02769944	0.05529152	0.01322879	0.01208347	0.03203038	0.05725928	0.05249769	0.04860283	0.03642508	0.04858308	0.02633809	0.01525121	0.03115872	0.00793949
0.03283457	0.03535274	0.00779817	0.03140386	0.01302429	0.02924993	0.00128496	0.05870683	0.05919913	0.04491264	0.02101079	0.03938821	0.04247862	0.01104016	0.01833991
0.05154700	0.00609844	0.04716990	0.03944006	0.01693773	0.00170150	0.00982859	0.04549089	0.04483706	0.05062027	0.04579503	0.02226504	0.03907750	0.04977966	0.04854788
0.04841985	0.01772385	0.03190663	0.01759771	0.04773839	0.03262185	0.03748404	0.00000000	0.00013698	0.05352127	0.01462556	0.00807219	0.02199358	0.02066337	0.00000000
0.02185076	0.03859674	0.02655332	0.02341642	0.03568906	0.00321004	0.03304012	0.02761624	0.04977258	0.04957698	0.02490467	0.03526940	0.02569428	0.03191250	0.03335000
0.01373508	0.02233680	0.02811480	0.02754333	0.00969342	0.04811978	0.00456437	0.00197016	0.06193801	0.04686072	0.05017245	0.00028102	0.00296599	0.02598317	0.01078706
0.01321215	0.03904170	0.03249932	0.03585334	0.02526844	0.05630871	0.05457173	0.01498471	0.01747781	0.03748875	0.04452455	0.02057942	0.04400636	0.00000000	0.00993312
0.05030877	0.03951507	0.03235498	0.02533801	0.03581461	0.00000000	0.05163828	0.04008403	0.00043933	0.01320009	0.04092446	0.01052161	0.05271467	0.01222802	0.05268053
0.01629683	0.06074521	0.01996358	0.05247422	0.02800422	0.00444795	0.05599445	0.02603089	0.00992535	0.02944876	0.02081355	0.05164113	0.00215468	0.02113034	0.03954750
0.02404116	0.03563067	0.04419193	0.02334348	0.01256061	0.03927367	0.04660086	0.01933407	0.05280822	0.04983224	0.00000000	0.00275280	0.05044837	0.00623019	0.00373528
0.02574483	0.01985405	0.03070881	0.03110190	0.05936693	0.03152747	0.03803069	0.00000000	0.02281716	0.00419894	0.04289205	0.04958710	0.02488350	0.05810885	0.00000000
0.01471605	0.03913448	0.02515612	0.04807349	0.03560128	0.05988219	0.04655876	0.03811289	0.00000000	0.04022481	0.05160435	0.00000000	0.02483308	0.00000000	0.00221506
0.03772198	0.04218105	0.02004699	0.01461516	0.02991863	0.03909807	0.03463306	0.00000000	0.05401902	0.02827810	0.01054142	0.00000000	0.03541891	0.00000000	0.05808154
0.03154250	0.01811036	0.04840470	0.03379629	0.04048607	0.05456820	0.01987705	0.01068758	0.02869847	0.04320109	0.03255640	0.00792752	0.01388039	0.00000000	0.00599743
0.01786650	0.05156297	0.01430049	0.03312526	0.04954914	0.00600681	0.02341982	0.00804540	0.02236071	0.01102951	0.00134690	0.02059878	0.01848407	0.01258531	0.01109528
0.05709305	0.04435265	0.02286406	0.03100421	0.02772655	0.03547031	0.00488651	0.01001650	0.03232973	0.05416735	0.03408231	0.00457128	0.00000000	0.01217848	0.01097216
0.02378008	0.03151625	0.00523224	0.02115607	0.02189960	0.02413908	0.02479499	0.06149996	0.00259753	0.00000000	0.00000000	0.00566227	0.03790336	0.00811959	0.05085337
0.00310691	0.02169716	0.02380979	0.00575267	0.04835254	0.04596036	0.02996243	0.03364808	0.00763932	0.00000000	0.03905419	0.00225633	0.04463576	0.02157408	0.00570772
0.03008065	0.01378104	0.02980336	0.05390747	0.02568600	0.03195501	0.03123889	0.04079763	0.03709128	0.02816090	0.02360954	0.00361660	0.05658333	0.00000000	0.00000000
0.01004978	0.05475586	0.05481403	0.03985817	0.03479214	0.03266399	0.00567409	0.00000000	0.00000000	0.04302358	0.04387595	0.00608042	0.04929820	0.00000000	0.03054922
