cluster 0: 
0.01603549222222222,0.015808977777777778,0.015151515555555557,6.574622222222222E-4,0.10153257333333333,0.0923118088888889,0.09880519777777777,0.09714372666666665,0.08127714444444445,0.006443181111111111,0.052698096666666666,0.024876649999999997,0.02688338,0.014535726666666669,0.03213678555555556,0.002753897777777778,6.574622222222222E-4,0.0020964355555555553,0.11272683000000001,0.10923454888888888,0.006443181111111111,0.017267916666666668,0.011018574444444445,0.006289307777777777,0.0031446544444444446,0.0031446544444444446,0.0010482177777777777,0.034970883333333334,0.0018214933333333331,0.011084227777777778
0.021773702527483712,0.04266242308468602,0.042854957578347175,0.0018595839828292407,0.038955464286367945,0.03512872680776247,0.05683646087200379,0.0283514264338667,0.04043397506318915,0.009235444020714068,0.050339907770672584,0.023993050710363336,0.04229331765700923,0.01831804495523896,0.0439702083865057,0.0059884667937438575,0.0018595839828292407,0.00592961519061568,0.04123167864697079,0.04229082966148478,0.009235444020714068,0.02213136949996141,0.014749144118758675,0.017788848714543847,0.008894425928620327,0.008894425928620327,0.00296480759530784,0.04134197075937801,0.005151961151544353,0.019147533560036036

cluster 1: 
0.01278614,0.08377733,0.04229221777777778,0.03259523555555556,0.033674455555555566,0.011898701111111111,0.02451462,0.04146427,0.013861231111111113,0.018784831111111108,0.01963725222222222,0.014752083333333336,0.010880866666666668,0.006849017777777779,0.06675916111111112,0.054195745555555556,0.02191537777777778,0.02314929,0.01790682,0.016958,0.024158231111111112,0.010059992222222224,0.09376854222222224,0.11872250222222222,0.043572676666666664,0.06688347888888889,0.024684113333333334,0.010980304444444443,0.026898960000000003,0.01161854111111111
0.01087939310508531,0.03572864737641708,0.030678712502206107,0.015926602769049378,0.020838985878955132,0.020858411332840415,0.021181156665396408,0.022346705549508735,0.013203490676263896,0.014545973611934635,0.014595579557797458,0.0118662872046792,0.01509003623560335,0.009227556585786074,0.04749372658265544,0.01644510394336132,0.008252868099639028,0.01585474915812714,0.02852367142270589,0.015033704892077223,0.014745280036332865,0.010308755636883282,0.03332733358279716,0.06631258776960337,0.027541064196684756,0.045803682845728666,0.022582234590708197,0.011612037053862217,0.01930295150839834,0.013385846395319069

cluster 2: 
0.065591091,0.029218800999999996,0.022961438999999997,0.005169945,0.026533348000000002,0.019863111,0.024261505,0.097683334,0.07559632399999999,0.014766269000000002,0.05613007299999999,0.077474959,0.05258175100000001,0.03339703,0.026923246999999994,0.00939459,0.0064910490000000005,0.0029035400000000005,0.021392695,0.08484856900000001,0.017653053,0.034102606,0.048660624,0.013626608000000002,0.009243413,0.003997095000000001,0.003997095000000001,0.071072234,0.012322346000000001,0.032142255999999994
0.03382811865359362,0.022698916128836833,0.019331920276722873,0.009048044721703414,0.01400468386884888,0.012834263208082846,0.01565401266559105,0.029403409452295564,0.028781855827145406,0.013007172692834865,0.01563474665791873,0.04354059377304252,0.04450632790321,0.024432621856421796,0.02048209214375965,0.013450132405939355,0.013809881172646237,0.004922877797262491,0.012958461315340068,0.032911651965833455,0.0165185908135864,0.013106495024765545,0.03303553826284724,0.015262429240673189,0.010255717543200036,0.00533448594416791,0.00533448594416791,0.03773965326947353,0.017208132101435767,0.027912481324402244