0.05517241	0.03448276	0.00000000	0.00000000	0.00000000	0.00000000	0.02068966	0.00689655	0.00000000	0.04827586	0.00689655	0.02758621	0.02068966	0.00689655	0.00000000	0.13103448	0.07586207	0.04827586	0.03448276	0.00689655	0.01379310	0.00689655	0.00000000	0.00000000	0.00000000	0.02068966	0.00689655	0.01379310	0.00000000	0.05517241	0.00689655	0.02758621	0.02068966	0.00689655	0.00689655	0.06206897	0.04137931	0.02068966	0.01379310	0.00689655	0.00689655	0.01379310	0.00689655	0.00689655	0.03448276	0.01379310	0.01379310	0.01379310	0.02068966	0.01379310
0.00000000	0.00000000	0.00000000	0.00000000	0.00000000	0.00000000	0.11538462	0.07692308	0.07692308	0.03846154	0.03846154	0.00000000	0.00000000	0.00000000	0.00000000	0.03846154	0.03846154	0.00000000	0.00000000	0.03846154	0.00000000	0.00000000	0.00000000	0.00000000	0.00000000	0.15384615	0.11538462	0.00000000	0.07692308	0.11538462	0.07692308	0.00000000	0.00000000	0.00000000	0.00000000	0.00000000	0.00000000	0.00000000	0.00000000	0.00000000	0.00000000	0.00000000	0.00000000	0.00000000	0.00000000	0.00000000	0.00000000	0.00000000	0.00000000	0.00000000
0.01195219	0.01195219	0.01593625	0.00796813	0.00000000	0.00000000	0.01992032	0.00398406	0.04382470	0.01593625	0.00000000	0.01195219	0.02788845	0.01195219	0.00000000	0.03187251	0.01195219	0.01992032	0.01195219	0.03585657	0.05577689	0.02788845	0.00796813	0.00398406	0.00398406	0.07171315	0.01195219	0.01593625	0.09163347	0.03187251	0.00000000	0.01992032	0.05577689	0.01992032	0.00398406	0.04780876	0.03187251	0.00796813	0.00796813	0.00000000	0.00000000	0.03187251	0.03187251	0.04382470	0.03187251	0.00796813	0.01195219	0.00398406	0.02390438	0.00000000
0.00630631	0.00180180	0.03603604	0.00540541	0.02882883	0.00900901	0.00180180	0.00000000	0.00360360	0.00900901	0.00090090	0.00540541	0.00810811	0.00270270	0.02072072	0.01441441	0.00900901	0.00450450	0.00090090	0.00270270	0.04684685	0.00900901	0.03513514	0.00990991	0.02162162	0.00360360	0.00090090	0.00270270	0.00540541	0.01171171	0.00180180	0.00720721	0.01261261	0.00360360	0.00270270	0.20090090	0.07207207	0.11261261	0.04684685	0.05855856	0.02252252	0.01621622	0.00810811	0.00090090	0.02972973	0.00180180	0.02522523	0.01711712	0.02702703	0.01441441
0.01183432	0.00591716	0.01775148	0.01183432	0.00591716	0.00591716	0.01775148	0.01775148	0.00591716	0.04142012	0.01775148	0.00000000	0.08284024	0.02958580	0.00000000	0.01775148	0.01183432	0.00591716	0.00591716	0.00000000	0.01775148	0.01183432	0.00591716	0.00591716	0.00000000	0.02366864	0.02366864	0.00000000	0.01183432	0.05325444	0.02958580	0.00000000	0.10059172	0.02958580	0.02366864	0.01183432	0.01183432	0.00000000	0.00000000	0.00000000	0.00000000	0.00000000	0.00000000	0.02958580	0.08284024	0.06508876	0.00591716	0.00000000	0.10059172	0.04142012
0.01851852	0.01587302	0.02645503	0.01322751	0.00793651	0.00529101	0.01851852	0.00529101	0.01851852	0.01851852	0.00264550	0.01587302	0.01322751	0.00264550	0.00529101	0.05291005	0.02116402	0.02910053	0.01322751	0.00000000	0.03968254	0.01851852	0.01587302	0.01058201	0.00529101	0.02380952	0.00529101	0.01322751	0.03174603	0.03174603	0.00264550	0.02380952	0.02380952	0.00793651	0.00264550	0.12433862	0.05291005	0.05555556	0.03174603	0.01322751	0.01058201	0.01587302	0.00529101	0.01587302	0.02910053	0.00529101	0.02380952	0.01587302	0.02910053	0.01058201
0.02884615	0.00961538	0.00480769	0.00000000	0.00480769	0.00000000	0.01923077	0.01923077	0.01442308	0.08173077	0.08173077	0.00000000	0.04807692	0.01442308	0.00000000	0.04807692	0.02403846	0.01923077	0.00480769	0.00000000	0.00480769	0.00000000	0.00480769	0.00000000	0.00480769	0.02403846	0.02403846	0.00000000	0.02403846	0.09134615	0.09134615	0.00000000	0.05769231	0.02403846	0.00000000	0.00961538	0.00480769	0.00480769	0.00480769	0.00000000	0.00000000	0.00000000	0.01923077	0.01442308	0.05288462	0.05288462	0.00000000	0.00000000	0.04326923	0.01923077
0.02230483	0.00743494	0.00371747	0.00000000	0.00371747	0.00371747	0.00743494	0.00743494	0.00743494	0.03345725	0.01115242	0.01486989	0.02602230	0.00743494	0.00000000	0.03345725	0.02230483	0.01115242	0.00743494	0.00000000	0.00743494	0.00371747	0.00371747	0.00371747	0.00000000	0.01486989	0.01486989	0.00000000	0.00743494	0.03717472	0.01486989	0.01486989	0.03717472	0.01486989	0.00743494	0.04832714	0.03345725	0.00371747	0.00371747	0.00000000	0.00000000	0.05576208	0.00371747	0.01115242	0.11152416	0.04089219	0.02602230	0.00000000	0.18587361	0.06319703
0.09420290	0.05072464	0.00000000	0.00000000	0.00000000	0.00000000	0.03623188	0.03623188	0.02173913	0.03623188	0.03623188	0.00000000	0.02173913	0.00724638	0.00000000	0.17391304	0.10869565	0.06521739	0.05072464	0.00000000	0.00000000	0.00000000	0.00000000	0.00000000	0.00000000	0.03623188	0.03623188	0.00000000	0.02173913	0.04347826	0.04347826	0.00000000	0.02173913	0.00724638	0.00724638	0.00000000	0.00000000	0.00000000	0.00000000	0.00000000	0.00000000	0.00000000	0.00724638	0.00000000	0.01449275	0.00724638	0.00000000	0.00000000	0.00724638	0.00724638
0.00000000	0.00000000	0.01315789	0.00000000	0.01315789	0.00000000	0.00146199	0.00000000	0.01023392	0.02192982	0.00000000	0.01754386	0.01023392	0.00438596	0.00146199	0.00438596	0.00292398	0.00146199	0.00146199	0.00000000	0.02777778	0.00000000	0.02339181	0.00146199	0.01900585	0.00730994	0.00000000	0.00730994	0.01315789	0.02192982	0.00000000	0.01754386	0.01754386	0.00877193	0.00000000	0.20906433	0.05994152	0.13450292	0.05116959	0.07602339	0.04239766	0.02777778	0.00730994	0.00146199	0.03801170	0.00292398	0.03216374	0.02192982	0.02046784	0.00584795
0.00000000	0.00000000	0.05405405	0.02702703	0.00000000	0.00000000	0.05405405	0.05405405	0.00000000	0.10810811	0.05405405	0.00000000	0.02702703	0.00000000	0.00000000	0.00000000	0.00000000	0.00000000	0.00000000	0.02702703	0.05405405	0.02702703	0.00000000	0.00000000	0.00000000	0.08108108	0.08108108	0.00000000	0.00000000	0.10810811	0.05405405	0.00000000	0.02702703	0.00000000	0.02702703	0.00000000	0.00000000	0.00000000	0.00000000	0.00000000	0.00000000	0.02702703	0.00000000	0.05405405	0.00000000	0.00000000	0.00000000	0.00000000	0.05405405	0.00000000
0.08219178	0.05479452	0.00000000	0.00000000	0.00000000	0.00000000	0.00000000	0.00000000	0.01369863	0.05479452	0.02739726	0.02739726	0.01369863	0.00000000	0.00000000	0.16438356	0.08219178	0.08219178	0.05479452	0.00000000	0.00000000	0.00000000	0.00000000	0.00000000	0.00000000	0.01369863	0.01369863	0.00000000	0.01369863	0.05479452	0.02739726	0.02739726	0.01369863	0.00000000	0.00000000	0.05479452	0.02739726	0.02739726	0.01369863	0.01369863	0.01369863	0.00000000	0.01369863	0.00000000	0.00000000	0.00000000	0.00000000	0.00000000	0.01369863	0.00000000
0.00000000	0.00000000	0.05294118	0.00000000	0.04705882	0.00588235	0.00000000	0.00000000	0.00000000	0.01176471	0.00000000	0.01176471	0.00588235	0.00588235	0.00000000	0.00000000	0.00000000	0.00000000	0.00000000	0.00000000	0.05882353	0.00588235	0.04705882	0.00588235	0.03529412	0.00000000	0.00000000	0.00000000	0.00000000	0.01176471	0.00000000	0.01176471	0.01176471	0.00588235	0.00588235	0.21764706	0.05294118	0.15294118	0.04705882	0.10000000	0.02941176	0.01176471	0.00588235	0.00588235	0.01176471	0.00000000	0.00588235	0.00588235	0.01176471	0.00000000
0.02500000	0.00000000	0.00000000	0.00000000	0.00000000	0.00000000	0.05000000	0.05000000	0.05000000	0.07500000	0.05000000	0.01250000	0.06250000	0.01250000	0.00000000	0.02500000	0.02500000	0.00000000	0.00000000	0.01250000	0.00000000	0.00000000	0.00000000	0.00000000	0.00000000	0.06250000	0.06250000	0.00000000	0.05000000	0.07500000	0.05000000	0.01250000	0.06250000	0.01250000	0.01250000	0.02500000	0.02500000	0.00000000	0.00000000	0.00000000	0.00000000	0.00000000	0.02500000	0.00000000	0.02500000	0.01250000	0.01250000	0.00000000	0.02500000	0.00000000
0.08750000	0.03750000	0.00000000	0.00000000	0.00000000	0.00000000	0.00000000	0.00000000	0.03750000	0.06250000	0.06250000	0.00000000	0.02500000	0.00000000	0.00000000	0.12500000	0.06250000	0.03750000	0.02500000	0.00000000	0.00000000	0.00000000	0.00000000	0.00000000	0.00000000	0.00000000	0.00000000	0.00000000	0.03750000	0.08750000	0.08750000	0.00000000	0.03750000	0.00000000	0.00000000	0.00000000	0.00000000	0.00000000	0.00000000	0.00000000	0.00000000	0.00000000	0.00000000	0.00000000	0.05000000	0.05000000	0.00000000	0.00000000	0.05000000	0.03750000
0.00000000	0.00000000	0.05555556	0.02777778	0.02777778	0.02777778	0.02777778	0.00000000	0.00000000	0.00000000	0.00000000	0.00000000	0.00000000	0.00000000	0.02777778	0.00000000	0.00000000	0.00000000	0.00000000	0.02777778	0.11111111	0.02777778	0.08333333	0.08333333	0.00000000	0.02777778	0.00000000	0.02777778	0.00000000	0.00000000	0.00000000	0.00000000	0.00000000	0.00000000	0.00000000	0.16666667	0.11111111	0.05555556	0.02777778	0.02777778	0.02777778	0.00000000	0.00000000	0.00000000	0.00000000	0.00000000	0.00000000	0.00000000	0.00000000	0.00000000
0.06315789	0.01052632	0.03157895	0.02105263	0.00000000	0.00000000	0.01052632	0.01052632	0.02105263	0.09473684	0.09473684	0.00000000	0.03157895	0.00000000	0.01052632	0.08421053	0.06315789	0.01052632	0.01052632	0.00000000	0.04210526	0.03157895	0.00000000	0.00000000	0.00000000	0.01052632	0.01052632	0.00000000	0.02105263	0.09473684	0.09473684	0.00000000	0.04210526	0.00000000	0.01052632	0.01052632	0.01052632	0.00000000	0.00000000	0.00000000	0.00000000	0.00000000	0.00000000	0.00000000	0.02105263	0.02105263	0.00000000	0.00000000	0.01052632	0.00000000
0.00000000	0.00000000	0.00000000	0.00000000	0.00000000	0.00000000	0.06349206	0.06349206	0.06349206	0.04761905	0.04761905	0.00000000	0.04761905	0.03174603	0.00000000	0.00000000	0.00000000	0.00000000	0.00000000	0.00000000	0.00000000	0.00000000	0.00000000	0.00000000	0.00000000	0.09523810	0.09523810	0.00000000	0.06349206	0.06349206	0.06349206	0.00000000	0.04761905	0.03174603	0.00000000	0.00000000	0.00000000	0.00000000	0.00000000	0.00000000	0.00000000	0.00000000	0.01587302	0.00000000	0.06349206	0.06349206	0.00000000	0.00000000	0.01587302	0.01587302
0.00000000	0.00000000	0.01574803	0.00787402	0.00000000	0.00000000	0.07874016	0.07874016	0.03149606	0.01574803	0.01574803	0.00000000	0.03937008	0.01574803	0.00000000	0.00000000	0.00000000	0.00000000	0.00000000	0.00000000	0.03149606	0.01574803	0.00787402	0.00000000	0.00787402	0.10236220	0.08661417	0.01574803	0.03937008	0.02362205	0.02362205	0.00000000	0.03937008	0.01574803	0.00787402	0.06299213	0.03937008	0.02362205	0.02362205	0.00000000	0.00000000	0.00000000	0.00787402	0.01574803	0.03149606	0.00000000	0.03149606	0.01574803	0.01574803	0.01574803
0.05263158	0.00751880	0.00000000	0.00000000	0.00000000	0.00000000	0.09022556	0.09022556	0.06766917	0.00000000	0.00000000	0.00000000	0.01503759	0.00000000	0.00000000	0.06766917	0.06015038	0.00751880	0.00751880	0.00000000	0.00000000	0.00000000	0.00000000	0.00000000	0.00000000	0.12781955	0.12781955	0.00000000	0.08270677	0.04511278	0.03759398	0.00000000	0.02255639	0.00751880	0.00000000	0.00000000	0.00000000	0.00000000	0.00000000	0.00000000	0.00000000	0.00000000	0.00751880	0.02255639	0.00751880	0.00751880	0.00000000	0.00000000	0.03759398	0.00000000
0.01587302	0.00000000	0.02645503	0.02645503	0.00000000	0.00000000	0.00529101	0.00000000	0.02116402	0.04232804	0.01058201	0.01058201	0.06349206	0.01058201	0.01587302	0.02645503	0.02645503	0.00000000	0.00000000	0.00000000	0.05291005	0.04761905	0.00000000	0.00000000	0.00000000	0.00529101	0.00000000	0.00529101	0.03174603	0.04761905	0.01587302	0.01058201	0.07936508	0.01058201	0.02116402	0.05820106	0.04761905	0.00529101	0.00529101	0.00000000	0.00000000	0.01058201	0.02645503	0.02116402	0.04232804	0.01587302	0.02645503	0.00529101	0.08994709	0.01587302
0.03255814	0.02790698	0.04186047	0.04186047	0.00000000	0.00000000	0.01395349	0.00465116	0.01395349	0.04186047	0.00930233	0.03255814	0.01395349	0.00000000	0.00000000	0.09767442	0.05116279	0.04651163	0.03255814	0.00465116	0.05116279	0.04651163	0.00000000	0.00000000	0.00000000	0.01860465	0.00465116	0.00465116	0.01395349	0.06046512	0.01860465	0.04186047	0.01860465	0.00465116	0.00465116	0.05581395	0.03720930	0.00465116	0.00465116	0.00000000	0.00000000	0.01395349	0.01860465	0.00465116	0.02790698	0.00930233	0.00930233	0.00000000	0.01395349	0.00465116
0.00000000	0.00000000	0.00000000	0.00000000	0.00000000	0.00000000	0.00000000	0.00000000	0.33333333	0.00000000	0.00000000	0.00000000	0.00000000	0.00000000	0.00000000	0.00000000	0.00000000	0.00000000	0.00000000	0.00000000	0.00000000	0.00000000	0.00000000	0.00000000	0.00000000	0.16666667	0.16666667	0.00000000	0.33333333	0.00000000	0.00000000	0.00000000	0.00000000	0.00000000	0.00000000	0.00000000	0.00000000	0.00000000	0.00000000	0.00000000	0.00000000	0.00000000	0.00000000	0.00000000	0.00000000	0.00000000	0.00000000	0.00000000	0.00000000	0.00000000
0.00000000	0.00000000	0.00000000	0.00000000	0.00000000	0.00000000	0.00000000	0.00000000	0.00000000	0.09090909	0.09090909	0.00000000	0.06818182	0.04545455	0.00000000	0.00000000	0.00000000	0.00000000	0.00000000	0.00000000	0.00000000	0.00000000	0.00000000	0.00000000	0.00000000	0.00000000	0.00000000	0.00000000	0.00000000	0.11363636	0.11363636	0.00000000	0.09090909	0.06818182	0.00000000	0.00000000	0.00000000	0.00000000	0.00000000	0.00000000	0.00000000	0.00000000	0.02272727	0.04545455	0.11363636	0.11363636	0.00000000	0.00000000	0.02272727	0.00000000
0.08620690	0.01724138	0.03448276	0.01724138	0.01724138	0.01724138	0.03448276	0.01724138	0.01724138	0.03448276	0.01724138	0.01724138	0.01724138	0.00000000	0.00000000	0.12068966	0.08620690	0.01724138	0.00000000	0.00000000	0.05172414	0.01724138	0.03448276	0.03448276	0.00000000	0.03448276	0.01724138	0.01724138	0.01724138	0.03448276	0.01724138	0.01724138	0.01724138	0.00000000	0.00000000	0.05172414	0.05172414	0.00000000	0.00000000	0.00000000	0.00000000	0.00000000	0.01724138	0.00000000	0.00000000	0.00000000	0.00000000	0.00000000	0.00000000	0.00000000
0.00000000	0.00000000	0.00485437	0.00000000	0.00485437	0.00485437	0.01456311	0.01456311	0.07766990	0.07766990	0.07766990	0.00000000	0.04854369	0.00000000	0.00000000	0.00000000	0.00000000	0.00000000	0.00000000	0.00000000	0.00485437	0.00000000	0.00485437	0.00485437	0.00000000	0.05339806	0.05339806	0.00000000	0.11165049	0.11165049	0.10679612	0.00000000	0.07281553	0.00970874	0.00485437	0.00485437	0.00485437	0.00000000	0.00000000	0.00000000	0.00000000	0.00000000	0.00485437	0.03398058	0.02427184	0.02427184	0.00000000	0.00000000	0.03398058	0.00485437
0.00000000	0.00000000	0.02941176	0.02941176	0.00000000	0.00000000	0.08823529	0.08823529	0.00000000	0.08823529	0.08823529	0.00000000	0.02941176	0.00000000	0.00000000	0.00000000	0.00000000	0.00000000	0.00000000	0.00000000	0.02941176	0.02941176	0.00000000	0.00000000	0.00000000	0.08823529	0.08823529	0.00000000	0.00000000	0.08823529	0.08823529	0.00000000	0.02941176	0.00000000	0.00000000	0.00000000	0.00000000	0.00000000	0.00000000	0.00000000	0.00000000	0.00000000	0.00000000	0.00000000	0.02941176	0.02941176	0.00000000	0.00000000	0.02941176	0.02941176
0.07692308	0.00000000	0.07692308	0.07692308	0.00000000	0.00000000	0.00000000	0.00000000	0.00000000	0.07692308	0.00000000	0.07692308	0.00000000	0.00000000	0.00000000	0.07692308	0.07692308	0.00000000	0.00000000	0.00000000	0.07692308	0.07692308	0.00000000	0.00000000	0.00000000	0.00000000	0.00000000	0.00000000	0.00000000	0.07692308	0.00000000	0.07692308	0.00000000	0.00000000	0.00000000	0.07692308	0.07692308	0.00000000	0.00000000	0.00000000	0.00000000	0.00000000	0.00000000	0.00000000	0.00000000	0.00000000	0.00000000	0.00000000	0.00000000	0.00000000
0.00000000	0.00000000	0.00000000	0.00000000	0.00000000	0.00000000	0.03571429	0.03571429	0.00000000	0.07142857	0.07142857	0.00000000	0.10714286	0.07142857	0.00000000	0.00000000	0.00000000	0.00000000	0.00000000	0.00000000	0.00000000	0.00000000	0.00000000	0.00000000	0.00000000	0.03571429	0.03571429	0.00000000	0.00000000	0.07142857	0.07142857	0.00000000	0.10714286	0.07142857	0.00000000	0.00000000	0.00000000	0.00000000	0.00000000	0.00000000	0.00000000	0.00000000	0.03571429	0.00000000	0.07142857	0.07142857	0.00000000	0.00000000	0.03571429	0.00000000
0.00000000	0.00000000	0.03191489	0.02127660	0.00000000	0.00000000	0.02127660	0.00000000	0.06382979	0.03191489	0.03191489	0.00000000	0.01063830	0.00000000	0.01063830	0.00000000	0.00000000	0.00000000	0.00000000	0.03191489	0.05319149	0.03191489	0.01063830	0.01063830	0.00000000	0.05319149	0.02127660	0.01063830	0.09574468	0.06382979	0.04255319	0.01063830	0.02127660	0.01063830	0.01063830	0.07446809	0.05319149	0.02127660	0.02127660	0.00000000	0.00000000	0.00000000	0.01063830	0.02127660	0.03191489	0.01063830	0.02127660	0.01063830	0.01063830	0.01063830
0.03529412	0.01176471	0.01176471	0.01176471	0.00000000	0.00000000	0.08235294	0.02352941	0.04705882	0.01176471	0.00000000	0.01176471	0.00000000	0.00000000	0.00000000	0.04705882	0.02352941	0.01176471	0.01176471	0.00000000	0.07058824	0.07058824	0.00000000	0.00000000	0.00000000	0.09411765	0.03529412	0.05882353	0.05882353	0.02352941	0.00000000	0.02352941	0.01176471	0.00000000	0.00000000	0.05882353	0.04705882	0.01176471	0.01176471	0.00000000	0.00000000	0.00000000	0.00000000	0.00000000	0.02352941	0.00000000	0.02352941	0.01176471	0.01176471	0.01176471
0.07692308	0.00000000	0.07692308	0.07692308	0.00000000	0.00000000	0.00000000	0.00000000	0.00000000	0.07692308	0.00000000	0.07692308	0.00000000	0.00000000	0.00000000	0.07692308	0.07692308	0.00000000	0.00000000	0.00000000	0.07692308	0.07692308	0.00000000	0.00000000	0.00000000	0.00000000	0.00000000	0.00000000	0.00000000	0.07692308	0.00000000	0.07692308	0.00000000	0.00000000	0.00000000	0.07692308	0.07692308	0.00000000	0.00000000	0.00000000	0.00000000	0.00000000	0.00000000	0.00000000	0.00000000	0.00000000	0.00000000	0.00000000	0.00000000	0.00000000
0.00000000	0.00000000	0.06428571	0.02500000	0.03571429	0.01071429	0.00714286	0.00000000	0.01071429	0.01071429	0.00357143	0.00714286	0.00000000	0.00000000	0.01071429	0.00000000	0.00000000	0.00000000	0.00000000	0.02142857	0.09642857	0.03928571	0.05000000	0.02142857	0.02142857	0.01071429	0.00357143	0.00714286	0.02142857	0.02142857	0.00714286	0.01428571	0.00714286	0.00357143	0.00714286	0.15000000	0.07500000	0.06785714	0.03928571	0.02857143	0.02142857	0.01428571	0.01428571	0.00000000	0.01785714	0.00357143	0.00714286	0.00357143	0.01428571	0.00357143
0.00000000	0.00000000	0.03200000	0.01600000	0.00800000	0.00800000	0.05600000	0.04000000	0.03200000	0.04000000	0.03200000	0.00800000	0.03200000	0.01600000	0.00000000	0.00000000	0.00000000	0.00000000	0.00000000	0.00000000	0.04000000	0.02400000	0.00800000	0.00800000	0.00000000	0.07200000	0.05600000	0.00000000	0.04800000	0.05600000	0.04800000	0.00800000	0.05600000	0.01600000	0.00000000	0.03200000	0.02400000	0.00800000	0.00800000	0.00000000	0.00000000	0.01600000	0.01600000	0.01600000	0.03200000	0.01600000	0.00800000	0.00000000	0.05600000	0.00800000
0.00000000	0.00000000	0.00000000	0.00000000	0.00000000	0.00000000	0.02173913	0.01086957	0.03260870	0.08695652	0.03260870	0.03260870	0.02173913	0.01086957	0.00000000	0.00000000	0.00000000	0.00000000	0.00000000	0.02173913	0.01086957	0.00000000	0.01086957	0.00000000	0.01086957	0.03260870	0.01086957	0.00000000	0.04347826	0.10869565	0.04347826	0.04347826	0.04347826	0.03260870	0.01086957	0.07608696	0.05434783	0.02173913	0.01086957	0.01086957	0.01086957	0.00000000	0.00000000	0.02173913	0.04347826	0.04347826	0.00000000	0.00000000	0.02173913	0.01086957
0.03508772	0.00000000	0.00000000	0.00000000	0.00000000	0.00000000	0.05263158	0.01754386	0.05263158	0.05263158	0.05263158	0.00000000	0.01754386	0.00000000	0.00000000	0.03508772	0.00000000	0.00000000	0.00000000	0.03508772	0.03508772	0.00000000	0.01754386	0.01754386	0.00000000	0.07017544	0.01754386	0.03508772	0.08771930	0.05263158	0.05263158	0.00000000	0.05263158	0.00000000	0.01754386	0.03508772	0.03508772	0.00000000	0.00000000	0.00000000	0.00000000	0.01754386	0.00000000	0.01754386	0.03508772	0.00000000	0.01754386	0.00000000	0.01754386	0.01754386
0.00000000	0.00000000	0.02857143	0.02857143	0.00000000	0.00000000	0.08571429	0.08571429	0.05714286	0.05714286	0.02857143	0.02857143	0.02857143	0.00000000	0.00000000	0.00000000	0.00000000	0.00000000	0.00000000	0.00000000	0.02857143	0.02857143	0.00000000	0.00000000	0.00000000	0.08571429	0.08571429	0.00000000	0.08571429	0.05714286	0.02857143	0.02857143	0.05714286	0.00000000	0.00000000	0.02857143	0.02857143	0.00000000	0.00000000	0.00000000	0.00000000	0.00000000	0.00000000	0.02857143	0.00000000	0.00000000	0.00000000	0.00000000	0.00000000	0.00000000
0.00000000	0.00000000	0.02419355	0.01612903	0.00806452	0.00403226	0.02822581	0.01612903	0.02822581	0.03225806	0.00806452	0.01612903	0.02419355	0.00403226	0.00000000	0.00000000	0.00000000	0.00000000	0.00000000	0.02822581	0.06048387	0.03629032	0.01612903	0.00403226	0.00806452	0.04838710	0.02016129	0.02016129	0.07661290	0.04838710	0.01612903	0.02419355	0.04838710	0.01612903	0.02016129	0.07661290	0.04435484	0.01612903	0.00806452	0.00000000	0.00000000	0.01209677	0.01209677	0.02419355	0.04032258	0.01209677	0.02016129	0.00403226	0.02016129	0.00806452
0.00000000	0.00000000	0.00000000	0.00000000	0.00000000	0.00000000	0.02702703	0.02702703	0.08108108	0.05405405	0.04054054	0.01351351	0.04054054	0.02702703	0.00000000	0.00000000	0.00000000	0.00000000	0.00000000	0.00000000	0.00000000	0.00000000	0.00000000	0.00000000	0.00000000	0.06756757	0.06756757	0.00000000	0.09459459	0.09459459	0.08108108	0.01351351	0.06756757	0.04054054	0.00000000	0.01351351	0.01351351	0.00000000	0.00000000	0.00000000	0.00000000	0.00000000	0.01351351	0.04054054	0.04054054	0.04054054	0.00000000	0.00000000	0.00000000	0.00000000
0.00000000	0.00000000	0.05660377	0.01886792	0.03773585	0.00943396	0.00943396	0.00943396	0.00000000	0.03773585	0.01886792	0.01886792	0.00000000	0.00000000	0.04716981	0.00000000	0.00000000	0.00000000	0.00000000	0.00000000	0.05660377	0.01886792	0.03773585	0.00943396	0.00943396	0.01886792	0.00943396	0.00000000	0.00000000	0.03773585	0.01886792	0.01886792	0.00000000	0.00000000	0.00000000	0.16981132	0.10377358	0.04716981	0.03773585	0.00943396	0.00943396	0.00943396	0.00000000	0.00943396	0.03773585	0.01886792	0.01886792	0.00943396	0.00943396	0.00943396
0.00800000	0.00000000	0.08000000	0.04800000	0.02400000	0.01600000	0.01600000	0.00000000	0.01600000	0.04000000	0.00800000	0.03200000	0.02400000	0.00800000	0.00000000	0.00800000	0.00800000	0.00000000	0.00000000	0.04000000	0.11200000	0.07200000	0.02400000	0.01600000	0.00000000	0.04000000	0.00000000	0.01600000	0.02400000	0.04000000	0.00800000	0.03200000	0.02400000	0.00800000	0.04000000	0.07200000	0.03200000	0.01600000	0.00000000	0.00000000	0.00000000	0.00000000	0.00000000	0.00000000	0.01600000	0.01600000	0.00000000	0.00000000	0.00800000	0.00800000
0.00000000	0.00000000	0.00000000	0.00000000	0.00000000	0.00000000	0.04545455	0.04545455	0.04545455	0.09090909	0.09090909	0.00000000	0.09090909	0.00000000	0.00000000	0.00000000	0.00000000	0.00000000	0.00000000	0.00000000	0.00000000	0.00000000	0.00000000	0.00000000	0.00000000	0.04545455	0.04545455	0.00000000	0.04545455	0.09090909	0.09090909	0.00000000	0.13636364	0.00000000	0.00000000	0.00000000	0.00000000	0.00000000	0.00000000	0.00000000	0.00000000	0.00000000	0.09090909	0.00000000	0.00000000	0.00000000	0.00000000	0.00000000	0.04545455	0.00000000
0.00000000	0.00000000	0.05524862	0.03867403	0.01104972	0.00552486	0.04972376	0.02762431	0.00552486	0.03867403	0.02209945	0.01657459	0.00552486	0.00000000	0.00000000	0.00000000	0.00000000	0.00000000	0.00000000	0.03867403	0.10497238	0.06077348	0.03314917	0.02209945	0.00552486	0.08287293	0.04419890	0.02209945	0.01104972	0.03867403	0.02209945	0.01657459	0.00552486	0.00000000	0.01104972	0.06629834	0.04419890	0.01657459	0.01104972	0.00552486	0.00552486	0.00000000	0.02762431	0.00552486	0.01104972	0.01104972	0.00000000	0.00000000	0.00000000	0.00000000
0.00383142	0.00000000	0.03831418	0.02298851	0.01532567	0.01149425	0.01915709	0.00000000	0.00383142	0.03448276	0.01149425	0.02298851	0.02298851	0.01149425	0.00000000	0.00383142	0.00383142	0.00000000	0.00000000	0.00766284	0.05747126	0.03448276	0.01915709	0.01532567	0.00383142	0.01915709	0.00000000	0.01149425	0.00383142	0.03448276	0.01149425	0.02298851	0.03448276	0.01149425	0.00766284	0.08812261	0.06513410	0.02298851	0.01149425	0.01149425	0.01149425	0.02298851	0.00383142	0.00383142	0.06896552	0.01915709	0.02298851	0.00383142	0.09195402	0.03065134
0.01785714	0.01785714	0.01785714	0.01785714	0.00000000	0.00000000	0.05357143	0.05357143	0.01785714	0.07142857	0.07142857	0.00000000	0.00000000	0.00000000	0.00000000	0.05357143	0.01785714	0.03571429	0.01785714	0.00000000	0.01785714	0.01785714	0.00000000	0.00000000	0.00000000	0.05357143	0.05357143	0.00000000	0.01785714	0.08928571	0.07142857	0.00000000	0.00000000	0.00000000	0.00000000	0.05357143	0.03571429	0.01785714	0.01785714	0.00000000	0.00000000	0.00000000	0.00000000	0.00000000	0.03571429	0.00000000	0.03571429	0.01785714	0.00000000	0.00000000
0.00000000	0.00000000	0.00000000	0.00000000	0.00000000	0.00000000	0.06250000	0.00000000	0.00000000	0.00000000	0.00000000	0.00000000	0.00000000	0.00000000	0.00000000	0.18750000	0.06250000	0.12500000	0.06250000	0.25000000	0.12500000	0.06250000	0.00000000	0.00000000	0.00000000	0.06250000	0.00000000	0.00000000	0.00000000	0.00000000	0.00000000	0.00000000	0.00000000	0.00000000	0.00000000	0.00000000	0.00000000	0.00000000	0.00000000	0.00000000	0.00000000	0.00000000	0.00000000	0.00000000	0.00000000	0.00000000	0.00000000	0.00000000	0.00000000	0.00000000
0.01754386	0.00000000	0.03508772	0.02192982	0.00877193	0.00877193	0.02192982	0.01315789	0.04824561	0.03508772	0.01754386	0.01754386	0.01754386	0.00438596	0.00438596	0.01754386	0.01315789	0.00000000	0.00000000	0.02192982	0.05701754	0.03508772	0.01315789	0.01315789	0.00000000	0.05263158	0.02631579	0.01754386	0.06140351	0.05263158	0.02631579	0.02192982	0.02631579	0.00438596	0.01315789	0.06140351	0.04824561	0.00877193	0.00438596	0.00000000	0.00000000	0.01315789	0.02192982	0.01754386	0.03070175	0.00877193	0.01315789	0.00877193	0.00877193	0.00877193
0.00000000	0.00000000	0.00000000	0.00000000	0.00000000	0.00000000	0.03750000	0.03750000	0.05000000	0.07500000	0.07500000	0.00000000	0.03750000	0.01250000	0.00000000	0.00000000	0.00000000	0.00000000	0.00000000	0.01250000	0.00000000	0.00000000	0.00000000	0.00000000	0.00000000	0.05000000	0.05000000	0.00000000	0.07500000	0.10000000	0.10000000	0.00000000	0.06250000	0.03750000	0.00000000	0.00000000	0.00000000	0.00000000	0.00000000	0.00000000	0.00000000	0.00000000	0.01250000	0.01250000	0.06250000	0.06250000	0.00000000	0.00000000	0.02500000	0.01250000
0.00726895	0.00207684	0.03426791	0.01869159	0.01246106	0.00623053	0.00519211	0.00000000	0.00207684	0.00415369	0.00000000	0.00415369	0.00934579	0.00103842	0.00830737	0.02388370	0.00726895	0.01557632	0.00207684	0.00207684	0.05295950	0.02388370	0.02284528	0.01142264	0.00934579	0.00623053	0.00000000	0.00415369	0.00207684	0.00934579	0.00000000	0.00934579	0.01765317	0.00311526	0.00934579	0.19314642	0.05192108	0.12357217	0.03426791	0.07995846	0.02284528	0.01765317	0.00830737	0.00519211	0.03530633	0.00000000	0.02907580	0.02388370	0.01557632	0.01142264
0.06250000	0.00000000	0.00000000	0.00000000	0.00000000	0.00000000	0.00000000	0.00000000	0.00000000	0.06250000	0.00000000	0.06250000	0.06250000	0.00000000	0.00000000	0.06250000	0.06250000	0.00000000	0.00000000	0.06250000	0.00000000	0.00000000	0.00000000	0.00000000	0.00000000	0.00000000	0.00000000	0.00000000	0.00000000	0.06250000	0.00000000	0.06250000	0.06250000	0.00000000	0.00000000	0.06250000	0.06250000	0.00000000	0.00000000	0.00000000	0.00000000	0.00000000	0.00000000	0.00000000	0.00000000	0.00000000	0.00000000	0.00000000	0.25000000	0.00000000
0.00000000	0.00000000	0.03271028	0.02336449	0.00934579	0.00467290	0.02803738	0.00934579	0.01869159	0.01401869	0.00467290	0.00467290	0.00934579	0.00000000	0.00000000	0.00000000	0.00000000	0.00000000	0.00000000	0.02803738	0.07943925	0.04672897	0.03271028	0.00934579	0.01401869	0.04672897	0.01401869	0.01869159	0.02803738	0.02803738	0.00934579	0.00934579	0.01869159	0.00000000	0.01401869	0.14953271	0.01869159	0.10747664	0.00467290	0.08878505	0.00467290	0.00934579	0.01869159	0.01401869	0.00467290	0.00467290	0.00000000	0.00000000	0.01869159	0.00000000
0.01301518	0.00216920	0.04121475	0.01735358	0.01518438	0.01301518	0.03904555	0.01518438	0.03253796	0.01952278	0.01735358	0.00216920	0.00867679	0.00216920	0.00650759	0.01518438	0.01301518	0.00216920	0.00216920	0.02819957	0.07592191	0.03253796	0.02603037	0.01952278	0.00216920	0.06290672	0.02386117	0.02169197	0.05422993	0.04772234	0.02819957	0.01301518	0.01518438	0.00433839	0.01735358	0.07158351	0.04121475	0.01518438	0.00650759	0.00433839	0.00216920	0.01518438	0.01084599	0.01518438	0.02819957	0.01301518	0.01084599	0.00650759	0.00650759	0.00216920
0.00000000	0.00000000	0.07500000	0.07500000	0.00000000	0.00000000	0.10000000	0.05000000	0.02500000	0.05000000	0.05000000	0.00000000	0.00000000	0.00000000	0.00000000	0.00000000	0.00000000	0.00000000	0.00000000	0.02500000	0.10000000	0.10000000	0.00000000	0.00000000	0.00000000	0.10000000	0.05000000	0.02500000	0.02500000	0.07500000	0.07500000	0.00000000	0.00000000	0.00000000	0.00000000	0.00000000	0.00000000	0.00000000	0.00000000	0.00000000	0.00000000	0.00000000	0.00000000	0.00000000	0.00000000	0.00000000	0.00000000	0.00000000	0.00000000	0.00000000
0.00000000	0.00000000	0.08333333	0.00000000	0.00000000	0.00000000	0.00000000	0.00000000	0.00000000	0.08333333	0.08333333	0.00000000	0.08333333	0.08333333	0.00000000	0.00000000	0.00000000	0.00000000	0.00000000	0.00000000	0.08333333	0.00000000	0.00000000	0.00000000	0.00000000	0.00000000	0.00000000	0.00000000	0.00000000	0.08333333	0.08333333	0.00000000	0.08333333	0.08333333	0.00000000	0.00000000	0.00000000	0.00000000	0.00000000	0.00000000	0.00000000	0.00000000	0.00000000	0.00000000	0.08333333	0.08333333	0.00000000	0.00000000	0.00000000	0.00000000
0.00000000	0.00000000	0.00000000	0.00000000	0.00000000	0.00000000	0.16129032	0.03225806	0.03225806	0.00000000	0.00000000	0.00000000	0.00000000	0.00000000	0.00000000	0.00000000	0.00000000	0.00000000	0.00000000	0.32258065	0.06451613	0.06451613	0.00000000	0.00000000	0.00000000	0.19354839	0.03225806	0.03225806	0.03225806	0.00000000	0.00000000	0.00000000	0.00000000	0.00000000	0.00000000	0.00000000	0.00000000	0.00000000	0.00000000	0.00000000	0.00000000	0.00000000	0.03225806	0.00000000	0.00000000	0.00000000	0.00000000	0.00000000	0.00000000	0.00000000
0.00000000	0.00000000	0.00000000	0.00000000	0.00000000	0.00000000	0.05072464	0.04347826	0.05072464	0.05797101	0.05797101	0.00000000	0.03623188	0.00724638	0.00000000	0.00000000	0.00000000	0.00000000	0.00000000	0.00000000	0.00000000	0.00000000	0.00000000	0.00000000	0.00000000	0.07246377	0.05797101	0.00000000	0.10144928	0.07971014	0.07971014	0.00000000	0.05797101	0.01449275	0.00000000	0.00000000	0.00000000	0.00000000	0.00000000	0.00000000	0.00000000	0.00000000	0.04347826	0.01449275	0.03623188	0.03623188	0.00000000	0.00000000	0.09420290	0.00724638
0.00000000	0.00000000	0.05676856	0.01965066	0.02838428	0.00655022	0.00655022	0.00000000	0.00436681	0.00655022	0.00218341	0.00218341	0.03493450	0.01528384	0.00436681	0.00000000	0.00000000	0.00000000	0.00000000	0.00436681	0.10917031	0.04366812	0.04585153	0.00655022	0.03493450	0.00873362	0.00000000	0.00873362	0.00436681	0.00655022	0.00218341	0.00218341	0.04366812	0.01528384	0.02620087	0.13973799	0.06113537	0.06768559	0.03930131	0.02183406	0.01091703	0.00655022	0.01965066	0.00436681	0.02183406	0.00000000	0.01965066	0.01091703	0.01965066	0.00655022
0.00000000	0.00000000	0.03409091	0.02840909	0.00000000	0.00000000	0.09090909	0.06250000	0.03977273	0.03409091	0.01704545	0.00568182	0.01704545	0.01136364	0.00000000	0.00000000	0.00000000	0.00000000	0.00000000	0.01704545	0.05681818	0.05113636	0.00000000	0.00000000	0.00000000	0.12500000	0.08522727	0.02272727	0.06250000	0.04545455	0.02840909	0.00568182	0.02272727	0.01136364	0.01704545	0.00568182	0.00568182	0.00000000	0.00000000	0.00000000	0.00000000	0.00568182	0.00000000	0.01704545	0.02840909	0.02272727	0.00000000	0.00000000	0.01136364	0.01136364
0.00000000	0.00000000	0.00000000	0.00000000	0.00000000	0.00000000	0.09677419	0.09677419	0.09677419	0.03225806	0.03225806	0.00000000	0.00000000	0.00000000	0.00000000	0.00000000	0.00000000	0.00000000	0.00000000	0.06451613	0.00000000	0.00000000	0.00000000	0.00000000	0.00000000	0.12903226	0.12903226	0.00000000	0.09677419	0.09677419	0.09677419	0.00000000	0.00000000	0.00000000	0.00000000	0.00000000	0.00000000	0.00000000	0.00000000	0.00000000	0.00000000	0.00000000	0.03225806	0.00000000	0.00000000	0.00000000	0.00000000	0.00000000	0.00000000	0.00000000
0.20000000	0.20000000	0.00000000	0.00000000	0.00000000	0.00000000	0.00000000	0.00000000	0.00000000	0.00000000	0.00000000	0.00000000	0.00000000	0.00000000	0.00000000	0.40000000	0.00000000	0.20000000	0.00000000	0.00000000	0.00000000	0.00000000	0.00000000	0.00000000	0.00000000	0.00000000	0.00000000	0.00000000	0.00000000	0.00000000	0.00000000	0.00000000	0.00000000	0.00000000	0.00000000	0.00000000	0.00000000	0.00000000	0.00000000	0.00000000	0.00000000	0.00000000	0.00000000	0.00000000	0.00000000	0.00000000	0.00000000	0.00000000	0.00000000	0.00000000
0.00000000	0.00000000	0.08695652	0.05434783	0.03260870	0.02173913	0.02173913	0.00000000	0.00000000	0.02717391	0.00000000	0.02173913	0.00543478	0.00000000	0.01630435	0.00000000	0.00000000	0.00000000	0.00000000	0.02717391	0.11956522	0.08152174	0.03804348	0.02717391	0.01086957	0.02717391	0.00000000	0.02173913	0.00543478	0.03260870	0.00000000	0.02717391	0.01630435	0.00000000	0.01086957	0.10869565	0.07608696	0.02717391	0.02173913	0.00000000	0.00000000	0.00000000	0.00543478	0.01630435	0.00543478	0.00543478	0.00000000	0.00000000	0.00000000	0.00000000
0.00000000	0.00000000	0.03416149	0.02484472	0.00931677	0.00621118	0.00621118	0.00310559	0.04658385	0.05590062	0.04037267	0.01242236	0.03416149	0.01242236	0.00621118	0.00000000	0.00000000	0.00000000	0.00000000	0.00621118	0.03726708	0.02484472	0.00931677	0.00621118	0.00310559	0.02173913	0.01242236	0.00310559	0.07453416	0.07453416	0.05590062	0.01242236	0.05279503	0.01552795	0.00621118	0.05590062	0.03416149	0.02173913	0.01242236	0.00931677	0.00621118	0.00310559	0.00931677	0.02795031	0.03726708	0.02795031	0.00621118	0.00310559	0.03105590	0.00621118
0.00877193	0.00000000	0.00000000	0.00000000	0.00000000	0.00000000	0.04385965	0.02631579	0.04385965	0.06140351	0.06140351	0.00000000	0.04385965	0.03508772	0.00000000	0.02631579	0.02631579	0.00000000	0.00000000	0.00000000	0.01754386	0.01754386	0.00000000	0.00000000	0.00000000	0.04385965	0.02631579	0.01754386	0.04385965	0.07894737	0.07017544	0.00877193	0.06140351	0.04385965	0.00000000	0.00877193	0.00877193	0.00000000	0.00000000	0.00000000	0.00000000	0.00000000	0.01754386	0.00877193	0.07017544	0.07017544	0.00000000	0.00000000	0.00877193	0.00000000
0.04790419	0.02395210	0.00000000	0.00000000	0.00000000	0.00000000	0.04790419	0.04790419	0.01197605	0.04191617	0.04191617	0.00000000	0.02395210	0.01796407	0.00000000	0.08982036	0.05988024	0.02994012	0.02994012	0.00000000	0.00000000	0.00000000	0.00000000	0.00000000	0.00000000	0.05389222	0.05389222	0.00000000	0.02395210	0.04790419	0.04191617	0.00598802	0.04191617	0.02395210	0.00000000	0.01197605	0.00598802	0.00598802	0.00598802	0.00000000	0.00000000	0.00000000	0.01796407	0.02395210	0.03592814	0.03592814	0.00000000	0.00000000	0.04790419	0.00000000
0.02236422	0.01916933	0.02875399	0.00000000	0.02875399	0.01597444	0.01277955	0.00319489	0.00958466	0.00638978	0.00319489	0.00000000	0.00958466	0.00319489	0.02555911	0.05111821	0.02236422	0.02555911	0.01916933	0.00000000	0.03514377	0.00000000	0.03514377	0.01597444	0.01597444	0.01277955	0.00319489	0.00638978	0.01277955	0.01597444	0.00638978	0.00638978	0.01277955	0.00638978	0.00000000	0.17252396	0.07987220	0.08945687	0.05111821	0.03833866	0.01916933	0.00958466	0.00000000	0.00319489	0.01597444	0.00000000	0.01597444	0.01277955	0.00000000	0.00000000
0.00727273	0.00181818	0.02909091	0.00000000	0.02727273	0.01090909	0.01272727	0.00000000	0.01090909	0.00909091	0.00000000	0.00545455	0.00000000	0.00000000	0.00000000	0.01272727	0.00545455	0.00363636	0.00181818	0.02545455	0.06181818	0.00181818	0.05090909	0.01272727	0.03636364	0.02545455	0.00000000	0.01090909	0.02181818	0.01272727	0.00000000	0.00545455	0.00545455	0.00000000	0.01636364	0.18545455	0.06000000	0.12000000	0.04545455	0.07272727	0.02727273	0.00727273	0.01272727	0.00363636	0.01272727	0.00181818	0.00909091	0.00727273	0.00545455	0.00363636
0.01136364	0.00378788	0.01893939	0.01515152	0.00378788	0.00378788	0.01136364	0.01136364	0.01893939	0.06060606	0.04924242	0.00757576	0.04166667	0.01893939	0.01136364	0.02272727	0.01515152	0.00757576	0.00378788	0.00000000	0.01893939	0.01515152	0.00378788	0.00378788	0.00000000	0.01893939	0.01893939	0.00000000	0.02272727	0.07196970	0.05303030	0.01515152	0.04924242	0.01893939	0.00000000	0.04924242	0.02651515	0.01893939	0.00757576	0.00757576	0.00757576	0.00757576	0.00000000	0.01136364	0.05681818	0.05303030	0.00000000	0.00000000	0.07954545	0.02651515
0.00390625	0.00000000	0.05078125	0.00000000	0.04687500	0.02734375	0.01562500	0.00000000	0.01953125	0.01953125	0.00000000	0.01171875	0.00390625	0.00390625	0.00000000	0.00781250	0.00781250	0.00000000	0.00000000	0.01171875	0.08593750	0.01171875	0.07031250	0.04296875	0.02343750	0.02343750	0.00390625	0.01562500	0.01953125	0.03125000	0.00000000	0.01953125	0.00390625	0.00390625	0.01953125	0.15234375	0.08984375	0.05859375	0.04687500	0.01171875	0.01171875	0.00000000	0.00390625	0.00781250	0.00390625	0.00000000	0.00390625	0.00390625	0.00000000	0.00000000
0.05376344	0.02150538	0.00000000	0.00000000	0.00000000	0.00000000	0.04301075	0.03225806	0.04301075	0.02150538	0.02150538	0.00000000	0.02150538	0.01075269	0.00000000	0.10752688	0.05376344	0.04301075	0.03225806	0.00000000	0.01075269	0.01075269	0.00000000	0.00000000	0.00000000	0.05376344	0.04301075	0.01075269	0.04301075	0.05376344	0.04301075	0.00000000	0.04301075	0.02150538	0.00000000	0.00000000	0.00000000	0.00000000	0.00000000	0.00000000	0.00000000	0.01075269	0.00000000	0.02150538	0.05376344	0.05376344	0.00000000	0.00000000	0.01075269	0.01075269
0.02531646	0.00000000	0.00000000	0.00000000	0.00000000	0.00000000	0.01898734	0.01265823	0.03164557	0.04430380	0.03797468	0.00000000	0.05696203	0.01265823	0.00000000	0.04430380	0.03797468	0.00632911	0.00632911	0.00000000	0.00632911	0.00632911	0.00000000	0.00000000	0.00000000	0.01898734	0.01265823	0.00632911	0.03164557	0.06962025	0.06329114	0.00000000	0.08860759	0.03797468	0.00000000	0.00632911	0.00632911	0.00000000	0.00000000	0.00000000	0.00000000	0.00000000	0.00000000	0.02531646	0.08227848	0.06962025	0.00632911	0.00000000	0.09493671	0.03164557
0.06748466	0.02453988	0.00613497	0.00613497	0.00000000	0.00000000	0.00613497	0.00613497	0.00613497	0.04294479	0.04294479	0.00000000	0.04294479	0.03680982	0.00000000	0.13496933	0.07361963	0.05521472	0.03067485	0.00000000	0.00613497	0.00613497	0.00000000	0.00000000	0.00000000	0.00613497	0.00613497	0.00000000	0.01226994	0.04294479	0.04294479	0.00000000	0.05521472	0.03680982	0.00000000	0.00000000	0.00000000	0.00000000	0.00000000	0.00000000	0.00000000	0.00000000	0.00000000	0.00613497	0.07361963	0.06748466	0.00000000	0.00000000	0.03067485	0.02453988
0.04132231	0.02479339	0.04132231	0.01652893	0.02479339	0.02479339	0.05785124	0.01652893	0.01652893	0.03305785	0.01652893	0.01652893	0.00000000	0.00000000	0.00000000	0.07438017	0.04958678	0.02479339	0.02479339	0.02479339	0.04958678	0.02479339	0.02479339	0.02479339	0.00000000	0.05785124	0.01652893	0.00826446	0.02479339	0.04958678	0.03305785	0.01652893	0.00000000	0.00000000	0.00000000	0.04958678	0.03305785	0.00000000	0.00000000	0.00000000	0.00000000	0.01652893	0.00000000	0.00000000	0.01652893	0.00826446	0.00826446	0.00000000	0.00826446	0.00000000
0.00515464	0.00000000	0.04123711	0.01030928	0.03092784	0.02577320	0.01546392	0.00000000	0.05670103	0.02061856	0.00515464	0.01030928	0.00000000	0.00000000	0.00515464	0.01546392	0.01546392	0.00000000	0.00000000	0.03608247	0.07216495	0.03092784	0.03608247	0.02577320	0.01030928	0.03092784	0.01030928	0.01030928	0.09278351	0.07216495	0.02577320	0.02577320	0.00515464	0.00000000	0.02061856	0.09278351	0.06185567	0.02577320	0.02061856	0.00515464	0.00515464	0.01030928	0.01030928	0.00515464	0.00000000	0.00000000	0.00000000	0.00000000	0.00000000	0.00000000
0.00757576	0.00000000	0.06818182	0.00000000	0.03787879	0.02272727	0.00757576	0.00000000	0.00000000	0.00757576	0.00000000	0.00757576	0.02272727	0.00757576	0.00000000	0.01515152	0.01515152	0.00000000	0.00000000	0.01515152	0.12121212	0.02272727	0.06818182	0.03787879	0.03030303	0.00757576	0.00000000	0.00757576	0.00000000	0.00757576	0.00000000	0.00757576	0.02272727	0.00757576	0.03030303	0.14393939	0.07575758	0.06060606	0.03787879	0.02272727	0.01515152	0.00000000	0.01515152	0.00000000	0.00757576	0.00000000	0.00757576	0.00757576	0.00000000	0.00000000
0.04000000	0.04000000	0.04000000	0.04000000	0.00000000	0.00000000	0.00000000	0.00000000	0.08000000	0.08000000	0.04000000	0.00000000	0.04000000	0.00000000	0.00000000	0.08000000	0.04000000	0.04000000	0.04000000	0.00000000	0.04000000	0.04000000	0.00000000	0.00000000	0.00000000	0.00000000	0.00000000	0.00000000	0.08000000	0.08000000	0.04000000	0.00000000	0.04000000	0.00000000	0.04000000	0.00000000	0.00000000	0.00000000	0.00000000	0.00000000	0.00000000	0.00000000	0.00000000	0.00000000	0.00000000	0.00000000	0.00000000	0.00000000	0.04000000	0.00000000
0.01142857	0.00571429	0.00571429	0.00571429	0.00000000	0.00000000	0.02285714	0.01142857	0.02285714	0.02285714	0.01142857	0.01142857	0.04000000	0.00571429	0.00000000	0.01714286	0.01142857	0.00571429	0.00571429	0.00000000	0.02857143	0.01714286	0.00571429	0.00000000	0.00571429	0.03428571	0.01142857	0.02285714	0.02857143	0.05142857	0.02857143	0.01714286	0.06285714	0.00571429	0.00571429	0.04000000	0.02857143	0.00571429	0.00571429	0.00000000	0.00000000	0.05714286	0.01142857	0.04571429	0.08571429	0.04000000	0.01142857	0.00000000	0.10285714	0.02285714
0.00000000	0.00000000	0.00000000	0.00000000	0.00000000	0.00000000	0.04615385	0.01538462	0.06153846	0.04615385	0.04615385	0.00000000	0.00000000	0.00000000	0.00000000	0.16923077	0.03076923	0.12307692	0.03076923	0.00000000	0.00000000	0.00000000	0.00000000	0.00000000	0.00000000	0.04615385	0.01538462	0.00000000	0.09230769	0.09230769	0.09230769	0.00000000	0.01538462	0.00000000	0.00000000	0.00000000	0.00000000	0.00000000	0.00000000	0.00000000	0.00000000	0.00000000	0.00000000	0.00000000	0.01538462	0.01538462	0.00000000	0.00000000	0.03076923	0.01538462
0.01351351	0.01351351	0.00000000	0.00000000	0.00000000	0.00000000	0.02702703	0.02702703	0.05405405	0.08108108	0.08108108	0.00000000	0.02702703	0.01351351	0.00000000	0.06756757	0.04054054	0.02702703	0.02702703	0.00000000	0.00000000	0.00000000	0.00000000	0.00000000	0.00000000	0.02702703	0.02702703	0.00000000	0.05405405	0.10810811	0.10810811	0.00000000	0.04054054	0.02702703	0.00000000	0.00000000	0.00000000	0.00000000	0.00000000	0.00000000	0.00000000	0.00000000	0.01351351	0.00000000	0.04054054	0.02702703	0.00000000	0.00000000	0.01351351	0.01351351
0.00000000	0.00000000	0.00000000	0.00000000	0.00000000	0.00000000	0.00000000	0.00000000	0.16666667	0.16666667	0.16666667	0.00000000	0.00000000	0.00000000	0.00000000	0.00000000	0.00000000	0.00000000	0.00000000	0.00000000	0.00000000	0.00000000	0.00000000	0.00000000	0.00000000	0.00000000	0.00000000	0.00000000	0.16666667	0.16666667	0.16666667	0.00000000	0.00000000	0.00000000	0.00000000	0.00000000	0.00000000	0.00000000	0.00000000	0.00000000	0.00000000	0.00000000	0.00000000	0.00000000	0.00000000	0.00000000	0.00000000	0.00000000	0.00000000	0.00000000
0.00000000	0.00000000	0.00000000	0.00000000	0.00000000	0.00000000	0.12500000	0.12500000	0.00000000	0.00000000	0.00000000	0.00000000	0.00000000	0.00000000	0.00000000	0.25000000	0.25000000	0.00000000	0.00000000	0.00000000	0.00000000	0.00000000	0.00000000	0.00000000	0.00000000	0.12500000	0.12500000	0.00000000	0.00000000	0.00000000	0.00000000	0.00000000	0.00000000	0.00000000	0.00000000	0.00000000	0.00000000	0.00000000	0.00000000	0.00000000	0.00000000	0.00000000	0.00000000	0.00000000	0.00000000	0.00000000	0.00000000	0.00000000	0.00000000	0.00000000
0.02247191	0.01123596	0.02247191	0.02247191	0.00000000	0.00000000	0.01123596	0.01123596	0.02247191	0.05617978	0.05617978	0.00000000	0.04494382	0.02247191	0.01123596	0.06741573	0.02247191	0.03370787	0.00000000	0.00000000	0.02247191	0.02247191	0.00000000	0.00000000	0.00000000	0.01123596	0.01123596	0.00000000	0.02247191	0.06741573	0.06741573	0.00000000	0.05617978	0.03370787	0.00000000	0.01123596	0.01123596	0.00000000	0.00000000	0.00000000	0.00000000	0.00000000	0.02247191	0.01123596	0.06741573	0.05617978	0.00000000	0.00000000	0.05617978	0.01123596
0.00280112	0.00280112	0.03081232	0.01400560	0.01400560	0.01120448	0.02521008	0.00280112	0.00840336	0.02240896	0.00000000	0.01680672	0.01120448	0.00840336	0.00560224	0.01400560	0.00840336	0.00560224	0.00280112	0.01400560	0.06442577	0.02801120	0.02801120	0.01960784	0.00840336	0.02801120	0.00280112	0.01400560	0.00840336	0.02521008	0.00000000	0.01960784	0.02801120	0.01120448	0.01120448	0.13725490	0.06722689	0.05882353	0.02521008	0.03081232	0.01680672	0.00560224	0.01400560	0.00840336	0.03361345	0.00840336	0.02521008	0.01400560	0.03081232	0.00560224
0.12500000	0.06250000	0.00000000	0.00000000	0.00000000	0.00000000	0.00000000	0.00000000	0.00000000	0.00000000	0.00000000	0.00000000	0.06250000	0.00000000	0.00000000	0.31250000	0.06250000	0.18750000	0.06250000	0.00000000	0.00000000	0.00000000	0.00000000	0.00000000	0.00000000	0.00000000	0.00000000	0.00000000	0.00000000	0.00000000	0.00000000	0.00000000	0.06250000	0.00000000	0.00000000	0.00000000	0.00000000	0.00000000	0.00000000	0.00000000	0.00000000	0.00000000	0.00000000	0.00000000	0.00000000	0.00000000	0.00000000	0.00000000	0.06250000	0.00000000
0.07031250	0.02343750	0.00000000	0.00000000	0.00000000	0.00000000	0.02343750	0.02343750	0.00000000	0.07031250	0.05468750	0.00781250	0.01562500	0.00781250	0.00000000	0.13281250	0.08593750	0.03906250	0.03906250	0.00000000	0.00000000	0.00000000	0.00000000	0.00000000	0.00000000	0.02343750	0.02343750	0.00000000	0.00781250	0.09375000	0.06250000	0.01562500	0.01562500	0.00781250	0.00000000	0.01562500	0.01562500	0.00000000	0.00000000	0.00000000	0.00000000	0.02343750	0.00781250	0.00781250	0.03125000	0.01562500	0.00000000	0.00000000	0.03125000	0.00781250
0.04166667	0.02083333	0.00000000	0.00000000	0.00000000	0.00000000	0.00000000	0.00000000	0.00000000	0.02083333	0.02083333	0.00000000	0.06250000	0.06250000	0.04166667	0.06250000	0.02083333	0.02083333	0.00000000	0.00000000	0.00000000	0.00000000	0.00000000	0.00000000	0.00000000	0.00000000	0.00000000	0.00000000	0.00000000	0.02083333	0.02083333	0.00000000	0.06250000	0.06250000	0.00000000	0.06250000	0.06250000	0.00000000	0.00000000	0.00000000	0.00000000	0.00000000	0.00000000	0.00000000	0.12500000	0.10416667	0.02083333	0.00000000	0.04166667	0.04166667
0.03351955	0.01117318	0.01117318	0.00558659	0.00558659	0.00000000	0.00558659	0.00000000	0.01117318	0.09497207	0.07821229	0.01117318	0.03351955	0.01675978	0.00000000	0.06145251	0.03910615	0.01117318	0.00558659	0.00558659	0.01675978	0.00558659	0.01117318	0.00000000	0.01117318	0.01117318	0.00000000	0.00558659	0.02234637	0.10055866	0.08379888	0.01117318	0.03351955	0.01675978	0.00558659	0.05027933	0.02234637	0.02234637	0.01675978	0.00558659	0.00558659	0.00558659	0.00000000	0.01117318	0.03910615	0.02234637	0.00558659	0.00000000	0.01117318	0.00558659
0.00000000	0.00000000	0.06521739	0.06521739	0.00000000	0.00000000	0.02173913	0.00000000	0.02173913	0.04347826	0.00000000	0.04347826	0.04347826	0.02173913	0.00000000	0.00000000	0.00000000	0.00000000	0.00000000	0.00000000	0.10869565	0.10869565	0.00000000	0.00000000	0.00000000	0.04347826	0.00000000	0.04347826	0.02173913	0.04347826	0.00000000	0.04347826	0.04347826	0.02173913	0.00000000	0.04347826	0.04347826	0.00000000	0.00000000	0.00000000	0.00000000	0.00000000	0.02173913	0.00000000	0.04347826	0.04347826	0.00000000	0.00000000	0.00000000	0.00000000
0.00000000	0.00000000	0.00000000	0.00000000	0.00000000	0.00000000	0.10937500	0.06250000	0.01562500	0.09375000	0.07812500	0.01562500	0.01562500	0.00000000	0.00000000	0.00000000	0.00000000	0.00000000	0.00000000	0.00000000	0.04687500	0.04687500	0.00000000	0.00000000	0.00000000	0.12500000	0.06250000	0.03125000	0.04687500	0.09375000	0.07812500	0.01562500	0.01562500	0.00000000	0.00000000	0.01562500	0.01562500	0.00000000	0.00000000	0.00000000	0.00000000	0.00000000	0.01562500	0.00000000	0.00000000	0.00000000	0.00000000	0.00000000	0.00000000	0.00000000
0.06993007	0.02097902	0.00699301	0.00000000	0.00699301	0.00000000	0.01398601	0.00699301	0.00000000	0.02797203	0.01398601	0.01398601	0.02097902	0.00000000	0.00000000	0.12587413	0.06993007	0.04895105	0.02097902	0.00000000	0.02097902	0.00699301	0.01398601	0.00699301	0.00699301	0.01398601	0.00699301	0.00699301	0.00000000	0.03496503	0.01398601	0.01398601	0.02097902	0.00000000	0.00699301	0.11188811	0.03496503	0.07692308	0.02097902	0.05594406	0.01398601	0.00699301	0.00000000	0.00699301	0.01398601	0.00000000	0.00699301	0.00699301	0.00000000	0.00000000
0.00000000	0.00000000	0.00000000	0.00000000	0.00000000	0.00000000	0.11111111	0.07407407	0.03703704	0.07407407	0.07407407	0.00000000	0.03703704	0.00000000	0.00000000	0.00000000	0.00000000	0.00000000	0.00000000	0.00000000	0.03703704	0.03703704	0.00000000	0.00000000	0.00000000	0.11111111	0.07407407	0.03703704	0.03703704	0.11111111	0.11111111	0.00000000	0.03703704	0.00000000	0.00000000	0.00000000	0.00000000	0.00000000	0.00000000	0.00000000	0.00000000	0.00000000	0.00000000	0.00000000	0.00000000	0.00000000	0.00000000	0.00000000	0.00000000	0.00000000
0.07500000	0.00000000	0.02500000	0.02500000	0.00000000	0.00000000	0.07500000	0.05000000	0.00000000	0.02500000	0.02500000	0.00000000	0.05000000	0.00000000	0.00000000	0.07500000	0.05000000	0.00000000	0.00000000	0.00000000	0.05000000	0.05000000	0.00000000	0.00000000	0.00000000	0.07500000	0.05000000	0.02500000	0.00000000	0.05000000	0.05000000	0.00000000	0.05000000	0.00000000	0.00000000	0.00000000	0.00000000	0.00000000	0.00000000	0.00000000	0.00000000	0.00000000	0.00000000	0.02500000	0.00000000	0.00000000	0.00000000	0.00000000	0.10000000	0.00000000
0.01470588	0.01470588	0.07352941	0.00000000	0.05882353	0.04411765	0.00735294	0.00000000	0.00735294	0.00000000	0.00000000	0.00000000	0.00000000	0.00000000	0.00000000	0.05882353	0.02941176	0.02941176	0.02205882	0.04411765	0.13235294	0.02205882	0.06617647	0.04411765	0.01470588	0.01470588	0.00000000	0.00735294	0.02941176	0.00735294	0.00000000	0.00000000	0.00000000	0.00000000	0.02205882	0.09558824	0.05882353	0.02941176	0.01470588	0.01470588	0.00735294	0.00735294	0.00735294	0.00000000	0.00000000	0.00000000	0.00000000	0.00000000	0.00000000	0.00000000
0.00000000	0.00000000	0.00000000	0.00000000	0.00000000	0.00000000	0.06666667	0.06666667	0.13333333	0.00000000	0.00000000	0.00000000	0.06666667	0.06666667	0.00000000	0.00000000	0.00000000	0.00000000	0.00000000	0.00000000	0.00000000	0.00000000	0.00000000	0.00000000	0.00000000	0.13333333	0.06666667	0.00000000	0.13333333	0.00000000	0.00000000	0.00000000	0.06666667	0.06666667	0.00000000	0.00000000	0.00000000	0.00000000	0.00000000	0.00000000	0.00000000	0.00000000	0.06666667	0.00000000	0.06666667	0.00000000	0.00000000	0.00000000	0.00000000	0.00000000
0.18750000	0.06250000	0.00000000	0.00000000	0.00000000	0.00000000	0.00000000	0.00000000	0.00000000	0.06250000	0.06250000	0.00000000	0.00000000	0.00000000	0.00000000	0.25000000	0.12500000	0.06250000	0.06250000	0.00000000	0.00000000	0.00000000	0.00000000	0.00000000	0.00000000	0.00000000	0.00000000	0.00000000	0.00000000	0.06250000	0.06250000	0.00000000	0.00000000	0.00000000	0.00000000	0.00000000	0.00000000	0.00000000	0.00000000	0.00000000	0.00000000	0.00000000	0.00000000	0.00000000	0.00000000	0.00000000	0.00000000	0.00000000	0.00000000	0.00000000
0.00793651	0.00000000	0.01587302	0.01587302	0.00000000	0.00000000	0.05555556	0.03968254	0.04761905	0.05555556	0.04761905	0.00793651	0.02380952	0.00793651	0.00000000	0.02380952	0.02380952	0.00000000	0.00000000	0.00000000	0.03968254	0.03174603	0.00793651	0.00793651	0.00000000	0.06349206	0.04761905	0.00793651	0.04761905	0.07936508	0.06349206	0.00793651	0.03968254	0.00793651	0.00793651	0.02380952	0.02380952	0.00000000	0.00000000	0.00000000	0.00000000	0.00000000	0.02380952	0.00000000	0.02380952	0.01587302	0.00793651	0.00000000	0.03174603	0.01587302
0.00222717	0.00000000	0.02449889	0.00668151	0.01559020	0.00222717	0.01559020	0.00000000	0.02449889	0.02227171	0.00000000	0.01336303	0.01559020	0.00000000	0.00000000	0.00445434	0.00445434	0.00000000	0.00000000	0.00668151	0.05790646	0.01781737	0.02895323	0.00668151	0.02227171	0.02227171	0.00222717	0.01559020	0.02449889	0.02227171	0.00000000	0.01336303	0.02895323	0.00445434	0.00890869	0.15590200	0.07126949	0.07572383	0.05345212	0.02004454	0.01559020	0.02227171	0.01113586	0.00000000	0.04008909	0.00000000	0.03786192	0.02449889	0.02227171	0.01559020
0.00000000	0.00000000	0.02912621	0.00970874	0.01941748	0.00970874	0.00728155	0.00000000	0.00728155	0.01941748	0.00000000	0.01699029	0.00728155	0.00485437	0.00970874	0.00000000	0.00000000	0.00000000	0.00000000	0.00485437	0.06553398	0.01699029	0.04126214	0.01456311	0.01213592	0.00970874	0.00000000	0.00970874	0.01456311	0.02912621	0.00242718	0.02184466	0.01941748	0.00485437	0.01213592	0.17961165	0.06067961	0.08980583	0.03398058	0.04368932	0.01699029	0.02427184	0.02669903	0.01456311	0.01941748	0.00242718	0.01699029	0.00970874	0.03640777	0.00485437
0.00000000	0.00000000	0.00000000	0.00000000	0.00000000	0.00000000	0.12500000	0.12500000	0.12500000	0.00000000	0.00000000	0.00000000	0.00000000	0.00000000	0.00000000	0.00000000	0.00000000	0.00000000	0.00000000	0.00000000	0.00000000	0.00000000	0.00000000	0.00000000	0.00000000	0.25000000	0.25000000	0.00000000	0.12500000	0.00000000	0.00000000	0.00000000	0.00000000	0.00000000	0.00000000	0.00000000	0.00000000	0.00000000	0.00000000	0.00000000	0.00000000	0.00000000	0.00000000	0.00000000	0.00000000	0.00000000	0.00000000	0.00000000	0.00000000	0.00000000
0.03333333	0.00000000	0.00000000	0.00000000	0.00000000	0.00000000	0.00000000	0.00000000	0.05000000	0.08333333	0.08333333	0.00000000	0.08333333	0.01666667	0.00000000	0.03333333	0.01666667	0.00000000	0.00000000	0.00000000	0.00000000	0.00000000	0.00000000	0.00000000	0.00000000	0.00000000	0.00000000	0.00000000	0.06666667	0.13333333	0.13333333	0.00000000	0.10000000	0.01666667	0.01666667	0.01666667	0.00000000	0.00000000	0.00000000	0.00000000	0.00000000	0.00000000	0.03333333	0.05000000	0.01666667	0.00000000	0.01666667	0.00000000	0.00000000	0.00000000
0.00000000	0.00000000	0.00000000	0.00000000	0.00000000	0.00000000	0.06818182	0.04545455	0.11363636	0.00000000	0.00000000	0.00000000	0.06818182	0.02272727	0.00000000	0.00000000	0.00000000	0.00000000	0.00000000	0.06818182	0.00000000	0.00000000	0.00000000	0.00000000	0.00000000	0.11363636	0.06818182	0.00000000	0.15909091	0.02272727	0.02272727	0.00000000	0.09090909	0.02272727	0.00000000	0.00000000	0.00000000	0.00000000	0.00000000	0.00000000	0.00000000	0.00000000	0.02272727	0.04545455	0.02272727	0.02272727	0.00000000	0.00000000	0.00000000	0.00000000
