0.4482456719636597
0.7226081225609641
0.3627238431679806
0.4229623658727101
0.43759721377196303
0.4729788988443586
0.4034696755343784
0.42437447342295476
0.44016726341341716
0.5553607498863532
0.506263260151768
0.5747665211597348
0.6349609488722637
0.563606987319053
0.4831989823855056
0.770377520411981
0.3645266378289738
0.5281999424266823
0.4124677593374986
0.4778388614930926
0.36614738844566075
0.4703013307701369
0.49982879861140217
0.5033262619360126
0.5159067574150236
0.5123527074144508
0.6756919617684
0.513310379005297
0.597585142172763
0.49887314019678536
0.4948848191500744
0.9484204190236952
0.4920492711596681
0.4755838274239137
0.4918141198092279
0.540531053517723
0.5763257133532468
0.4234537861332382
0.5020870870920591
0.46519404294746364
0.5102605602110989
0.5000000027272727
0.4987125618996342
0.4830033364549834
0.4876129735271486
0.9484204190236952
0.43460248915300637
0.45551573318567734
0.37506093559421516
0.5285941024853146
0.43591560058898493
0.35435782057175
0.4933011442803162
0.8705668448160037
0.45580341470493196
0.4676767802130112
0.5678677578421434
0.4540323012608476
0.5825977579591732
0.699050797728063
0.5150868525621947
0.42518289474066157
0.40624668031098854
0.46694088062131783
0.6427652146130898
0.4805144283691466
0.49317799682571173
0.5250433258059464
0.5274056202456127
0.46628283554501154
0.5742241976548821
0.506417221293372
0.451737656839451
0.5628093777396447
0.5258931183117171
0.4569500149392255
0.6293851058560475
0.44856360615744967
0.7092422428798735
0.5505472557395013
0.5042060138155728
0.4941685931812764
0.6794988508277952
0.41299804585361977
0.5970751750541552
0.37891267494271924
0.5408309884218863
0.4151758382805934
0.4345051272101989
0.611691596392036
0.5308740933884687
0.5597876637686322
0.6070451564448911
0.6007892060145588
0.41037680785448755
0.4626381136492643
0.39576987841200967
0.5981711516130072
0.46078364504254193
0.8411064295798814
