0.41170693515460866
0.5088992150831829
0.36491862086213966
0.5093523395128048
0.3989013045269502
0.36960155515327797
0.3724200871767402
0.42926871336586014
0.46646833247070446
0.5269621611233943
0.4683587327492347
0.48472134528416266
0.6025925675172121
0.36224646152840667
0.49398095955768484
0.6340448846911102
0.390075343606618
0.4465724542474455
0.38697754381433697
0.4758380872734703
0.3814611384065843
0.3724307744040911
0.7513829642498173
0.5725422665619712
0.40409392566033797
0.4172609927540465
0.4566154130279205
0.5715739081988023
0.5061212666622975
0.36404718692246973
0.4101549228038595
0.5715739081988023
0.4835312338489309
0.3379002192459604
0.3825338165952608
0.3726824668872913
0.41472103754427103
0.34762129921258356
0.4219732702565065
0.4792217748084677
0.4113976602324137
0.4903571224092407
0.4066085857994143
0.4000523900285242
0.3937640870926795
0.7009874318569292
0.321889698435819
0.43225418287343415
0.5094706780486568
0.5830999143150024
0.43897218184545733
0.33204995746102867
0.4962848473838587
0.5627078547662758
0.6703889511121595
0.43690469077129973
0.49329493819513315
0.39438235428908275
0.5419623431520192
0.8428086359835749
0.5035129599327921
0.34312462545642913
0.3708691129909245
0.38597778819117845
0.4789948576164023
0.5144625036766137
0.33758763848577367
0.48749136741282867
0.3984585965718848
0.4002249359234143
0.45795840509714403
0.3799912883289089
0.41784597558306186
0.5289941355786788
0.46852086663437176
0.36277370430895134
0.4731607042459751
0.40786599029264964
0.6396122101763889
0.7062507908533938
0.36967008661264855
0.4035303013614468
0.7254116650045637
0.42025318078834856
0.531801795854026
0.35571377972198476
0.46361980041085865
0.43574901483899325
0.4466481631711842
0.4660714430486857
0.4438212348368302
0.5455435164987761
0.5900604737880986
0.6568667919531398
0.31974646430245707
0.44283640017811676
0.4725556748884842
0.6901987825180375
0.4858812411258423
0.5267750070171777
