0.1949446606327958
0.2872363245928221
0.17997691046836595
0.04799418700552295
0.25285605493431196
0.09919309787887211
0.1862203847968642
0.3171883989855127
0.4396837071218283
0.04375510120099795
0.5547613037518436
0.3888809109611181
0.0713217291068867
0.25645986488008676
0.2673486600452306
1.00000001
0.2232834269781837
0.32718017334671234
0.31311888800922494
0.27661211499433247
0.14363664235105833
0.2526115281245957
0.770426039819711
0.23703703145798566
0.4847348566858737
0.12003893390264439
0.4181369110462777
0.545064050210563
0.18382437454288372
0.2630833410930019
0.432312507231409
1.00000002
0.15249399513487674
0.22534754332887602
0.317552176631339
0.3167353870484996
0.35076679486554974
0.14829239475304976
0.09977575321754581
0.30088529475623604
0.20078780350559755
0.5000000150000001
0.21432829529928749
0.09800065807907857
0.26076602629416534
0.5487949406953987
0.1381099012669566
0.17455581941192133
0.17134271427387426
0.6404484983645642
0.2790148968037748
0.1343931504808664
0.6032467339315515
0.8274287575924126
0.47941208599705465
0.15259380349042725
0.032626401235305316
0.26962654929436514
0.18897711053547464
0.2981838679168971
0.08173746743107058
0.1497799683887182
0.21806604149011233
0.10092987311162628
0.16026288417605092
0.1085845759890323
0.21564806130673259
0.13057605298237385
0.18855231965987798
0.2718983594078612
0.23547165114728844
0.2647387503695204
0.1342448418467473
0.14575137449304582
0.5539542342822257
0.3343713325066735
0.46193504139928065
0.08349219821828367
1.0000000199999999
0.6284905987909818
0.3044095721319565
0.13562038002801785
0.25903808314205223
0.296578485230619
0.462771753552915
0.09994880952984389
0.14305549454944555
0.25696333198651167
0.10322637656059569
0.14981434960650603
0.49181827419432333
0.04396926894915499
0.5096920835633194
0.8151031116680253
0.26883415304916686
0.07638066664608181
0.15525792827965412
0.5029010745071729
0.29647362382104975
0.41092639930462227
