0.4408266764805913
0.7484967114628983
0.37208867426278275
0.40839653747807514
0.4259804513445876
0.40021120670557647
0.40471225108914677
0.44606069672748855
0.395554538301185
0.45462765527557286
0.45765375470043346
0.5752787965055636
0.545167939451901
0.4398432692199327
0.47952184086201155
0.7160814079184674
0.38138028133242996
0.47279992787282454
0.36171868789666384
0.5238110284383757
0.3652192461973852
0.40603850416496834
0.6569365106356149
0.606851817881779
0.391049847141196
0.5061579707226445
0.5818079574109862
0.49009504380792407
0.49494949742424266
0.430861836273407
0.4183367170538811
0.6962556979165427
0.4711597137321775
0.38957177661708253
0.48551600308558496
0.4666695597262837
0.4834915625609254
0.3910772562491043
0.5250487846620046
0.42435139758388085
0.4656030615154092
0.6555092403776873
0.40473210886748245
0.41302644931542304
0.44680350528292256
0.8543764658260895
0.35643038402335686
0.4511589297606147
0.4146780823096247
0.5464495550215467
0.41451014740573144
0.33881210708234094
0.42104482982483693
0.49494949742424266
0.6138798483836605
0.48324171392327137
0.5233849777985891
0.42542734976602226
0.590907719634248
0.7983523066337317
0.5106206951759882
0.3737424001521027
0.41331547065740887
0.4328845465884832
0.537556024546172
0.4539427670786437
0.4299519924605046
0.5360933996756827
0.48397428172819135
0.46070915829290243
0.5599882217723138
0.407343280783807
0.46445993013479453
0.4808067699088097
0.4442299974797842
0.3962772323519939
0.5277975426154738
0.46092911420147126
0.7144447680729312
0.6665805520237253
0.4400886733946344
0.40150766658753184
0.7462159967759691
0.4373064299961068
0.5009449200578141
0.38190940884057734
0.529841317699381
0.407785817420252
0.41803051264573843
0.6163061262179048
0.4273714455542743
0.5604310058466279
0.6951171729188327
0.5616983320509965
0.3727720243702638
0.42379432202185474
0.3923233100944361
0.59988114954469
0.49099098037071826
0.6283988065473244
