0.40170872932790896
0.5426407776128039
0.36066174685342245
0.4408923094286476
0.4392681167243514
0.39441183963802207
0.3860899190862447
0.4098057188602932
0.43922337047875243
0.5179291003057334
0.5286507206154425
0.5016457109262846
0.5873889393353056
0.47100686732244534
0.5393015062563412
0.5639800955147553
0.3653179955036298
0.509454577280779
0.44594853003271967
0.48046026625673405
0.3728536749912151
0.4440853799874031
0.7115447010009849
0.5283733210041025
0.4575873533089947
0.4491513319184031
0.5347527313086126
0.5938525439920167
0.5274826059212493
0.4806261154947782
0.42496989943321517
0.6888897100797614
0.5213003301521829
0.43832176164443787
0.42200151372748046
0.5404495372513007
0.5193455724053342
0.37665387777696335
0.4645508946337705
0.4853600363851579
0.4524734888463691
0.6679593767727826
0.4486457205083799
0.43301412523438915
0.4256902876376603
0.8272664475171155
0.38736004293276743
0.4611929418197621
0.40708898255572
0.5117192158278291
0.4111468692475145
0.36008666263555583
0.4697103918074226
0.5740367012003976
0.5190108477333554
0.4553853280048671
0.5317134957336953
0.39190479246466203
0.5363150716552766
0.7323546091601115
0.5183696078039766
0.3858757774339109
0.4237726567401748
0.44838170944007166
0.49055490122147816
0.47681635459998967
0.38977393443240854
0.45035300333838835
0.44720492052076716
0.4074757082186975
0.4604767930741231
0.4353668763521547
0.39017494405376485
0.5846729899460447
0.49121209561539086
0.42240602994373294
0.5589481277063284
0.4900675095651424
0.7400697296151797
0.6779064185340625
0.42623912406393855
0.42950074404298366
0.7470537943527746
0.37609581428021505
0.6280903760406704
0.38172094306010107
0.5039314009342152
0.43762741805744204
0.45887305876694623
0.5442061932835295
0.5232190082896238
0.5931680896164453
0.6101025866003618
0.6384881863378613
0.3773189125397599
0.43120302273426847
0.39772630640225415
0.5927561820503647
0.49671114756778156
0.6828044671803707
