0.11503462347223418
0.5319390729327697
0.08494404091429
0.024797394784194113
0.17828136348177157
0.056682114255309834
0.10249777848608471
0.20722744664427012
0.17196119349642125
0.06436567028002943
0.46196531885341796
0.3232449946527708
0.21969107704234386
0.23264709541487455
0.30631805232703935
0.5375056281518491
0.11236683653010218
0.3127014307662126
0.18255383199905795
0.2060592380702777
0.08624080035693824
0.15159556534613305
0.8946554577723681
0.4495233356367339
0.32322292238541533
0.12080050220090022
0.3145795146680431
0.6592525182595266
0.50000001
0.12655330215959487
0.18464347547789423
0.9999999799999999
0.14315543719290713
0.26473313855457203
0.3129369905721262
0.6710173050410149
0.3144128141535738
0.11480661095623604
0.23367123974435647
0.2879659199206894
0.10216437662807105
0.7389928546045696
0.09530660069004106
0.07358696580337061
0.19017766520966856
0.2690232187001198
0.08163531475274119
0.1950871142126667
0.0510830624028618
0.6107755069993266
0.11505429188770443
0.07626358213888301
0.26197527713787105
0.5000000349999999
0.25623874804428437
0.16336849117331545
0.07113617910311101
0.1317798482736713
0.2012004110060274
0.40563906222956636
0.11622212354087783
0.06385022503380779
0.2561550096605547
0.10957600237830464
0.09362198954647047
0.06966470386522694
0.10503958393391051
0.13807431863047354
0.26803309911380935
0.07425031322902872
0.2249019552953502
0.2727951529438362
0.10872064296241865
0.17934831957984676
0.20993386853642965
0.17881421792526986
0.12297545550573552
0.28027863351696447
1.0
0.5096786259006956
0.2557607357859314
0.08177471073208271
0.4266720949729607
0.1719051399665676
0.2636823776448167
0.08455280578981586
0.28379448563239024
0.08650344651646522
0.14360622491311242
0.35399172096499343
0.3083739070083408
0.10916670737512252
0.746413648434098
0.367072817012393
0.12062481630327851
0.036953311647691015
0.0733605078566478
0.1430348174496349
0.20785220721585174
0.3745474580912421
