1.2140821106217838
2.762559205079522
2.032370990050733
1.4788066037559107
1.0453171814947197
1.7721822934166063
1.318166241133329
1.6275682254385329
1.112670963888221
1.6055464899066147
2.0822507176521055
1.1069074099343712
2.061344075982471
2.729623126542431
1.2174982933596397
2.416538348741668
1.60338031543105
2.770810264102336
3.2824673853810116
2.0139487757335983
1.9359368364566092
0.8864077389641671
2.9433198312579236
2.595711989266568
1.2088092892928834
1.7610036099428188
1.7037212667928414
1.0203144238501762
2.638390820298654
0.9380352120842508
1.5784959279953732
1.8072397833987144
2.5369884286764632
2.447549666882436
2.8288898847316837
0.4353805975234273
1.7432669942305856
2.088413928022872
1.1943447683835906
2.5925164725173753
0.9654817035908934
1.692227401491269
3.091055330585342
2.496474319881802
0.8403164968087158
0.5227743972062893
2.225030626986916
2.701031347318574
0.4847979302154004
2.7105943480412273
0.29291378254770867
0.5823224158888577
1.1616617520999502
1.5302480665995257
2.4118895537652936
2.6855476664384073
1.1449390989812889
2.663368394454375
1.5962677954306388
2.411414175964821
0.6709822380610804
2.369758530362035
2.1038124355628414
1.2297438793689868
1.276020355470866
1.6681237608288113
1.762762730857057
1.480585999419152
1.861732978682935
3.0043426375149656
2.708629102928057
1.7871762832139892
1.8600468975405466
1.3537019399780592
3.1908366214842
2.684573670173548
1.5233891105629098
1.951461802854342
2.381341674089527
3.6664224056473396
2.5081685583309006
3.453964920320898
3.389195962483203
1.3841491629339016
3.196414208409706
1.1002740458449316
2.7365852946035547
2.6839260206479967
2.6521565032872836
0.7265069800358215
3.2150507298861224
1.1211158358494875
2.645415429881724
1.5565080101715134
2.5268394382673707
2.8039006130853608
2.946821401152369
2.7987865454293708
2.3827469578854314
1.366558799563193
0.5922052499277994
2.952222438653405
2.1018730318986902
2.2975469910290727
2.0431468533897794
2.78789656223935
1.4363705124056647
1.4226887725812327
1.9296945323914927
1.2357517701681442
1.8869593146847743
1.0509513624806213
1.4282094854403766
1.3420810571026107
1.9165905249757964
2.1650326421632964
0.6748887855710182
0.7764222106023861
2.2607940084369664
1.1977882428180122
2.671074298994391
1.4506916132505203
2.1298631794396874
1.6713353926316672
2.727958217023521
2.4634364714039836
2.661140700108363
1.7848458226414032
3.084697540871026
1.330132468026314
1.8364169085658637
2.800622069925777
3.6884844628548907
1.6329844346271627
3.0522706644349173
2.7735747500808294
0.3739230374728036
1.391371551330352
0.8783981325619229
2.6583675387490793
0.5420119373590008
0.5992303687347149
2.607519839615558
1.5218729131342605
0.6582560238170714
2.4477486313226757
2.9078273383154514
1.926373755436856
2.2462293179392256
1.7667559754669946
2.6675217849513873
2.0920961864015286
0.5896015862080993
3.2289754207715364
1.767400113138437
2.9388251516841324
1.8072532555387446
1.0411149059652924
2.1432735675133543
1.597860980190393
1.8183699829074418
0.9265364964953497
2.8311244625152447
1.8629136318258963
1.4960327923907601
1.7986845421351663
2.068120095664771
3.674254940106127
1.2270880507801227
1.6751137773441624
2.2565642145736877
2.428455161304397
1.5431277246845028
1.1981227147889673
3.0200200634900267
3.00642298944702
2.1658530144348305
1.2212540712681146
0.8240856250551127
3.19773838248355
2.043186516693939
2.547660503769446
1.777745775955631
2.3343147890742264
2.9272294599412767
2.1693385198527464
2.632845573596481
0.34002107500549134
0.4360609392668504
1.2622498280436316
1.979849170678364
0.4956642470740848
2.5961221090152486
1.3564886290523563
2.2294617573266278
2.6756773568235355
1.0922110429545393
2.253529005146513
1.4943140114035138
2.5487670677206067
1.6847781918994384
2.2332860505699954
1.1699893750701658
1.3098615858008233
1.430911393588246
1.1396078951209665
2.683873454851075
2.166907464116056
0.6649404930279926
1.5384654139629845
3.012945223304139
3.8758992469916027
3.4107930978916894
2.078541671715798
2.207678412569102
1.8354457609611206
2.130318739697655
2.334814272997217
2.5189156956390493
3.1061541319655213
1.6305440453894162
2.1263770332132568
2.4813400697815355
2.685427469629615
2.3878361377828483
3.209901909235997
2.3932773881611
0.7042883970279281
1.6177367050767537
2.6732343882301297
0.8033597591423196
0.827160656649777
0.6885945297738949
0.22530174284224702
0.9748834130210562
0.7204978759551385
0.7893961319104885
2.4878469749778076
2.527926002886109
0.8875803513495696
1.9841638355577562
1.586904479037406
2.6466791144550585
1.3361331967811154
2.143672175857667
2.664549678234423
2.8605225006908306
0.8583954532072369
1.2184543386198916
1.2745035476825566
0.9042327268109902
0.8656698679918314
1.1920926317954792
1.8430115820797124
3.1014762368724202
1.1092459466008169
1.4399915503778766
1.2210331232130933
1.4907306011216301
2.642624590992124
0.630642521725268
1.104427362064495
2.6173238290698357
1.9274216702635611
1.666333985353391
1.0994388543593394
1.3199898051234729
0.7112844746461416
1.8521601915868873
0.28096220147756634
1.266442131684161
0.6276483119725391
2.63822244384812
3.138885478849187
3.2849690842582717
3.557033758628962
3.4697338843736953
2.094462040287939
0.7362546473230419
0.15987211833031842
1.9817956740319314
1.9594189718647412
1.4263291577093424
4.17531377867354
1.8524042561422367
1.6644885906210192
3.22651479556856
2.2078563117958288
3.764729458501871
0.8681432885733557
0.7455535319471981
1.208989031388912
1.5066874600182008
1.0425332910649134
2.7397990288991014
0.4180308300041028
1.6576960735730615
1.3483493294989346
1.5332372313173057
0.6392616374998416
2.036845781433601
3.211562915394324
1.9136632701689273
0.7168008727433643
1.6480234529825946
1.243302859374402
3.290969803437555
1.7367994400023985
0.5722521593498008
1.7617027134649856
2.6871039687033464
2.9792051646150304
2.291009336992741
1.5874609701834812
3.9046835443556707
2.9439748777974035
3.8364081929435923
3.5727079152433863
1.3205228156956417
0.38337885363952967
0.9882998415625666
1.6422793502053237
3.5156574833977743
2.5384293978441645
0.4485847597063297
0.8182722386798988
0.808120774647986
2.417376151994456
1.0127254375025072
2.0760921722903456
1.9414063608891046
2.214506599620853
2.592665343453199
2.3947879701758286
1.3982294269321627
1.0473342471595446
0.9464293547850486
0.9241705453652198
1.730653779503875
2.4394502677659067
1.0355114089495994
1.8996831755808705
2.5155383834511413
2.284836783170891
1.6542889003882473
2.1635562388261764
2.023979969393987
2.3632088536542684
1.7518041445461066
1.770041157817904
1.9811351956016567
1.2217984503304598
2.400412500105337
2.8167975619897105
2.74327277647505
1.882457194842786
2.3561007755007495
