1.6575785294606988
1.165917149130781
1.6059296041090523
1.3963757137276989
2.0800381396531584
1.7249468532955121
2.619763631206799
0.4305055143271146
3.225577612260862
1.9145104980848213
2.258262659730757
3.581452845210457
2.2990886047608217
3.4206847575428103
2.6568726391086974
1.5340679182492583
3.2799424122880283
1.0825762878716614
2.619763631206799
2.346443973614793
2.422899096708799
2.0926681520641632
2.5753503190086477
1.833844814513569
2.5599453411908444
2.0223425710008853
2.761024627922083
1.9531764718367723
2.2387964446373667
2.773715939085821
1.6363679784284981
1.7555834159059656
2.346443973614793
1.3992868866359167
2.1573882439092076
0.7355337443198645
1.4816158530955235
2.163592377620059
0.6830466119759278
1.034407375873261
1.471308101117454
2.378870351844487
1.0151479873996891
1.532052721849561
1.8793689775203037
1.1948835301384901
1.5098275350703165
1.1331390396361207
1.7124864688518944
2.634467304370528
2.7880545102800713
2.16300009367484
3.2845471026244644
0.8392605524220538
1.2424637385481296
1.6664140886862207
3.071565539035759
2.1915330631911054
2.3947675224246234
0.4305055143271146
2.422899096708799
1.3992868866359167
1.1016467166329622
3.5035679049857507
1.4533540728732253
1.7019232418191739
2.2381631088059497
3.0963282301786457
1.9408790605048638
2.3167099466419745
1.3994900558782009
3.021021337955365
1.144951642634648
2.26702941229728
2.1573882439092076
3.4435029860056545
2.744752681843972
1.1594128225742395
3.4404388066564353
2.5006454152100064
1.657733294755355
1.9957475804181262
1.5290978474010029
1.3326712693227227
1.165917149130781
2.647362794367739
1.9047743675542825
2.8135862393092244
0.6997727374530307
0.701904597388362
1.0742448076754012
0.3505395291796125
0.603210165959727
2.442366863620455
0.5757367416910835
1.6297209344361576
2.634467304370528
3.2100647443910657
0.6997727374530307
1.5708382275000712
0.48556331844722445
1.8692918291879759
2.6240144191339327
0.2985440540136843
0.22403987059185826
2.622514554732179
2.8893163342128867
1.6059296041090523
1.833844814513569
0.7493690860741196
0.8071739359144284
2.163457725247171
1.2595126792947626
1.8294983620457477
0.5581968414200684
1.20624408708581
1.0957253232386572
2.0546572246303105
0.8986771923576686
2.4286178579783266
3.402972310503716
2.1803297423038686
2.163592377620059
2.16300009367484
3.550377782167593
1.537790929383429
1.5708382275000712
1.2829651309247918
1.8395595378569398
1.4702441222539546
3.251904977312594
1.5758457020820986
1.9782654653395424
2.3829861882874592
3.010319707782922
3.2845471026244644
3.5035679049857507
3.4435029860056545
2.1394343855156572
1.2504439584026272
3.1886156606082934
2.048704481421535
2.5360062413473727
0.49038404074033526
1.600591765344586
1.0454441416514206
3.4104861445438313
1.0794420336609436
2.8647575585877574
1.9145104980848213
2.0223425710008853
0.8122762743861398
1.4052963067804005
1.4533540728732253
0.8759135232376281
0.6341491183070156
1.9719995829948966
1.0622464964468126
2.013394195694496
1.9813632985750238
1.6591622050557917
1.049643808188241
2.258262659730757
0.6830466119759278
1.955072425243567
2.744752681843972
0.8071739359144284
1.1717258831086281
1.1219692115578792
0.6558457683402281
2.483119629077067
0.8705583336750615
1.8634936097247468
1.395100180792364
0.7226692647545648
1.034407375873261
0.8392605524220538
2.449933129301618
2.163457725247171
2.4929190460914716
0.8759135232376281
1.1717258831086281
2.691431711171922
1.0315362139171866
2.512628779373535
1.9529209645194485
1.492713398375419
1.0216316207750498
0.6871885474663271
1.6087478012080156
2.761024627922083
1.6282784172166682
1.2424637385481296
0.739212527264024
1.1594128225742395
2.3351971580912263
3.251904977312594
3.1886156606082934
0.653231872040241
2.61353235430448
3.0529736647307324
2.389395816704044
1.4849172789235365
3.8874101760125113
1.648140442203907
1.4842723176424322
1.384319270297384
3.581452845210457
2.377946295766556
3.532196895993666
1.5758457020820986
0.7506483939353608
2.691431711171922
3.249049805523314
2.4638694378660704
1.1951589843452046
3.0255744163156773
2.872510013430502
1.3599275097681198
0.9353171003935308
1.7019232418191739
1.8424891485757142
1.6228960556031056
2.048704481421535
0.6341491183070156
0.8281482779335637
1.0315362139171866
1.6988652247488387
1.6840693145805827
1.9395028286969056
1.0519017434557982
2.0334672018859425
1.6925886285274796
1.2562834145635597
1.6541504412673418
1.7997802096680213
2.2773373428005117
2.2990886047608217
2.6537422816055063
2.5437660075531676
1.8294983620457477
1.7027758657738599
2.5360062413473727
1.9719995829948966
2.600440972775421
2.61353235430448
2.4638694378660704
1.9395028286969056
2.4754887356943804
2.4199458088849637
2.5705145683135715
2.2684291385802933
3.0963282301786457
0.6352771236360936
0.5581968414200684
1.2066069298870632
0.49038404074033526
0.852805497059133
3.0529736647307324
2.4188099686967615
1.3381926707637288
0.7369422855358891
3.034270584666019
1.5309373295090647
2.270090347351468
1.9531764718367723
1.9408790605048638
1.3221927831887554
1.600591765344586
0.6558457683402281
1.84637309718924
1.595776720781589
2.3734929820576003
1.3648641505636987
1.2416113088109786
1.4075129687763501
2.6433398810039495
2.6568726391086974
2.3167099466419745
1.0184109102868586
0.5958778763314948
2.112484949667082
1.0454441416514206
1.9529209645194485
2.625521955958088
2.0577134759206843
1.808218115070713
1.4137783076714994
0.7835891566157955
2.378870351844487
0.9390302395634049
1.657733294755355
3.0606512661941174
2.783961282127014
2.483119629077067
1.2054334523572727
1.6751960346687125
3.0357086613165447
3.098951527887219
4.1588752364251125
1.757987445264461
3.378435098417432
0.6212608390926162
2.410265146909342
2.4754887356943804
0.9416574803593778
2.345928197877046
3.1222176830024324
2.8134442858986484
3.442045145226664
3.3883289872714344
1.6363679784284981
2.1915330631911054
2.0546572246303105
1.9173931799053874
3.1034530831262845
1.492713398375419
2.60857971008402
1.894756089067779
1.6077511388983357
1.6179925324197502
2.072494796810391
1.539501149699913
1.3994900558782009
2.3829861882874592
1.049643808188241
1.0216316207750498
1.2416113088109786
1.7714237077950479
1.894756089067779
1.7414812499037864
1.4513755932588097
3.2799424122880283
1.3602260031051105
2.3947675224246234
0.8986771923576686
1.5933979709110426
0.539071133821085
1.7166009305373189
0.8988236103177402
2.9471738701052645
2.7798811489455724
0.3621127777920822
1.4075129687763501
0.7835891566157955
3.098951527887219
2.690757602350343
1.7610177083015248
1.5831101961581462
2.622514554732179
1.8214856204297627
0.6871885474663271
1.7997802096680213
2.5705145683135715
1.4806505103723917
1.750304636276259
1.029831464425419
2.690757602350343
2.178950762614597
1.0497337237602622
2.8984275527346464
1.2146879241754234
2.4580360339314735
3.133756784866251
3.028098361552399
3.204420778128813
2.057939684817205
1.384319270297384
3.0652978500025863
2.2621282679694206
2.5292719280276748
2.6433398810039495
2.9253497617570083
3.3883289872714344
