2.4501135057448193
1.8773880781884889
1.431600088508026
1.5418026289718776
1.2376294612594056
2.3784232723861773
2.5130060653353756
2.6505676736239914
2.2845090412726687
0.9501910640147713
1.43484718594658
1.309258160023194
2.4501135057448193
2.3460705146311827
2.1502872322322326
2.4567265985275197
1.3422558497784005
1.7078998511199641
2.288468983513558
2.1741015413986644
2.8360484222219977
2.6836484100049374
2.8479088219522595
1.6347144385074959
1.7685485642730332
2.032713081991149
2.241408754083305
2.3460705146311827
2.374852611957621
0.7162565602799849
1.5687551395978745
0.8830327752136278
1.5056441484039313
2.1537878211413313
0.8220000539480646
1.2058983514006338
2.064377808166415
2.9208472892189326
1.6498027309643208
1.1840839512050993
2.842652487398471
3.1281649145660873
1.862618666648436
2.374852611957621
1.9163906836100502
2.4781449137628857
2.6837535948481808
2.7520004808759353
3.104979801286122
0.39289545445359647
1.4581060412471463
2.193609188271202
2.9584472080403126
0.49374312788955926
1.5654464780297555
2.5883377072233005
0.7162565602799849
1.752286804182279
2.7795099586872016
1.633596779268495
1.2037261847284304
1.9164376890276178
1.6031363466908304
1.5036802868001535
3.4675044144052154
1.4303638751627492
0.8675150958451237
0.8500741984724203
1.8835723542877725
1.431600088508026
1.5687551395978745
1.550112459111992
2.554076016551827
1.0887891942743164
1.737757921805041
1.7648746816892433
1.20481835097174
2.8573100826210602
1.7141218578343485
2.6275137998406355
1.3323739888882176
1.5418026289718776
2.944793015860192
0.6610903520838243
2.7795099586872016
2.554076016551827
2.956564236470103
3.270992354388503
1.5477304352046493
3.2452038915515704
3.439799328934394
1.1608627101942102
2.5367626151315568
2.3757181766040834
2.056678971852644
2.9568329856446387
2.6803242887291274
2.4688207945733827
2.4781449137628857
1.6026564104824046
2.956564236470103
1.8423575053804986
1.1625854233721864
3.123409635934338
1.5325071529430343
2.9721099461518876
2.4567265985275197
1.5056441484039313
1.0887891942743164
1.7193442104932561
0.8050876940311598
1.1437835372705614
1.3679123608199175
0.8433429732084814
2.6837535948481808
1.2037261847284304
1.5014027467110571
2.402283981893202
0.3285111466765768
0.8093548375031814
2.3177921096108687
1.9036624850915462
3.236917113147133
2.128634105841229
3.129161158265762
1.9910441366002347
1.0105843522231395
2.1537878211413313
0.6975313325520267
1.9164376890276178
2.1872686886379418
1.5477304352046493
2.40611692779927
1.0251974576644165
2.6408687435756795
0.35914432834382215
1.3755499739910406
0.5542197289288509
1.9594545844798525
2.9896588637320387
1.710655393036951
1.3694476274476244
2.5130060653353756
1.7078998511199641
2.8420688744913147
1.737757921805041
3.2452038915515704
1.787563153984115
2.5618180979309084
3.354539248750833
0.6265966139413817
0.692736086017394
3.25949425139765
1.4750503894337152
2.4169419996533392
2.7520004808759353
0.8630283454246879
2.5607786539696376
1.391997043924045
2.487395257326961
1.7697915453009396
2.3980645911623517
1.0008341861487267
0.9335471853898364
1.1302923525316053
1.4136766156620666
2.4786406184334044
2.6505676736239914
2.288468983513558
0.8667354345181529
3.439799328934394
1.1625854233721864
2.2155838501518907
1.391997043924045
2.804505605016792
2.3807523945487876
3.2858301670203396
1.825152889213578
1.1863805190008527
0.9243870291636279
1.9434871939505447
2.855526765026176
2.064377808166415
1.7792119314079464
2.341250811886508
0.652785326651683
2.487395257326961
2.804505605016792
1.3079079742619955
0.8872346555020134
1.9476696667441007
2.793723391037325
0.4749911899691236
2.5044489793670675
0.8272438101465922
1.7382986410850694
0.7982595459438002
2.1741015413986644
1.5803966135999645
1.4581060412471463
1.5036802868001535
2.5367626151315568
2.1292716117668458
0.9858377113378431
1.9036624850915462
2.3290696658320353
1.0628679043077294
1.4899693800895242
1.109535418772736
1.7619056656980756
1.440567749512934
2.9208472892189326
3.236917113147133
3.354539248750833
2.9742947320935507
2.3290696658320353
2.481271807386986
3.870500678356499
2.0715022299608945
3.1572270744338162
0.9501910640147713
2.6836484100049374
1.4303638751627492
1.7141218578343485
0.5542197289288509
2.3980645911623517
2.6596060483602755
1.0117363899372744
1.6800104380256586
2.364102644971931
0.910604003623219
2.039015080925018
1.3951618270612238
1.3573414078025339
1.2670293500684329
2.2311072720610854
1.772603708925654
1.7921852351322678
1.816855169039008
2.1557182803772865
2.4546125624766626
1.622020466170754
1.6347144385074959
2.193609188271202
1.9594545844798525
1.9476696667441007
1.6800104380256586
1.472829884807767
1.1271613546709998
1.3651611718113763
1.7999919502695716
1.7685485642730332
0.6201328296734561
1.521263628315662
2.0345400348198552
0.6265966139413817
0.9243870291636279
2.793723391037325
2.4546125624766626
3.716713106502906
3.776864637486225
2.842652487398471
2.614093065111027
1.345783318628751
2.9721099461518876
1.3075705106323026
3.129161158265762
3.0718835375754896
1.74074154282419
0.910604003623219
1.1274740969549308
3.716713106502906
0.938980068507077
2.357685065349165
2.032713081991149
0.8500741984724203
1.8398187387877085
3.4484609281680343
0.7226462990377082
0.692736086017394
1.1302923525316053
0.6898236115366163
3.547420124614423
2.039015080925018
0.8647750419899881
0.36937329617555653
3.2832186657225564
1.113753277703925
1.309258160023194
3.039805126271842
3.1281649145660873
0.49374312788955926
0.8272438101465922
2.0715022299608945
1.622020466170754
0.938980068507077
2.5512879074155705
2.200580018140786
0.4498424004045306
1.3323739888882176
1.3679123608199175
1.710655393036951
1.4750503894337152
1.4136766156620666
1.5906457512540286
3.1572270744338162
1.633197597513151
1.3651611718113763
1.0758880130781567
2.282567084970388
1.7287524227918034
2.792845393860081
1.862618666648436
2.027194517908137
2.8571118611433093
1.9493790675995633
1.8732734426871223
1.9910441366002347
2.4786406184334044
1.7382986410850694
1.440567749512934
1.7999919502695716
2.3257571142349613
2.0048649194846955
2.5512879074155705
1.7287524227918034
