dsa24	8,7,0,0,0,0,0,0,1,11,1,10,2,0,1,0,15,2,12,9,6,2,4,0,0,0,1,2,0,20,18,1,1,11,6,3,1,1,5,4,7,2,1,3,1,2,2,1,0,11,1,10,2,0,1,0,16,2,12,9,6,2,4,0,1,22,16,2,2,1,3,2,1,1,8,1,5,4
saa128	0,0,0,0,0,0,0,0,2,8,7,0,2,1,0,0,1,1,0,0,0,0,0,0,0,0,0,0,0,2,2,1,1,0,0,0,0,0,1,2,1,1,1,0,0,0,0,0,0,8,7,0,2,1,0,0,3,2,0,0,0,0,0,0,0,0,0,0,0,0,0,0,0,0,0,0,0,0
jhb32	8,8,7,5,13,7,2,1,3,12,2,5,15,3,4,6,13,5,5,5,10,2,5,1,0,0,1,0,0,9,9,12,6,26,11,8,6,8,2,4,3,10,3,11,5,2,1,8,3,19,2,7,22,7,4,7,16,6,6,5,12,3,5,1,3,21,16,14,8,2,5,2,2,12,14,4,5,4
snb39	17,14,6,1,68,18,48,40,2,10,3,6,11,0,2,8,21,4,14,10,25,7,9,1,38,37,5,8,1,23,20,9,4,92,25,62,51,11,6,2,8,15,5,29,6,20,14,21,3,11,3,7,13,1,3,8,23,5,15,11,33,8,10,1,1,162,135,8,13,9,34,21,3,6,29,2,27,22
nrg14	4,3,0,0,4,3,1,1,0,4,4,0,4,0,1,3,22,16,2,2,17,9,7,6,0,0,1,3,3,4,3,0,0,4,3,1,1,0,2,0,0,0,0,8,6,0,0,3,1,6,6,0,4,0,1,3,24,18,2,2,19,10,7,6,4,4,4,0,1,0,11,7,5,3,11,10,1,1
pmp27	12,12,0,0,29,7,19,17,0,11,2,8,10,2,3,4,15,1,12,8,9,3,3,0,7,7,1,3,0,18,18,0,0,41,10,28,23,5,2,0,7,4,1,9,1,7,5,11,3,12,2,8,12,2,4,4,19,1,15,10,10,3,4,0,2,67,52,7,3,1,10,5,1,4,14,2,10,7
rdp23	17,17,0,0,3,1,1,1,0,8,8,0,5,0,2,2,26,22,3,2,13,6,5,5,3,2,1,4,4,18,18,0,0,4,1,2,2,0,0,0,0,1,0,7,7,0,0,4,3,9,9,0,6,0,2,3,28,24,3,2,13,6,5,5,0,8,6,1,6,0,8,5,5,2,12,12,0,0
mjm248	7,7,1,1,1,0,1,1,0,4,3,0,8,2,3,3,18,11,4,4,10,5,3,3,0,0,13,4,1,9,9,2,2,3,1,1,1,0,0,0,0,4,3,21,10,5,4,5,2,6,5,0,9,3,3,3,21,14,4,4,12,6,4,3,2,13,10,14,3,0,23,18,8,5,14,6,3,1
ams396	13,13,0,0,0,0,0,0,0,6,5,0,6,1,1,2,11,7,4,4,5,1,2,1,0,0,1,2,2,17,17,0,0,1,1,0,0,0,1,0,1,1,0,2,1,0,0,2,1,6,5,0,7,1,1,2,12,7,5,5,5,1,2,1,1,6,6,0,1,0,3,1,0,2,5,4,1,1
jmk195	0,0,1,0,26,1,24,18,0,2,0,2,9,4,1,4,28,0,23,22,9,2,4,0,5,5,7,4,0,2,2,1,0,41,1,35,26,1,0,0,1,8,2,11,2,9,7,16,12,3,0,3,10,4,2,4,30,1,24,23,11,3,4,0,0,98,83,15,6,6,14,8,1,2,30,1,25,22
atg23	1,1,3,2,5,2,1,1,0,3,3,0,1,0,0,1,4,2,0,0,1,0,0,0,0,0,1,0,0,1,1,3,2,6,3,1,1,2,1,0,0,0,0,1,0,1,0,2,1,4,4,0,1,0,0,1,4,2,0,0,1,0,0,0,2,5,4,2,0,0,3,0,0,1,4,0,3,3
jaw154	6,6,0,0,0,0,0,0,0,0,0,0,1,1,0,0,5,3,2,2,2,1,1,1,0,0,0,0,0,7,7,0,0,0,0,0,0,0,1,0,0,1,1,0,0,0,0,0,0,0,0,0,1,1,0,0,5,3,2,2,2,1,1,1,0,2,2,0,1,0,1,0,0,0,1,1,0,0
tjg49	0,0,0,0,14,0,13,11,0,2,0,1,1,0,0,1,3,0,3,2,2,0,2,0,1,1,1,0,0,0,0,1,0,20,1,18,15,2,0,0,0,4,1,1,0,1,0,5,0,2,0,1,1,0,0,1,3,0,3,2,3,0,2,0,0,25,19,1,2,2,5,0,0,0,3,1,2,1
mac276	3,2,1,1,0,0,0,0,7,5,5,0,4,1,0,0,7,5,1,1,9,1,2,1,0,0,0,2,2,3,2,2,2,0,0,0,0,2,4,8,2,2,1,0,0,0,0,0,0,5,5,0,4,1,0,0,7,5,1,1,9,1,2,1,1,2,2,1,4,0,1,0,0,1,5,3,1,1
hwf2	10,9,0,0,3,3,0,0,0,1,1,0,3,0,2,1,6,6,0,0,3,2,1,1,0,0,2,2,2,12,11,0,0,3,3,0,0,0,1,0,0,0,0,7,6,0,0,1,0,1,1,0,3,0,2,1,6,6,0,0,4,3,1,1,0,0,0,0,1,0,6,5,4,1,3,3,0,0
wah7	1,1,1,0,2,1,1,1,0,1,0,1,0,0,0,0,0,0,0,0,0,0,0,0,1,1,0,0,0,1,1,1,0,3,1,2,2,0,1,0,0,0,0,1,0,1,1,0,0,1,0,1,0,0,0,0,0,0,0,0,0,0,0,0,0,4,4,0,0,0,0,0,0,0,0,0,0,0
mhr19	7,6,0,0,15,10,3,3,1,8,3,1,5,0,0,0,23,21,2,2,6,3,0,0,2,2,0,3,3,13,12,0,0,17,12,3,3,1,6,1,1,0,0,2,0,2,2,0,0,8,3,1,5,0,0,0,25,22,3,3,7,3,0,0,1,10,10,0,0,0,3,2,0,2,3,3,0,0
rwm27	0,0,0,0,1,1,0,0,0,9,9,0,4,2,1,0,4,4,0,0,4,1,2,2,1,1,0,1,1,0,0,0,0,1,1,0,0,0,0,0,0,2,2,2,2,0,0,0,0,9,9,0,4,2,1,0,4,4,0,0,4,1,2,2,0,1,1,0,2,0,1,1,1,0,3,3,0,0
mlk93	5,5,0,0,3,2,0,0,0,14,12,1,6,4,0,1,4,2,2,2,7,2,3,0,0,0,0,0,0,5,5,2,1,7,5,1,1,1,1,0,0,4,1,3,1,2,2,1,1,14,12,1,6,4,0,1,5,3,2,2,7,2,3,0,1,9,9,0,2,1,2,2,0,2,4,0,4,4
kko4	13,13,0,0,0,0,0,0,0,14,14,0,11,6,4,0,6,6,0,0,4,2,2,2,0,0,2,0,0,18,17,0,0,0,0,0,0,0,5,0,0,7,7,6,5,0,0,0,0,14,14,0,12,6,5,0,7,7,0,0,5,2,3,3,0,0,0,0,2,0,4,1,1,1,3,3,0,0
afd10	15,13,1,1,17,13,2,2,6,6,2,2,8,0,0,2,23,8,7,6,26,4,10,1,9,7,3,6,5,19,17,3,3,25,19,3,3,2,2,7,2,2,1,6,1,4,4,5,0,7,3,2,10,0,0,3,24,9,7,6,27,4,10,1,8,33,29,5,9,5,14,6,1,5,17,6,10,9
mjd78	10,10,1,0,37,29,7,6,0,6,1,4,6,2,3,1,12,2,10,8,3,1,0,0,11,9,0,1,0,16,16,2,0,44,33,10,9,5,0,0,2,3,1,6,3,2,2,4,2,7,1,4,6,2,3,1,14,3,11,9,5,1,1,0,1,38,32,3,6,3,2,1,0,2,9,4,4,3
sws19	0,0,1,0,0,0,0,0,0,2,2,0,2,1,0,0,2,2,0,0,0,0,0,0,0,0,0,0,0,1,1,1,0,0,0,0,0,0,3,0,0,1,1,1,1,0,0,0,0,2,2,0,2,1,0,0,2,2,0,0,0,0,0,0,0,0,0,0,0,0,0,0,0,0,0,0,0,0
rkh9	2,2,0,0,1,1,0,0,0,0,0,0,1,0,0,1,9,9,0,0,4,0,3,3,0,0,1,3,3,2,2,0,0,1,1,0,0,0,0,0,0,0,0,0,0,0,0,1,0,0,0,0,1,0,0,1,10,10,0,0,5,0,4,4,0,0,0,0,1,0,1,0,0,1,7,7,0,0
skm37	5,5,0,0,4,2,2,2,0,2,1,1,1,0,0,0,6,5,1,1,2,0,1,1,0,0,1,1,1,6,6,0,0,5,2,3,3,0,1,0,0,0,0,1,1,0,0,0,0,2,1,1,1,0,0,0,7,6,1,1,2,0,1,1,0,4,4,0,1,0,1,1,1,1,2,2,0,0
ril13	0,0,1,1,1,0,1,1,0,9,9,0,19,6,4,4,27,26,0,0,12,4,1,1,0,0,2,3,3,0,0,1,1,1,0,1,1,0,0,0,0,8,8,6,5,0,0,4,2,9,9,0,21,8,4,4,30,29,0,0,13,4,1,1,2,1,1,0,2,0,7,2,2,4,6,6,0,0
skw17	0,0,0,0,1,1,0,0,0,3,3,0,0,0,0,0,6,6,0,0,2,1,0,0,0,0,0,0,0,0,0,0,0,1,1,0,0,0,0,0,0,0,0,1,1,0,0,0,0,3,3,0,0,0,0,0,6,6,0,0,2,1,0,0,0,0,0,0,2,0,1,1,1,0,0,0,0,0
kan63	2,2,1,1,1,1,0,0,0,2,1,1,0,0,0,0,2,1,1,1,0,0,0,0,0,0,0,0,0,2,2,1,1,2,2,0,0,0,0,0,0,0,0,0,0,0,0,0,0,2,1,1,0,0,0,0,2,1,1,1,0,0,0,0,0,1,1,0,1,0,0,0,0,0,0,0,0,0
sjt27	0,0,1,1,0,0,0,0,0,1,1,0,1,0,1,0,4,4,0,0,5,1,3,3,0,0,0,0,0,0,0,1,1,0,0,0,0,0,0,0,0,1,1,1,1,0,0,0,0,1,1,0,1,0,1,0,4,4,0,0,5,1,3,3,0,0,0,0,1,0,1,0,0,0,3,3,0,0
jrw98	0,0,3,3,21,10,9,9,0,3,0,0,7,2,1,2,9,5,3,3,3,0,0,0,12,11,2,3,2,0,0,5,5,27,12,12,12,3,0,0,0,2,2,3,1,2,2,3,1,4,0,1,7,2,1,2,12,7,4,4,3,0,0,0,4,34,33,3,5,5,2,2,1,3,7,3,4,4
jme42	3,3,1,1,1,1,0,0,2,10,5,5,4,1,1,1,8,4,4,4,0,0,0,0,0,0,0,1,0,3,3,1,1,7,7,0,0,0,2,2,0,1,1,2,0,2,2,1,0,10,5,5,4,1,1,1,8,4,4,4,0,0,0,0,0,7,7,0,1,1,1,1,0,0,1,0,1,1
teh26	1,1,1,1,1,1,0,0,0,0,0,0,0,0,0,0,1,0,1,1,0,0,0,0,0,0,0,0,0,1,1,1,1,1,1,0,0,0,0,0,0,0,0,0,0,0,0,0,0,0,0,0,0,0,0,0,1,0,1,1,0,0,0,0,0,1,1,0,0,0,0,0,0,0,0,0,0,0
bpc20	0,0,12,7,31,17,13,9,0,5,0,3,5,1,2,1,6,3,3,3,0,0,0,0,4,4,0,0,0,0,0,15,10,39,23,15,11,3,0,0,0,6,3,10,3,6,5,4,1,6,0,4,7,1,3,2,8,4,4,4,0,0,0,0,1,30,25,3,2,2,4,2,0,0,4,1,1,1
jdh99	0,0,0,0,6,3,2,1,0,9,5,1,10,3,2,4,6,4,1,1,6,1,2,1,1,1,0,1,0,0,0,4,1,10,7,2,1,5,0,0,0,8,3,5,2,3,2,7,2,11,6,1,15,6,3,4,7,5,1,1,8,3,2,1,1,10,8,2,6,2,6,2,1,2,6,2,3,3
wli1	0,0,1,1,2,2,0,0,0,2,2,0,4,0,2,2,10,5,3,3,4,1,1,1,1,1,2,1,0,0,0,2,1,2,2,0,0,0,0,0,0,1,1,5,3,2,2,2,1,3,2,0,5,0,2,2,10,5,3,3,5,1,2,2,1,7,7,0,0,0,4,2,2,2,4,3,1,1
jum48	2,1,1,1,0,0,0,0,0,4,2,2,4,2,0,1,5,5,0,0,2,0,1,1,0,0,0,0,0,2,1,2,2,2,0,1,1,0,0,0,0,2,1,1,0,1,1,2,0,4,2,2,5,2,0,2,5,5,0,0,2,0,1,1,1,2,2,1,0,0,1,1,0,1,2,1,0,0
doc23	0,0,0,0,6,6,0,0,0,4,4,0,2,0,0,0,3,2,1,1,2,0,0,0,0,0,0,0,0,0,0,0,0,6,6,0,0,0,0,0,0,0,0,0,0,0,0,1,0,4,4,0,3,0,0,1,3,2,1,1,2,0,0,0,0,1,1,0,1,0,0,0,0,1,0,0,0,0
aag45	0,0,5,1,18,9,8,7,0,14,6,8,12,4,2,3,15,7,6,6,8,0,2,1,3,2,1,0,0,0,0,8,4,32,16,12,10,4,0,0,0,11,6,7,4,1,1,6,3,15,6,8,16,6,2,4,18,8,8,8,10,1,3,1,5,28,23,2,2,1,5,2,1,5,10,3,4,2
wag7	0,0,0,0,0,0,0,0,0,9,9,0,9,1,5,2,8,7,1,1,6,0,2,2,0,0,0,3,2,0,0,0,0,0,0,0,0,0,0,0,0,1,1,5,5,0,0,2,1,11,11,0,9,1,5,2,9,8,1,1,7,0,2,2,0,2,2,0,3,0,0,0,0,4,6,5,1,1
rde8	0,0,1,1,7,3,4,3,0,2,1,1,0,0,0,0,6,4,2,2,3,1,2,1,5,5,2,3,2,1,1,1,1,8,3,5,4,2,0,0,0,0,0,3,3,0,0,1,1,3,1,1,0,0,0,0,7,4,2,2,3,1,2,1,0,15,14,1,0,0,3,3,3,2,8,5,3,3
kbs29	4,3,11,6,27,19,7,5,9,7,0,5,2,2,0,0,6,1,5,2,3,1,1,1,0,0,0,0,0,5,4,14,8,38,26,9,7,2,3,11,2,8,4,7,5,2,1,0,0,8,0,6,2,2,0,0,6,1,5,2,3,1,1,1,3,17,11,0,1,1,1,1,1,0,2,1,1,1
dkd15	0,0,0,0,0,0,0,0,1,1,1,0,1,0,0,1,2,2,0,0,2,0,0,0,0,0,0,0,0,0,0,0,0,0,0,0,0,0,0,1,1,0,0,0,0,0,0,1,0,1,1,0,1,0,0,1,2,2,0,0,2,0,0,0,0,0,0,0,2,0,1,0,0,0,0,0,0,0
ecu4	3,1,8,3,35,16,17,15,1,14,5,5,5,2,2,0,13,4,7,7,1,0,0,0,8,8,0,3,2,4,2,11,6,47,20,24,22,5,3,2,3,3,0,6,3,3,3,1,1,18,8,6,6,3,2,0,13,4,7,7,1,0,0,0,4,47,45,1,5,2,0,0,0,1,8,3,5,5
mjg82	2,2,1,1,19,13,6,6,0,6,0,4,1,0,0,1,15,3,11,11,10,4,4,3,5,5,5,3,0,2,2,2,1,25,16,8,8,4,0,0,0,1,0,11,4,2,2,2,0,6,0,4,1,0,0,1,16,3,12,12,13,6,5,3,2,34,33,8,1,1,15,10,3,2,14,5,7,6
tar57	3,3,0,0,1,1,0,0,0,7,7,0,3,1,1,0,6,6,0,0,1,0,1,0,0,0,0,2,0,4,4,0,0,1,1,0,0,0,0,0,1,1,1,1,1,0,0,0,0,7,7,0,3,1,1,0,6,6,0,0,1,0,1,0,0,2,2,1,0,0,1,0,0,0,3,0,2,2
koj1	0,0,4,3,0,0,0,0,0,1,0,0,0,0,0,0,0,0,0,0,0,0,0,0,0,0,0,0,0,1,1,5,3,0,0,0,0,0,0,0,0,0,0,2,1,0,0,0,0,1,0,0,0,0,0,0,0,0,0,0,0,0,0,0,0,0,0,0,0,0,0,0,0,0,0,0,0,0
clk93	5,4,6,5,30,16,10,10,10,11,5,3,17,6,3,3,15,5,10,9,7,1,2,0,2,2,1,2,1,6,5,11,6,40,21,14,14,4,2,11,4,8,3,8,6,2,2,5,2,15,7,4,18,6,3,3,18,5,12,11,7,1,2,0,5,35,33,3,8,2,2,2,1,5,9,2,5,4
mjf68	7,7,1,1,0,0,0,0,1,8,8,0,10,3,3,4,12,12,0,0,6,2,2,2,0,0,1,3,3,7,7,1,1,0,0,0,0,0,0,1,1,3,3,5,4,0,0,4,2,8,8,0,11,3,4,4,13,13,0,0,7,2,3,3,1,0,0,0,4,0,3,1,1,2,8,8,0,0
res106	12,9,2,1,38,21,13,12,1,7,2,3,4,1,0,3,10,3,7,6,13,5,4,3,11,11,2,3,1,15,12,2,1,56,26,23,18,6,2,1,2,5,1,14,1,12,6,15,13,8,2,4,4,1,0,3,15,3,12,10,19,9,5,3,7,78,59,7,10,5,16,13,0,4,29,4,20,14
wsh5	1,1,1,1,0,0,0,0,0,1,0,1,1,1,0,0,2,1,1,1,2,1,0,0,0,0,0,0,0,1,1,1,1,3,3,0,0,0,0,0,0,1,0,0,0,0,0,0,0,2,0,2,1,1,0,0,3,1,2,2,2,1,0,0,0,2,2,0,0,0,1,0,0,2,0,0,0,0
jah208	0,0,4,3,9,7,2,1,0,10,5,4,10,6,3,1,6,4,1,1,2,0,0,0,0,0,0,2,2,0,0,8,5,19,14,5,2,2,0,1,0,9,3,5,1,3,2,3,1,12,6,4,11,6,3,2,8,5,2,1,3,0,0,0,0,11,6,1,5,3,2,0,0,1,3,2,1,1
mad205	11,11,7,6,22,11,7,6,1,25,12,8,19,7,10,1,17,15,2,1,5,0,2,2,3,3,0,9,7,13,12,11,9,41,18,15,12,4,3,1,1,14,8,15,8,6,3,1,0,30,13,10,23,8,12,1,21,15,3,2,7,1,3,3,4,31,23,7,9,4,3,1,0,5,17,11,4,3
rhl10	0,0,2,2,14,9,4,4,0,5,3,1,1,0,1,0,6,2,4,4,5,0,3,1,3,3,0,1,1,0,0,2,2,15,10,4,4,1,0,0,0,0,0,1,1,0,0,0,0,5,3,1,1,0,1,0,6,2,4,4,5,0,3,1,1,13,13,1,0,0,0,0,0,1,5,2,2,2
kmm137	0,0,0,0,1,1,0,0,0,0,0,0,0,0,0,0,1,1,0,0,1,0,1,1,0,0,0,0,0,0,0,0,0,1,1,0,0,0,0,0,0,0,0,0,0,0,0,0,0,0,0,0,0,0,0,0,2,1,0,0,1,0,1,1,1,0,0,0,0,0,0,0,0,0,1,1,0,0
kdd28	0,0,8,7,4,4,0,0,0,8,3,1,1,1,0,0,2,1,1,1,0,0,0,0,1,1,0,0,0,1,1,13,11,6,6,0,0,0,0,0,0,1,0,1,0,1,1,1,0,8,3,1,1,1,0,0,2,1,1,1,0,0,0,0,0,3,3,0,1,1,0,0,0,0,0,0,0,0
ams404	3,3,0,0,0,0,0,0,0,12,11,0,10,4,4,2,14,14,0,0,10,2,4,4,0,0,4,4,4,4,4,0,0,0,0,0,0,0,0,0,1,7,7,9,9,0,0,3,1,12,11,0,13,4,5,3,14,14,0,0,11,3,4,4,0,0,0,0,3,0,9,4,4,2,9,9,0,0
jlc201	0,0,2,0,64,21,33,33,0,4,0,4,2,1,0,1,3,1,1,1,29,3,13,0,5,5,3,0,0,0,0,2,0,99,38,43,40,1,0,0,0,9,1,6,1,5,4,3,0,4,0,4,2,1,0,1,3,1,1,1,35,4,14,0,14,67,62,4,12,11,12,4,0,4,14,0,13,12
qim8	0,0,5,5,15,10,4,3,1,21,12,6,9,4,3,1,12,7,1,1,3,0,2,2,1,1,0,0,0,0,0,8,8,24,17,4,3,2,0,1,0,5,3,5,5,0,0,2,1,23,13,6,11,5,3,1,12,7,1,1,3,0,2,2,5,6,5,3,2,1,2,2,2,3,4,3,0,0
cac189	0,0,0,0,0,0,0,0,0,7,7,0,3,1,2,0,4,4,0,0,1,0,0,0,0,0,0,0,0,0,0,1,1,0,0,0,0,0,0,0,0,1,1,2,2,0,0,0,0,7,7,0,3,1,2,0,4,4,0,0,1,0,0,0,0,0,0,0,2,0,0,0,0,0,0,0,0,0
alh130	2,2,1,1,1,0,0,0,0,0,0,0,0,0,0,0,0,0,0,0,0,0,0,0,0,0,0,0,0,3,3,1,1,1,0,0,0,0,0,0,0,0,0,0,0,0,0,0,0,0,0,0,0,0,0,0,0,0,0,0,0,0,0,0,0,0,0,0,0,0,0,0,0,0,0,0,0,0
brs112	1,1,12,6,36,21,14,13,0,7,0,7,1,0,1,0,6,0,4,3,1,0,0,0,8,8,0,0,0,1,1,13,7,46,26,18,17,4,0,0,1,1,1,7,5,2,2,1,0,9,0,8,2,0,1,1,8,0,6,5,2,0,0,0,5,34,32,0,1,0,0,0,0,3,3,2,0,0
alh133	0,0,8,5,37,24,10,9,0,11,5,4,21,6,4,5,26,16,8,7,15,3,5,4,9,9,1,6,4,0,0,11,8,47,27,13,11,13,0,0,0,9,5,12,6,5,4,9,4,12,6,4,25,6,5,6,31,20,9,7,17,4,6,4,10,43,37,2,6,2,10,4,2,10,22,13,7,6
anv35	6,5,3,3,2,1,0,0,0,21,16,3,14,3,6,2,13,12,0,0,8,0,5,5,0,0,0,5,4,15,14,4,4,5,4,0,0,0,1,0,2,3,3,6,3,2,2,2,1,21,16,3,14,3,6,2,14,12,0,0,8,0,5,5,0,3,3,2,3,0,2,0,0,1,12,10,1,1
inf4	14,14,0,0,0,0,0,0,4,11,10,0,8,2,3,2,22,21,0,0,17,5,9,8,2,2,2,4,4,18,17,0,0,0,0,0,0,1,5,5,0,3,3,9,8,1,1,4,1,12,11,0,11,2,3,4,23,22,0,0,20,6,11,10,0,3,3,0,3,0,11,6,6,4,17,16,0,0
jey16	9,8,0,0,19,0,18,17,1,6,1,4,3,0,2,1,3,1,1,1,3,0,1,0,23,22,0,1,0,10,9,0,0,23,0,21,19,1,1,1,0,0,0,2,1,1,1,5,5,6,1,4,3,0,2,1,4,1,2,2,3,0,1,0,0,59,55,5,0,0,0,0,0,1,12,0,12,11
jdh98	7,6,8,5,35,5,26,25,5,13,0,9,7,2,2,3,6,0,4,3,2,0,0,0,0,0,0,0,0,13,11,14,8,56,6,40,38,9,5,6,5,5,0,9,1,5,4,8,2,17,0,9,9,3,3,3,6,0,4,3,2,0,0,0,8,53,49,5,8,3,4,3,1,2,5,0,4,4
atr16	12,12,0,0,5,4,1,1,2,4,4,0,8,1,3,3,30,27,2,1,19,8,8,8,3,3,5,4,4,15,15,0,0,5,4,1,1,2,3,2,2,3,3,15,15,0,0,4,1,5,5,0,8,1,3,3,32,27,4,3,19,8,8,8,0,8,7,1,0,0,15,12,12,3,14,14,0,0
pjs52	1,1,3,1,35,7,25,24,0,7,0,6,5,2,1,0,8,0,4,4,4,2,1,0,0,0,0,0,0,3,3,4,2,48,12,33,32,3,1,0,0,3,1,4,1,2,1,3,1,7,0,6,6,2,1,1,10,0,6,6,4,2,1,0,6,43,41,1,2,2,2,2,0,3,2,0,2,2
cev9	7,6,0,0,0,0,0,0,0,6,5,1,4,1,1,2,5,5,0,0,2,0,1,1,0,0,0,2,2,9,8,0,0,1,1,0,0,1,1,0,0,1,1,2,2,0,0,2,1,6,5,1,4,1,1,2,7,6,0,0,2,0,1,1,0,0,0,1,0,0,1,1,1,2,6,6,0,0
egm18	7,7,0,0,1,1,0,0,0,5,2,2,6,0,4,2,14,13,0,0,10,5,3,3,0,0,0,5,5,14,14,0,0,3,3,0,0,0,0,0,0,0,0,9,7,1,1,2,2,5,2,2,6,0,4,2,15,14,0,0,13,5,5,5,0,1,1,0,0,0,5,5,3,4,12,12,0,0
jhg10	21,21,0,0,1,1,0,0,0,3,2,1,1,0,0,1,11,10,0,0,7,1,6,6,0,0,1,3,2,26,26,0,0,2,2,0,0,0,1,0,0,0,0,4,4,0,0,1,0,3,2,1,1,0,0,1,11,10,0,0,8,2,6,6,0,0,0,0,0,0,4,4,4,1,9,8,0,0
jdh73	13,13,2,2,6,3,3,3,0,11,6,1,6,2,2,0,4,2,2,0,1,0,1,1,0,0,2,0,0,14,14,3,3,9,6,3,3,3,0,0,1,2,0,3,3,0,0,2,2,11,6,1,6,2,2,0,5,3,2,0,1,0,1,1,0,6,4,0,0,0,2,1,1,0,3,2,1,1
leg33	1,1,5,3,17,8,9,9,0,6,2,2,12,3,6,1,14,3,8,8,1,0,0,0,1,1,0,0,0,3,3,7,4,24,11,12,12,2,1,0,0,5,3,9,4,2,1,2,0,6,2,2,14,4,7,1,18,5,10,10,1,0,0,0,4,26,25,2,3,2,0,0,0,1,1,0,1,1
kav33	1,1,4,1,17,3,9,8,3,5,0,5,0,0,0,0,1,0,1,0,5,0,2,0,0,0,0,0,0,3,3,5,1,29,6,18,15,0,2,3,4,2,0,5,2,3,2,2,1,5,0,5,0,0,0,0,1,0,1,0,5,0,2,0,5,25,19,0,2,2,1,1,0,0,3,0,3,2
cap77	7,7,1,0,3,1,2,1,0,3,2,0,3,0,0,0,2,1,0,0,1,1,0,0,0,0,0,0,0,7,7,1,0,3,1,2,1,2,0,0,1,0,0,1,0,1,1,0,0,3,2,0,3,0,0,0,2,1,0,0,1,1,0,0,1,3,2,0,0,0,1,0,0,0,0,0,0,0
kmh117	3,3,0,0,1,1,0,0,0,11,8,2,5,0,4,1,6,3,3,3,7,4,1,0,1,1,2,4,1,8,7,0,0,5,3,1,1,1,2,3,2,2,2,9,3,4,2,2,0,14,9,4,5,0,4,1,8,4,3,3,11,6,1,0,2,9,7,9,1,0,9,5,1,8,12,6,0,0
djp60	1,1,0,0,0,0,0,0,5,8,7,0,5,1,3,1,4,4,0,0,0,0,0,0,0,0,0,0,0,4,3,0,0,0,0,0,0,0,3,5,3,1,1,4,4,0,0,1,0,8,7,0,5,1,3,1,4,4,0,0,0,0,0,0,0,0,0,0,0,0,1,1,1,0,0,0,0,0
mjf68	3,3,0,0,0,0,0,0,3,3,3,0,5,0,3,1,13,12,1,1,4,1,2,2,0,0,0,0,0,5,5,0,0,0,0,0,0,0,2,3,3,0,0,4,3,0,0,1,1,3,3,0,5,0,3,1,13,12,1,1,4,1,2,2,0,1,1,0,2,0,1,1,0,0,3,3,0,0
ryc17	1,0,0,0,0,0,0,0,1,1,1,0,1,0,0,0,1,1,0,0,0,0,0,0,0,0,0,0,0,1,0,0,0,0,0,0,0,0,1,1,1,0,0,0,0,0,0,0,0,1,1,0,1,0,0,0,1,1,0,0,0,0,0,0,0,0,0,0,0,0,0,0,0,0,0,0,0,0
tol16	0,0,0,0,3,3,0,0,8,3,3,0,0,0,0,0,2,2,0,0,0,0,0,0,0,0,0,0,0,2,2,0,0,3,3,0,0,0,2,9,2,0,0,0,0,0,0,0,0,3,3,0,0,0,0,0,2,2,0,0,0,0,0,0,0,0,0,0,0,0,0,0,0,0,0,0,0,0
yaz44	6,4,1,1,2,2,0,0,2,4,3,0,2,0,1,1,8,8,0,0,4,1,2,2,1,1,1,3,3,9,7,1,1,2,2,0,0,2,5,2,2,0,0,3,3,0,0,1,1,4,3,0,2,0,1,1,8,8,0,0,4,1,2,2,0,1,1,0,2,0,3,2,2,0,6,6,0,0
bjs49	7,7,2,2,30,15,13,13,0,9,1,4,4,0,2,2,13,0,11,9,4,1,3,0,9,8,5,4,1,11,11,6,4,40,19,18,18,8,1,0,2,5,1,7,1,5,5,3,1,11,2,5,4,0,2,2,13,0,11,9,8,2,3,0,2,53,48,1,4,1,8,3,0,2,14,4,10,8
fek10	3,2,0,0,0,0,0,0,0,0,0,0,0,0,0,0,0,0,0,0,2,1,1,1,0,0,0,1,1,3,2,0,0,0,0,0,0,0,1,0,0,0,0,0,0,0,0,0,0,0,0,0,0,0,0,0,0,0,0,0,2,1,1,1,0,0,0,0,0,0,1,0,0,0,2,2,0,0
chg57	19,18,0,0,13,11,2,2,1,4,4,0,4,0,2,2,19,12,5,5,2,0,1,0,10,10,4,8,5,22,21,0,0,13,11,2,2,3,3,1,2,0,0,8,2,5,4,3,1,4,4,0,5,0,3,2,21,13,5,5,2,0,1,0,0,25,23,9,1,0,8,5,1,1,13,7,3,2
art47	2,2,0,0,3,3,0,0,0,0,0,0,0,0,0,0,2,2,0,0,3,0,3,3,2,2,4,1,1,2,2,0,0,3,3,0,0,1,0,0,0,0,0,5,3,2,2,0,0,0,0,0,0,0,0,0,2,2,0,0,3,0,3,3,0,4,4,0,0,0,5,5,3,0,4,4,0,0
jky3	10,8,1,1,3,2,1,1,4,4,2,2,3,0,2,0,26,22,3,3,11,4,4,0,0,0,0,3,3,13,11,2,2,5,3,2,2,0,4,4,3,0,0,6,5,0,0,0,0,5,2,2,3,0,2,0,27,23,3,3,11,4,4,0,1,7,6,1,2,0,5,4,4,2,7,3,2,1
ket38	0,0,0,0,4,4,0,0,0,1,0,1,2,1,0,1,4,0,4,4,3,0,2,2,0,0,0,1,1,0,0,0,0,7,7,0,0,0,0,0,0,1,0,0,0,0,0,1,0,1,0,1,2,1,0,1,4,0,4,4,3,0,2,2,0,4,4,0,2,1,0,0,0,0,3,3,0,0
abr26	2,2,0,0,0,0,0,0,0,15,8,3,7,1,3,0,10,8,2,2,1,0,0,0,0,0,0,0,0,3,3,1,0,5,3,2,2,3,4,1,0,1,0,4,3,0,0,0,0,15,8,3,7,1,3,0,10,8,2,2,1,0,0,0,0,4,4,0,2,1,0,0,0,0,0,0,0,0
mjs187	18,17,0,0,1,0,1,1,1,7,6,1,1,0,0,1,8,5,3,3,4,0,1,0,1,1,0,1,0,20,19,0,0,4,1,2,2,0,0,1,1,1,0,0,0,0,0,1,1,7,6,1,1,0,0,1,9,5,3,3,4,0,1,0,1,9,8,1,0,0,0,0,0,1,4,0,3,2
rjm105	0,0,0,0,0,0,0,0,0,6,5,1,1,0,1,0,5,5,0,0,1,0,0,0,0,0,0,0,0,0,0,0,0,1,1,0,0,0,0,0,0,0,0,1,1,0,0,0,0,6,5,1,1,0,1,0,5,5,0,0,1,0,0,0,0,0,0,0,0,0,0,0,0,0,0,0,0,0
vac24	5,4,0,0,1,1,0,0,1,3,2,1,0,0,0,0,5,4,1,1,3,1,0,0,0,0,1,0,0,5,4,0,0,2,2,0,0,0,2,3,0,0,0,0,0,0,0,0,0,3,2,1,0,0,0,0,6,5,1,1,3,1,0,0,0,1,1,0,1,0,2,0,0,1,0,0,0,0
avn10	5,5,9,2,19,1,15,12,0,2,0,1,1,0,1,0,0,0,0,0,0,0,0,0,0,0,0,0,0,7,7,10,2,24,4,16,13,0,1,0,1,3,2,9,3,2,2,0,0,2,0,1,2,1,1,0,0,0,0,0,0,0,0,0,3,18,15,1,1,1,0,0,0,0,0,0,0,0
jam267	0,0,0,0,0,0,0,0,0,1,1,0,4,2,1,0,1,0,0,0,2,0,1,1,0,0,0,0,0,0,0,0,0,1,1,0,0,1,0,0,0,2,0,2,2,0,0,0,0,1,1,0,4,2,1,0,1,0,0,0,3,1,1,1,1,0,0,0,1,0,1,1,1,1,1,1,0,0
ang92	3,2,0,0,2,1,0,0,4,5,5,0,0,0,0,0,1,1,0,0,1,0,0,0,0,0,0,0,0,5,3,0,0,2,1,0,0,0,2,6,2,0,0,0,0,0,0,0,0,5,5,0,0,0,0,0,1,1,0,0,1,0,0,0,0,0,0,0,1,0,0,0,0,0,0,0,0,0
kmt51	3,2,1,1,2,2,0,0,4,11,9,2,8,2,4,2,14,7,7,6,7,2,3,0,0,0,0,0,0,7,5,2,2,6,4,2,2,3,6,7,2,4,2,7,5,1,0,3,1,11,9,2,8,2,4,2,15,7,8,7,7,2,3,0,1,15,12,0,2,1,4,3,2,0,4,0,4,3
sbb28	3,3,9,1,38,6,27,20,1,13,0,9,16,5,0,8,18,0,12,10,11,4,1,0,0,0,1,0,0,8,8,13,2,64,14,37,28,8,4,2,5,14,5,15,2,11,8,15,7,15,0,10,20,7,0,9,22,0,15,12,11,4,1,0,7,83,66,15,9,4,11,8,0,4,22,1,20,18
sab155	1,1,1,1,16,8,8,7,0,12,5,7,5,1,1,3,14,3,10,7,9,2,5,1,4,4,3,2,1,1,1,4,2,43,17,22,13,6,0,0,0,10,2,7,1,4,2,16,5,13,5,8,9,3,1,5,17,3,12,8,13,4,5,1,6,49,33,3,14,9,11,4,0,6,13,4,7,6
ksd19	0,0,0,0,0,0,0,0,2,2,2,0,2,1,1,0,3,3,0,0,0,0,0,0,0,0,0,0,0,0,0,0,0,0,0,0,0,0,0,3,0,1,1,1,1,0,0,0,0,2,2,0,2,1,1,0,3,3,0,0,0,0,0,0,0,0,0,0,0,0,0,0,0,0,0,0,0,0
rsb45	4,3,0,0,0,0,0,0,1,2,2,0,3,0,2,0,13,13,0,0,6,0,2,0,0,0,0,2,2,7,6,0,0,0,0,0,0,0,4,2,0,1,1,2,2,0,0,0,0,2,2,0,3,0,2,0,14,14,0,0,7,0,2,0,0,2,1,0,2,0,0,0,0,3,4,2,2,1
drr38	0,0,1,1,0,0,0,0,0,3,2,0,6,3,1,0,0,0,0,0,3,0,1,1,0,0,0,0,0,0,0,3,3,0,0,0,0,0,0,0,0,3,2,1,1,0,0,0,0,3,2,0,6,3,1,0,0,0,0,0,4,0,1,1,0,0,0,0,1,0,0,0,0,2,1,1,0,0
