cluster 0: 
0.02211372857142857,0.04778604428571428,0.01250635857142857,0.029293665714285714,0.01771124,0.005695607142857142,0.006825802857142856,0.02118551714285714,0.004745468571428572,0.014371231428571428,0.013035084285714284,0.02683183142857143,0.026980102857142856,0.019902688571428573,0.04899447857142857,0.01695830714285714,0.029298984285714286,0.006231081428571428,0.004918418571428571,0.016849788571428572,0.0075526828571428565,0.0806117057142857,0.18134296285714285,0.05421614142857143,0.11886538142857142,0.037001295714285724,0.07766553285714285,0.024043012857142856,0.003156732857142857,0.02330912
0.03413339685902291,0.021952757996035067,0.013380300382195598,0.01289735133217654,0.012080440274000187,0.011888661447043581,0.004308602048005542,0.014491623958601263,0.00997358151144803,0.008623176726643526,0.0069830172244542315,0.03495601747573551,0.03133267801614233,0.01716865365910412,0.023275277411944094,0.010875380378852717,0.016348613506077823,0.011777880317212587,0.00990001721218912,0.009853446845223289,0.003531585559266604,0.022264032060297777,0.04557519436126873,0.014530262689212694,0.0376770472387115,0.014274052778553776,0.03647689142277995,0.006885623574115884,0.0030686254306853712,0.014118153102585945

cluster 1: 
0.041171353333333334,0.009033230000000001,0.006915544166666667,0.0021176866666666665,0.06191639999999999,0.05535324333333332,0.0537165775,0.12855148833333332,0.10962568916666666,0.011062931666666666,0.06784998666666667,0.05552373083333333,0.029870894166666665,0.012336674166666665,0.003755270833333333,0.0016216549999999998,0.0021336158333333335,0.06776424666666667,0.13326432583333334,0.01345664,0.026223159166666673,0.027776198333333335,0.008990900000000001,0.007353315833333333,0.0016375841666666667,0.0016375841666666667,0.0,0.0,0.04666919249999999,0.0126708875
0.03603240035299974,0.010072236966776546,0.009297999373621059,0.0030033731727768286,0.044334179923761985,0.04190430741234969,0.02629390632303967,0.03630927540424711,0.0416627743577494,0.014601165571396365,0.03969627744245828,0.050049556345279,0.029082681330937738,0.010699311791501248,0.004888578570568782,0.0028146959555296553,0.004784941450734548,0.048429075737473785,0.04373181907294189,0.01870349942890412,0.01695908307486702,0.029021078539477944,0.013188825081348856,0.009795329944825288,0.003988557683197145,0.003988557683197145,0.0,0.0,0.038728885245211384,0.014049544956390419

cluster 2: 
0.01808907,0.08855649444444443,0.06733016444444445,0.017673384444444443,0.058840493333333334,0.04228591333333333,0.035770295555555554,0.07478276111111112,0.03746590111111111,0.028212122222222222,0.03728687333333333,0.030743906666666668,0.013498372222222223,0.08785555666666667,0.023977408888888888,0.016742206666666665,0.005558042222222222,0.04776440666666667,0.04492013333333333,0.031650107777777776,0.015989641111111112,0.07579232555555554,0.026776531111111106,0.01892955,0.00681206,0.005208793333333333,5.683433333333334E-4,5.683433333333334E-4,0.023954114444444445,0.016396688888888886
0.029286311274532722,0.036702954356865276,0.03845947969756658,0.02812217746291592,0.04239951167789816,0.041398435964751394,0.019073267657623797,0.018696735771136,0.02350846596246101,0.02676773636024192,0.028228167396012246,0.035517774471578153,0.02218482153845571,0.043535946039473326,0.036428677972624945,0.027251481936442366,0.009124094218324453,0.04310482811005952,0.027024481976624656,0.02672230542112703,0.015614762979466613,0.045292291931452455,0.025571662470037868,0.01922263493490884,0.007035563468987794,0.0059459764808239115,0.0016075177001686652,0.0016075177001686652,0.02237621414122004,0.016941129280834355