cluster 0: 
0.03173502777777778,0.04440066888888889,0.03414233222222222,0.09166868666666668,0.0673088611111111,0.013288127777777776,0.02203140888888889,0.016317636666666666,0.0020703933333333334,0.042372594444444446,0.05957717888888889,0.04702129666666667,0.10190066888888889,0.07223859999999999,0.015972004444444445,0.032774833333333336,0.020874454444444444,0.010520116666666668,0.006966725555555556,0.04124327444444444,0.032093747777777785,0.005506147777777778,0.03316826111111111,0.012403835555555555,0.0073024933333333325,0.004707331111111111,0.005959993333333333,0.08198123111111111,0.04245207
0.020963965081605456,0.020785817059536024,0.018919321894578085,0.01731556645201524,0.030185450670169797,0.013284665841401738,0.0202870881370576,0.017475179335556666,0.005855956662893681,0.03094484422642436,0.028001653392924042,0.028529755542195667,0.017100228894472887,0.03376820739734475,0.01457745756771744,0.028740916737257278,0.017895168870310042,0.014521643447156922,0.009717792871672857,0.029556586816079915,0.027182153929115487,0.0069024883207559895,0.051794066823518496,0.015782808753370518,0.011831977554864707,0.010083265576553002,0.007773894310448414,0.057505993376836324,0.029438397961091187

cluster 1: 
0.015803123333333332,0.02573515333333333,0.009227527777777779,0.021844325555555558,0.009548332222222221,0.01647855,0.07014235444444444,0.03023221888888889,0.031249914444444447,0.022351481111111113,0.033260535555555554,0.011936120000000001,0.03194158333333333,0.013473878888888888,0.024206664444444442,0.1440974955555555,0.07139045000000001,0.061777311111111115,0.028596572222222227,0.10661352666666667,0.04903005444444444,0.04318596111111111,0.028666458888888895,0.02963237444444445,0.006157391111111111,0.01751235777777778,0.023596271111111112,0.013705195555555556,0.008606808888888888
0.013737415125371211,0.016063303528065315,0.007633565061357166,0.01126925054869036,0.012360183375414046,0.012950071561570615,0.02067152526018345,0.015614863885839632,0.021023716033574037,0.017510854241737192,0.016880169994606828,0.009269617229058957,0.019703081672013192,0.0165451431534235,0.014517070137214412,0.03350908886760165,0.020966323737933223,0.03133462342058575,0.016861460614789756,0.030518138682171736,0.014616649181022694,0.023095930326821862,0.02016386893258139,0.020405599441024956,0.007640835099756867,0.012178038670812106,0.02800076918205897,0.021458059814904624,0.011556002812752481

cluster 2: 
0.06656775875000001,0.05221982625,0.041936984999999996,0.04624014,0.036801288749999994,0.05469236250000001,0.0054862487500000005,0.00325263625,0.0016023,0.08487247,0.07047198125,0.057863728749999996,0.0776365,0.052257993749999995,0.07552351375,0.0229225025,0.016713143750000003,0.0046070575,0.0035880350000000003,0.0156669475,0.00981014625,0.00341389375,0.01752894625,0.05131181124999999,0.04056312125,0.006592560000000001,0.0369308275,0.02684059375,0.0160846825
0.041699201498492884,0.02657936640529357,0.028809828456516796,0.018574511233831296,0.0165074182722151,0.020571861673286736,0.010380797816446286,0.0057345332165834075,0.003333085828331607,0.04917786410332855,0.023666789747010704,0.025330204057506838,0.034703233008633004,0.02549774336051327,0.01591851612154925,0.021525499228336003,0.013022561325170386,0.0073513323384774105,0.006558162070936874,0.018208795370389518,0.01431210598544545,0.005317624583688514,0.022667044196010063,0.01555944781516317,0.022124784298853877,0.007403629056180827,0.029977424632342816,0.03179530778921079,0.019280108220295827