dsa24	0.00000000,0.00000000,0.00000000,0.00000000,0.00000000,0.00000000,0.00000000,0.00000000,0.03809524,0.00000000,0.00952381,0.03809524,0.00000000,0.03809524,0.01428571,0.00000000,0.06190476,0.03333333,0.02380952,0.01428571,0.00000000,0.04285714,0.02380952,0.01428571,0.00000000,0.00476190,0.03809524,0.00000000,0.03809524,0.00952381,0.04285714,0.00000000,0.04285714,0.01428571,0.01428571,0.15238095,0.04285714,0.07619048,0.03333333,0.03809524,0.01904762,0.01428571,0.00952381,0.00476190,0.00952381,0.02380952,0.00000000,0.01904762,0.00000000
saa128	0.00000000,0.00000000,0.00000000,0.00000000,0.00000000,0.00000000,0.00000000,0.00000000,0.25000000,0.20000000,0.00000000,0.00000000,0.00000000,0.00000000,0.00000000,0.00000000,0.05000000,0.05000000,0.00000000,0.00000000,0.00000000,0.00000000,0.00000000,0.00000000,0.00000000,0.00000000,0.25000000,0.20000000,0.00000000,0.00000000,0.00000000,0.00000000,0.00000000,0.00000000,0.00000000,0.00000000,0.00000000,0.00000000,0.00000000,0.00000000,0.00000000,0.00000000,0.00000000,0.00000000,0.00000000,0.00000000,0.00000000,0.00000000,0.00000000
jhb32	0.01760563,0.01408451,0.01056338,0.03169014,0.01760563,0.00704225,0.00352113,0.00352113,0.02464789,0.00352113,0.01408451,0.03169014,0.01760563,0.00704225,0.01056338,0.00000000,0.04225352,0.01760563,0.02112676,0.01056338,0.01408451,0.05985915,0.02464789,0.02464789,0.00704225,0.01056338,0.02816901,0.00352113,0.01760563,0.01408451,0.04225352,0.02112676,0.00704225,0.01760563,0.01056338,0.10211268,0.02816901,0.06338028,0.01408451,0.04577465,0.00704225,0.03873239,0.00704225,0.02112676,0.00704225,0.02816901,0.01408451,0.00704225,0.00704225
snb39	0.01261034,0.00756620,0.00504414,0.03530895,0.01387137,0.02017654,0.00882724,0.01008827,0.01008827,0.00378310,0.00882724,0.01387137,0.00378310,0.01008827,0.02017654,0.01891551,0.02522068,0.01261034,0.01008827,0.00756620,0.00882724,0.05674653,0.02143758,0.03152585,0.01513241,0.01513241,0.01008827,0.00378310,0.00504414,0.01261034,0.01639344,0.00378310,0.01261034,0.03404792,0.00756620,0.15636822,0.06809584,0.07566204,0.03656999,0.03278689,0.02143758,0.00882724,0.00630517,0.00378310,0.01513241,0.02143758,0.00378310,0.01765448,0.01891551
nrg14	0.01801802,0.00900901,0.00000000,0.00900901,0.00900901,0.00000000,0.00000000,0.00000000,0.00900901,0.00900901,0.02702703,0.13513514,0.11711712,0.01801802,0.02702703,0.00000000,0.02702703,0.00900901,0.00900901,0.00900901,0.00000000,0.00900901,0.00900901,0.00000000,0.00000000,0.00000000,0.01801802,0.01801802,0.00000000,0.02702703,0.14414414,0.12612613,0.01801802,0.04504505,0.02702703,0.01801802,0.01801802,0.00000000,0.00000000,0.00000000,0.00000000,0.00000000,0.00000000,0.00000000,0.00900901,0.03603604,0.03603604,0.00000000,0.00000000
pmp27	0.00946970,0.00568182,0.00000000,0.03598485,0.00378788,0.03030303,0.01515152,0.01515152,0.00757576,0.00000000,0.00568182,0.01515152,0.00000000,0.01136364,0.00757576,0.00946970,0.03598485,0.01515152,0.01893939,0.00757576,0.00000000,0.04924242,0.00568182,0.04166667,0.01704545,0.02083333,0.00946970,0.00000000,0.00946970,0.00757576,0.02083333,0.00000000,0.01704545,0.00946970,0.00378788,0.17803030,0.06060606,0.10037879,0.03787879,0.05492424,0.01704545,0.03409091,0.00946970,0.01515152,0.00189394,0.01515152,0.00189394,0.00946970,0.00189394
rdp23	0.05820106,0.04761905,0.00000000,0.01058201,0.00529101,0.00000000,0.00000000,0.00000000,0.02116402,0.02116402,0.01058201,0.04761905,0.02645503,0.01587302,0.01587302,0.01587302,0.13756614,0.06349206,0.07407407,0.04761905,0.00000000,0.01587302,0.00529101,0.00529101,0.00529101,0.00000000,0.02116402,0.02116402,0.00000000,0.01058201,0.05820106,0.03703704,0.01587302,0.02116402,0.01058201,0.03703704,0.02645503,0.00000000,0.00000000,0.00000000,0.00000000,0.00000000,0.00000000,0.01058201,0.01058201,0.03174603,0.02645503,0.00000000,0.01058201
mjm248	0.00961538,0.00000000,0.00961538,0.00000000,0.00000000,0.00000000,0.00000000,0.00000000,0.01923077,0.00961538,0.05769231,0.08653846,0.06730769,0.00000000,0.02884615,0.00000000,0.03846154,0.02884615,0.00961538,0.00961538,0.01923077,0.00961538,0.00000000,0.00000000,0.00000000,0.00000000,0.04807692,0.02884615,0.00961538,0.07692308,0.13461538,0.10576923,0.00961538,0.04807692,0.00961538,0.01923077,0.00961538,0.00961538,0.00961538,0.00000000,0.00000000,0.00000000,0.00000000,0.00961538,0.01923077,0.01923077,0.01923077,0.00000000,0.00961538
ams396	0.00000000,0.00000000,0.00000000,0.00000000,0.00000000,0.00000000,0.00000000,0.00000000,0.01250000,0.00000000,0.03750000,0.07500000,0.02500000,0.05000000,0.02500000,0.00000000,0.03750000,0.02500000,0.01250000,0.01250000,0.00000000,0.01250000,0.01250000,0.00000000,0.00000000,0.00000000,0.02500000,0.00000000,0.01250000,0.05000000,0.08750000,0.02500000,0.06250000,0.05000000,0.02500000,0.08750000,0.07500000,0.01250000,0.01250000,0.00000000,0.00000000,0.00000000,0.00000000,0.00000000,0.00000000,0.05000000,0.03750000,0.01250000,0.03750000
jmk195	0.00000000,0.00000000,0.00155763,0.02647975,0.00155763,0.02336449,0.00778816,0.01401869,0.00155763,0.00000000,0.00311526,0.02024922,0.00000000,0.01713396,0.00311526,0.00623053,0.00000000,0.00000000,0.00000000,0.00000000,0.00311526,0.03582555,0.00311526,0.02959502,0.00934579,0.01869159,0.00311526,0.00000000,0.00311526,0.00467290,0.02647975,0.00155763,0.02180685,0.00467290,0.00155763,0.20872274,0.06386293,0.13551402,0.05140187,0.07788162,0.04205607,0.03115265,0.02180685,0.01246106,0.00467290,0.01869159,0.00000000,0.01557632,0.02336449
atg23	0.01785714,0.00000000,0.03571429,0.05357143,0.01785714,0.01785714,0.01785714,0.00000000,0.01785714,0.01785714,0.01785714,0.00000000,0.00000000,0.00000000,0.00000000,0.00000000,0.01785714,0.01785714,0.00000000,0.00000000,0.03571429,0.08928571,0.03571429,0.03571429,0.01785714,0.00000000,0.01785714,0.01785714,0.00000000,0.01785714,0.00000000,0.00000000,0.00000000,0.01785714,0.00000000,0.12500000,0.07142857,0.03571429,0.03571429,0.00000000,0.00000000,0.00000000,0.00000000,0.03571429,0.00000000,0.07142857,0.00000000,0.05357143,0.03571429
jaw154	0.00000000,0.00000000,0.00000000,0.00000000,0.00000000,0.00000000,0.00000000,0.00000000,0.00000000,0.00000000,0.00000000,0.07142857,0.07142857,0.00000000,0.07142857,0.00000000,0.14285714,0.07142857,0.07142857,0.07142857,0.00000000,0.00000000,0.00000000,0.00000000,0.00000000,0.00000000,0.00000000,0.00000000,0.00000000,0.00000000,0.07142857,0.07142857,0.00000000,0.07142857,0.07142857,0.00000000,0.00000000,0.00000000,0.00000000,0.00000000,0.00000000,0.00000000,0.00000000,0.00000000,0.00000000,0.07142857,0.07142857,0.00000000,0.00000000
tjg49	0.00000000,0.00000000,0.00000000,0.01424501,0.00000000,0.01424501,0.00000000,0.01424501,0.00569801,0.00000000,0.00284900,0.00284900,0.00000000,0.00284900,0.00284900,0.00284900,0.00000000,0.00000000,0.00000000,0.00000000,0.00284900,0.03133903,0.00000000,0.03133903,0.00000000,0.03133903,0.00569801,0.00000000,0.00284900,0.00284900,0.00284900,0.00000000,0.00284900,0.00569801,0.00284900,0.23076923,0.02564103,0.19088319,0.02564103,0.15099715,0.02279202,0.11965812,0.01424501,0.00854701,0.00854701,0.00284900,0.00000000,0.00284900,0.01139601
mac276	0.03448276,0.00000000,0.00000000,0.00000000,0.00000000,0.00000000,0.00000000,0.00000000,0.03448276,0.03448276,0.00000000,0.03448276,0.03448276,0.00000000,0.13793103,0.00000000,0.03448276,0.00000000,0.00000000,0.00000000,0.03448276,0.00000000,0.00000000,0.00000000,0.00000000,0.00000000,0.03448276,0.03448276,0.00000000,0.00000000,0.03448276,0.03448276,0.00000000,0.13793103,0.03448276,0.00000000,0.00000000,0.00000000,0.00000000,0.00000000,0.00000000,0.00000000,0.00000000,0.03448276,0.10344828,0.10344828,0.06896552,0.00000000,0.00000000
hwf2	0.04918033,0.04918033,0.00000000,0.04918033,0.04918033,0.00000000,0.00000000,0.00000000,0.01639344,0.01639344,0.00000000,0.01639344,0.01639344,0.00000000,0.01639344,0.00000000,0.14754098,0.08196721,0.06557377,0.04918033,0.00000000,0.04918033,0.04918033,0.00000000,0.00000000,0.00000000,0.01639344,0.01639344,0.00000000,0.00000000,0.01639344,0.01639344,0.00000000,0.03278689,0.01639344,0.00000000,0.00000000,0.00000000,0.00000000,0.00000000,0.00000000,0.00000000,0.00000000,0.00000000,0.01639344,0.06557377,0.03278689,0.00000000,0.04918033
wah7	0.11111111,0.11111111,0.00000000,0.00000000,0.00000000,0.00000000,0.00000000,0.00000000,0.00000000,0.00000000,0.00000000,0.00000000,0.00000000,0.00000000,0.00000000,0.00000000,0.33333333,0.11111111,0.22222222,0.11111111,0.00000000,0.00000000,0.00000000,0.00000000,0.00000000,0.00000000,0.00000000,0.00000000,0.00000000,0.00000000,0.00000000,0.00000000,0.00000000,0.00000000,0.00000000,0.00000000,0.00000000,0.00000000,0.00000000,0.00000000,0.00000000,0.00000000,0.00000000,0.00000000,0.00000000,0.00000000,0.00000000,0.00000000,0.00000000
mhr19	0.00404858,0.00404858,0.00000000,0.04858300,0.03238866,0.01214575,0.01214575,0.00000000,0.02834008,0.00809717,0.01214575,0.05668016,0.04453441,0.00809717,0.01214575,0.00404858,0.04858300,0.02429150,0.02429150,0.01619433,0.00000000,0.05263158,0.03643725,0.01214575,0.01214575,0.00000000,0.02834008,0.00809717,0.00404858,0.01214575,0.06477733,0.04858300,0.01214575,0.01214575,0.00000000,0.08502024,0.03643725,0.04858300,0.01619433,0.03238866,0.01214575,0.02024291,0.01214575,0.00000000,0.00000000,0.01214575,0.00404858,0.00809717,0.00809717
rwm27	0.00000000,0.00000000,0.00000000,0.02941176,0.02941176,0.00000000,0.00000000,0.00000000,0.14705882,0.14705882,0.00000000,0.02941176,0.02941176,0.00000000,0.02941176,0.02941176,0.00000000,0.00000000,0.00000000,0.00000000,0.00000000,0.02941176,0.02941176,0.00000000,0.00000000,0.00000000,0.14705882,0.14705882,0.00000000,0.00000000,0.02941176,0.02941176,0.00000000,0.02941176,0.00000000,0.02941176,0.02941176,0.00000000,0.00000000,0.00000000,0.00000000,0.00000000,0.00000000,0.00000000,0.02941176,0.00000000,0.00000000,0.00000000,0.00000000
mlk93	0.05050505,0.04040404,0.00000000,0.01010101,0.01010101,0.00000000,0.00000000,0.00000000,0.04040404,0.02020202,0.02020202,0.02020202,0.00000000,0.02020202,0.02020202,0.00000000,0.11111111,0.05050505,0.06060606,0.04040404,0.02020202,0.04040404,0.04040404,0.00000000,0.00000000,0.00000000,0.05050505,0.02020202,0.01010101,0.02020202,0.02020202,0.00000000,0.02020202,0.03030303,0.02020202,0.06060606,0.04040404,0.02020202,0.02020202,0.00000000,0.00000000,0.00000000,0.00000000,0.00000000,0.01010101,0.02020202,0.00000000,0.02020202,0.00000000
kko4	0.05825243,0.03883495,0.00000000,0.00000000,0.00000000,0.00000000,0.00000000,0.00000000,0.01941748,0.01941748,0.01941748,0.05825243,0.05825243,0.00000000,0.01941748,0.00000000,0.17475728,0.08737864,0.07766990,0.04854369,0.00000000,0.00000000,0.00000000,0.00000000,0.00000000,0.00000000,0.02912621,0.02912621,0.00000000,0.01941748,0.05825243,0.05825243,0.00000000,0.01941748,0.01941748,0.00000000,0.00000000,0.00000000,0.00000000,0.00000000,0.00000000,0.00000000,0.00000000,0.00000000,0.01941748,0.02912621,0.02912621,0.00000000,0.00970874
afd10	0.03149606,0.01837270,0.00262467,0.03149606,0.02099738,0.00524934,0.00524934,0.00000000,0.01312336,0.00524934,0.01049869,0.03937008,0.01574803,0.01312336,0.03674541,0.01574803,0.07349081,0.03149606,0.03674541,0.02362205,0.00787402,0.03937008,0.02624672,0.00787402,0.00787402,0.00000000,0.01574803,0.00787402,0.00262467,0.01049869,0.03937008,0.01574803,0.01312336,0.03937008,0.02099738,0.08661417,0.05249344,0.02624672,0.01574803,0.01049869,0.01049869,0.00000000,0.00000000,0.01312336,0.01312336,0.03937008,0.01049869,0.02362205,0.01312336
mjd78	0.00958466,0.00319489,0.00319489,0.08945687,0.06389776,0.02236422,0.01597444,0.00319489,0.00958466,0.00000000,0.00958466,0.00958466,0.00000000,0.00958466,0.00000000,0.03514377,0.02555911,0.01597444,0.00958466,0.00958466,0.00319489,0.11182109,0.07348243,0.03194888,0.01916933,0.00958466,0.01597444,0.00319489,0.00958466,0.01277955,0.01277955,0.00000000,0.01277955,0.00638978,0.00000000,0.12460064,0.07667732,0.03833866,0.02236422,0.01277955,0.00638978,0.00319489,0.00319489,0.00958466,0.00958466,0.01277955,0.00638978,0.00638978,0.00000000
sws19	0.00000000,0.00000000,0.04000000,0.00000000,0.00000000,0.00000000,0.00000000,0.00000000,0.08000000,0.08000000,0.00000000,0.08000000,0.08000000,0.00000000,0.00000000,0.00000000,0.08000000,0.04000000,0.04000000,0.04000000,0.04000000,0.04000000,0.04000000,0.00000000,0.00000000,0.00000000,0.08000000,0.08000000,0.00000000,0.00000000,0.08000000,0.08000000,0.00000000,0.00000000,0.00000000,0.00000000,0.00000000,0.00000000,0.00000000,0.00000000,0.00000000,0.00000000,0.00000000,0.00000000,0.00000000,0.00000000,0.00000000,0.00000000,0.00000000
rkh9	0.05000000,0.00000000,0.00000000,0.02500000,0.02500000,0.00000000,0.00000000,0.00000000,0.00000000,0.00000000,0.02500000,0.12500000,0.12500000,0.00000000,0.02500000,0.00000000,0.05000000,0.05000000,0.00000000,0.00000000,0.00000000,0.02500000,0.02500000,0.00000000,0.00000000,0.00000000,0.00000000,0.00000000,0.00000000,0.02500000,0.12500000,0.12500000,0.00000000,0.05000000,0.02500000,0.00000000,0.00000000,0.00000000,0.00000000,0.00000000,0.00000000,0.00000000,0.00000000,0.00000000,0.00000000,0.05000000,0.05000000,0.00000000,0.00000000
skm37	0.00000000,0.00000000,0.00000000,0.05000000,0.02500000,0.02500000,0.02500000,0.00000000,0.00000000,0.00000000,0.00000000,0.10000000,0.10000000,0.00000000,0.02500000,0.00000000,0.00000000,0.00000000,0.00000000,0.00000000,0.00000000,0.05000000,0.02500000,0.02500000,0.02500000,0.00000000,0.00000000,0.00000000,0.00000000,0.00000000,0.12500000,0.12500000,0.00000000,0.02500000,0.02500000,0.02500000,0.02500000,0.00000000,0.00000000,0.00000000,0.00000000,0.00000000,0.00000000,0.00000000,0.00000000,0.07500000,0.07500000,0.00000000,0.02500000
ril13	0.00000000,0.00000000,0.01136364,0.00000000,0.00000000,0.00000000,0.00000000,0.00000000,0.06818182,0.06818182,0.03409091,0.12500000,0.11363636,0.00000000,0.02272727,0.00000000,0.00000000,0.00000000,0.00000000,0.00000000,0.01136364,0.00000000,0.00000000,0.00000000,0.00000000,0.00000000,0.06818182,0.06818182,0.00000000,0.04545455,0.12500000,0.11363636,0.00000000,0.02272727,0.01136364,0.00000000,0.00000000,0.00000000,0.00000000,0.00000000,0.00000000,0.00000000,0.00000000,0.00000000,0.01136364,0.03409091,0.03409091,0.00000000,0.01136364
skw17	0.00000000,0.00000000,0.00000000,0.00000000,0.00000000,0.00000000,0.00000000,0.00000000,0.00000000,0.00000000,0.00000000,0.18750000,0.18750000,0.00000000,0.06250000,0.00000000,0.00000000,0.00000000,0.00000000,0.00000000,0.00000000,0.00000000,0.00000000,0.00000000,0.00000000,0.00000000,0.00000000,0.00000000,0.00000000,0.00000000,0.18750000,0.18750000,0.00000000,0.06250000,0.00000000,0.00000000,0.00000000,0.00000000,0.00000000,0.00000000,0.00000000,0.00000000,0.00000000,0.00000000,0.12500000,0.00000000,0.00000000,0.00000000,0.00000000
kan63	0.05263158,0.00000000,0.05263158,0.00000000,0.00000000,0.00000000,0.00000000,0.00000000,0.10526316,0.05263158,0.00000000,0.05263158,0.05263158,0.00000000,0.00000000,0.00000000,0.05263158,0.05263158,0.00000000,0.00000000,0.05263158,0.05263158,0.05263158,0.00000000,0.00000000,0.00000000,0.10526316,0.05263158,0.05263158,0.00000000,0.05263158,0.05263158,0.00000000,0.00000000,0.00000000,0.00000000,0.00000000,0.00000000,0.00000000,0.00000000,0.00000000,0.00000000,0.00000000,0.00000000,0.05263158,0.00000000,0.00000000,0.00000000,0.00000000
sjt27	0.00000000,0.00000000,0.04545455,0.00000000,0.00000000,0.00000000,0.00000000,0.00000000,0.00000000,0.00000000,0.04545455,0.09090909,0.09090909,0.00000000,0.09090909,0.00000000,0.00000000,0.00000000,0.00000000,0.00000000,0.04545455,0.00000000,0.00000000,0.00000000,0.00000000,0.00000000,0.00000000,0.00000000,0.00000000,0.04545455,0.13636364,0.13636364,0.00000000,0.09090909,0.04545455,0.00000000,0.00000000,0.00000000,0.00000000,0.00000000,0.00000000,0.00000000,0.00000000,0.00000000,0.04545455,0.04545455,0.04545455,0.00000000,0.00000000
jrw98	0.00000000,0.00000000,0.00706714,0.06360424,0.02826855,0.03180212,0.02473498,0.00706714,0.00353357,0.00000000,0.00353357,0.02120141,0.00706714,0.01060071,0.00706714,0.03886926,0.00000000,0.00000000,0.00000000,0.00000000,0.00706714,0.07773852,0.03180212,0.03886926,0.02473498,0.01413428,0.00353357,0.00000000,0.00000000,0.00353357,0.02473498,0.00706714,0.01413428,0.01060071,0.00000000,0.16254417,0.09893993,0.06007067,0.03533569,0.02473498,0.01413428,0.01060071,0.00706714,0.01413428,0.01413428,0.02120141,0.01060071,0.01060071,0.00353357
jme42	0.00000000,0.00000000,0.01666667,0.00000000,0.00000000,0.00000000,0.00000000,0.00000000,0.05000000,0.05000000,0.00000000,0.11666667,0.06666667,0.05000000,0.00000000,0.00000000,0.00000000,0.00000000,0.00000000,0.00000000,0.01666667,0.01666667,0.01666667,0.00000000,0.00000000,0.00000000,0.05000000,0.05000000,0.00000000,0.00000000,0.11666667,0.06666667,0.05000000,0.00000000,0.00000000,0.10000000,0.05000000,0.05000000,0.05000000,0.00000000,0.00000000,0.00000000,0.00000000,0.00000000,0.01666667,0.00000000,0.00000000,0.00000000,0.00000000
teh26	0.00000000,0.00000000,0.50000000,0.00000000,0.00000000,0.00000000,0.00000000,0.00000000,0.00000000,0.00000000,0.00000000,0.00000000,0.00000000,0.00000000,0.00000000,0.00000000,0.00000000,0.00000000,0.00000000,0.00000000,0.50000000,0.00000000,0.00000000,0.00000000,0.00000000,0.00000000,0.00000000,0.00000000,0.00000000,0.00000000,0.00000000,0.00000000,0.00000000,0.00000000,0.00000000,0.00000000,0.00000000,0.00000000,0.00000000,0.00000000,0.00000000,0.00000000,0.00000000,0.00000000,0.00000000,0.00000000,0.00000000,0.00000000,0.00000000
bpc20	0.00000000,0.00000000,0.05109489,0.09489051,0.07299270,0.02189781,0.00729927,0.00729927,0.02189781,0.00000000,0.01459854,0.02189781,0.01459854,0.00729927,0.00000000,0.00729927,0.00000000,0.00000000,0.00000000,0.00000000,0.08759124,0.12408759,0.10218978,0.02189781,0.00729927,0.00729927,0.02919708,0.00000000,0.01459854,0.02189781,0.03649635,0.02189781,0.01459854,0.00000000,0.00000000,0.07299270,0.02189781,0.02189781,0.00000000,0.01459854,0.00000000,0.00729927,0.00000000,0.00729927,0.00000000,0.00729927,0.00000000,0.00729927,0.00729927
jdh99	0.00000000,0.00000000,0.00000000,0.02040816,0.01020408,0.01020408,0.00000000,0.00000000,0.02040816,0.00000000,0.06122449,0.01020408,0.00000000,0.00000000,0.02040816,0.01020408,0.00000000,0.00000000,0.00000000,0.00000000,0.04081633,0.05102041,0.04081633,0.01020408,0.00000000,0.00000000,0.08163265,0.01020408,0.01020408,0.11224490,0.03061224,0.00000000,0.02040816,0.05102041,0.01020408,0.10204082,0.05102041,0.03061224,0.03061224,0.00000000,0.00000000,0.00000000,0.00000000,0.00000000,0.05102041,0.04081633,0.01020408,0.03061224,0.02040816
wli1	0.00000000,0.00000000,0.00000000,0.05405405,0.05405405,0.00000000,0.00000000,0.00000000,0.00000000,0.00000000,0.02702703,0.05405405,0.02702703,0.00000000,0.05405405,0.02702703,0.00000000,0.00000000,0.00000000,0.00000000,0.00000000,0.05405405,0.05405405,0.00000000,0.00000000,0.00000000,0.00000000,0.00000000,0.00000000,0.02702703,0.05405405,0.02702703,0.00000000,0.08108108,0.00000000,0.08108108,0.05405405,0.02702703,0.02702703,0.00000000,0.00000000,0.00000000,0.00000000,0.00000000,0.02702703,0.05405405,0.02702703,0.02702703,0.08108108
jum48	0.00000000,0.00000000,0.00000000,0.00000000,0.00000000,0.00000000,0.00000000,0.00000000,0.05263158,0.00000000,0.05263158,0.10526316,0.10526316,0.00000000,0.05263158,0.00000000,0.00000000,0.00000000,0.00000000,0.00000000,0.00000000,0.00000000,0.00000000,0.00000000,0.00000000,0.00000000,0.10526316,0.05263158,0.00000000,0.05263158,0.10526316,0.10526316,0.00000000,0.05263158,0.05263158,0.00000000,0.00000000,0.00000000,0.00000000,0.00000000,0.00000000,0.00000000,0.00000000,0.00000000,0.00000000,0.05263158,0.05263158,0.00000000,0.00000000
doc23	0.00000000,0.00000000,0.00000000,0.16129032,0.16129032,0.00000000,0.00000000,0.00000000,0.03225806,0.03225806,0.00000000,0.03225806,0.03225806,0.00000000,0.03225806,0.00000000,0.00000000,0.00000000,0.00000000,0.00000000,0.00000000,0.16129032,0.16129032,0.00000000,0.00000000,0.00000000,0.03225806,0.03225806,0.00000000,0.00000000,0.03225806,0.03225806,0.00000000,0.03225806,0.00000000,0.00000000,0.00000000,0.00000000,0.00000000,0.00000000,0.00000000,0.00000000,0.00000000,0.00000000,0.03225806,0.00000000,0.00000000,0.00000000,0.00000000
aag45	0.00000000,0.00000000,0.00510204,0.06122449,0.02551020,0.03061224,0.01530612,0.01020408,0.03571429,0.01020408,0.02551020,0.03571429,0.02551020,0.01020408,0.01020408,0.01530612,0.00000000,0.00000000,0.00000000,0.00000000,0.01020408,0.10204082,0.04081633,0.04081633,0.02551020,0.01020408,0.04591837,0.01020408,0.03061224,0.02551020,0.04081633,0.03061224,0.01020408,0.01020408,0.00510204,0.09693878,0.05612245,0.03061224,0.01020408,0.01530612,0.01020408,0.00510204,0.00510204,0.00000000,0.00000000,0.01020408,0.00510204,0.00000000,0.00000000
wag7	0.00000000,0.00000000,0.00000000,0.00000000,0.00000000,0.00000000,0.00000000,0.00000000,0.09722222,0.08333333,0.04166667,0.05555556,0.05555556,0.00000000,0.04166667,0.00000000,0.00000000,0.00000000,0.00000000,0.00000000,0.00000000,0.00000000,0.00000000,0.00000000,0.00000000,0.00000000,0.09722222,0.08333333,0.00000000,0.05555556,0.09722222,0.09722222,0.00000000,0.05555556,0.00000000,0.01388889,0.01388889,0.00000000,0.00000000,0.00000000,0.00000000,0.00000000,0.00000000,0.00000000,0.02777778,0.04166667,0.02777778,0.01388889,0.00000000
rde8	0.00000000,0.00000000,0.01785714,0.01785714,0.01785714,0.00000000,0.00000000,0.00000000,0.01785714,0.00000000,0.00000000,0.03571429,0.01785714,0.00000000,0.05357143,0.00000000,0.01785714,0.01785714,0.00000000,0.00000000,0.01785714,0.03571429,0.01785714,0.01785714,0.00000000,0.01785714,0.01785714,0.00000000,0.01785714,0.00000000,0.05357143,0.01785714,0.00000000,0.05357143,0.03571429,0.07142857,0.03571429,0.03571429,0.03571429,0.00000000,0.00000000,0.00000000,0.00000000,0.01785714,0.00000000,0.12500000,0.10714286,0.01785714,0.03571429
kbs29	0.01345291,0.00896861,0.04484305,0.07623318,0.05829596,0.01793722,0.00896861,0.00448430,0.02242152,0.00000000,0.00000000,0.00448430,0.00000000,0.00448430,0.00000000,0.00000000,0.02690583,0.01345291,0.00896861,0.00896861,0.06726457,0.13452915,0.09417040,0.03587444,0.01345291,0.01345291,0.02242152,0.00000000,0.01793722,0.00000000,0.00448430,0.00000000,0.00448430,0.00000000,0.00000000,0.09417040,0.03139013,0.04932735,0.01345291,0.03139013,0.00896861,0.01793722,0.00896861,0.00000000,0.00448430,0.00448430,0.00000000,0.00448430,0.00000000
dkd15	0.00000000,0.00000000,0.00000000,0.00000000,0.00000000,0.00000000,0.00000000,0.00000000,0.00000000,0.00000000,0.00000000,0.00000000,0.00000000,0.00000000,0.00000000,0.00000000,0.00000000,0.00000000,0.00000000,0.00000000,0.00000000,0.00000000,0.00000000,0.00000000,0.00000000,0.00000000,0.00000000,0.00000000,0.00000000,0.00000000,0.00000000,0.00000000,0.00000000,0.00000000,0.00000000,0.00000000,0.00000000,0.00000000,0.00000000,0.00000000,0.00000000,0.00000000,0.00000000,0.00000000,0.00000000,0.00000000,0.00000000,0.00000000,0.00000000
ecu4	0.00867052,0.00000000,0.00867052,0.07225434,0.02601156,0.04335260,0.03468208,0.00289017,0.01445087,0.00000000,0.01156069,0.01734104,0.00000000,0.01156069,0.00000000,0.02312139,0.01156069,0.00578035,0.00000000,0.00000000,0.01156069,0.09248555,0.03468208,0.05491329,0.04624277,0.00289017,0.01734104,0.00000000,0.01156069,0.01156069,0.02312139,0.00000000,0.01734104,0.00000000,0.00000000,0.15028902,0.10404624,0.04046243,0.03179191,0.00867052,0.00867052,0.00000000,0.00000000,0.00578035,0.00000000,0.01734104,0.00289017,0.01445087,0.00000000
mjg82	0.00680272,0.00000000,0.00000000,0.06122449,0.04761905,0.01360544,0.01360544,0.00000000,0.00680272,0.00000000,0.00000000,0.04081633,0.00000000,0.03401361,0.02721088,0.03401361,0.00680272,0.00680272,0.00000000,0.00000000,0.00000000,0.07482993,0.05442177,0.02040816,0.02040816,0.00000000,0.00680272,0.00000000,0.00680272,0.00000000,0.04761905,0.00000000,0.04081633,0.03401361,0.01360544,0.12244898,0.10204082,0.00680272,0.00000000,0.00000000,0.00000000,0.00000000,0.00000000,0.02040816,0.00680272,0.04081633,0.02040816,0.02040816,0.04081633
tar57	0.04166667,0.00000000,0.00000000,0.00000000,0.00000000,0.00000000,0.00000000,0.00000000,0.08333333,0.08333333,0.04166667,0.04166667,0.04166667,0.00000000,0.02083333,0.00000000,0.08333333,0.06250000,0.02083333,0.02083333,0.00000000,0.00000000,0.00000000,0.00000000,0.00000000,0.00000000,0.10416667,0.10416667,0.00000000,0.04166667,0.04166667,0.04166667,0.00000000,0.02083333,0.02083333,0.00000000,0.00000000,0.00000000,0.00000000,0.00000000,0.00000000,0.00000000,0.00000000,0.02083333,0.00000000,0.02083333,0.00000000,0.00000000,0.04166667
koj1	0.00000000,0.00000000,0.50000000,0.00000000,0.00000000,0.00000000,0.00000000,0.00000000,0.00000000,0.00000000,0.00000000,0.00000000,0.00000000,0.00000000,0.00000000,0.00000000,0.00000000,0.00000000,0.00000000,0.00000000,0.50000000,0.00000000,0.00000000,0.00000000,0.00000000,0.00000000,0.00000000,0.00000000,0.00000000,0.00000000,0.00000000,0.00000000,0.00000000,0.00000000,0.00000000,0.00000000,0.00000000,0.00000000,0.00000000,0.00000000,0.00000000,0.00000000,0.00000000,0.00000000,0.00000000,0.00000000,0.00000000,0.00000000,0.00000000
clk93	0.00312500,0.00000000,0.01250000,0.06875000,0.03437500,0.02500000,0.01875000,0.00625000,0.01875000,0.00625000,0.01875000,0.02187500,0.00312500,0.01875000,0.00937500,0.00312500,0.00625000,0.00625000,0.00000000,0.00000000,0.02500000,0.09375000,0.05000000,0.03437500,0.02187500,0.01250000,0.02812500,0.00625000,0.01250000,0.02187500,0.02812500,0.00312500,0.02500000,0.01250000,0.00312500,0.12187500,0.06875000,0.05000000,0.03125000,0.01562500,0.01250000,0.00312500,0.00312500,0.00000000,0.00937500,0.01250000,0.00312500,0.00937500,0.00000000
mjf68	0.05737705,0.02459016,0.00000000,0.00000000,0.00000000,0.00000000,0.00000000,0.00000000,0.04098361,0.03278689,0.04918033,0.04918033,0.04918033,0.00000000,0.02459016,0.00000000,0.08196721,0.05737705,0.02459016,0.02459016,0.00000000,0.00000000,0.00000000,0.00000000,0.00000000,0.00000000,0.05737705,0.04918033,0.00000000,0.07377049,0.07377049,0.06557377,0.00000000,0.04918033,0.01639344,0.00000000,0.00000000,0.00000000,0.00000000,0.00000000,0.00000000,0.00000000,0.00000000,0.00000000,0.02459016,0.03278689,0.03278689,0.00000000,0.00819672
res106	0.02617801,0.02094241,0.00000000,0.02617801,0.01570681,0.00523560,0.00000000,0.00523560,0.01047120,0.01047120,0.01047120,0.03141361,0.01570681,0.01570681,0.02094241,0.01570681,0.07329843,0.02617801,0.03664921,0.02617801,0.00000000,0.03141361,0.02094241,0.00523560,0.00000000,0.00523560,0.01570681,0.01570681,0.00000000,0.01047120,0.03141361,0.01570681,0.01570681,0.02617801,0.02094241,0.10994764,0.04188482,0.05235602,0.03141361,0.01570681,0.01047120,0.00523560,0.00523560,0.01047120,0.01570681,0.04188482,0.02094241,0.02094241,0.01047120
wsh5	0.00000000,0.00000000,0.00000000,0.00000000,0.00000000,0.00000000,0.00000000,0.00000000,0.04166667,0.00000000,0.04166667,0.04166667,0.04166667,0.00000000,0.04166667,0.00000000,0.00000000,0.00000000,0.00000000,0.00000000,0.00000000,0.12500000,0.08333333,0.00000000,0.00000000,0.00000000,0.12500000,0.00000000,0.12500000,0.04166667,0.08333333,0.04166667,0.04166667,0.04166667,0.00000000,0.04166667,0.04166667,0.00000000,0.00000000,0.00000000,0.00000000,0.00000000,0.00000000,0.00000000,0.00000000,0.00000000,0.00000000,0.00000000,0.00000000
jah208	0.00000000,0.00000000,0.03750000,0.02500000,0.02500000,0.00000000,0.00000000,0.00000000,0.05000000,0.03750000,0.07500000,0.03750000,0.02500000,0.00000000,0.00000000,0.00000000,0.00000000,0.00000000,0.00000000,0.00000000,0.03750000,0.05000000,0.05000000,0.00000000,0.00000000,0.00000000,0.10000000,0.06250000,0.01250000,0.08750000,0.06250000,0.03750000,0.01250000,0.01250000,0.01250000,0.03750000,0.02500000,0.01250000,0.01250000,0.00000000,0.00000000,0.00000000,0.00000000,0.00000000,0.01250000,0.02500000,0.01250000,0.01250000,0.00000000
mad205	0.02994012,0.01796407,0.00598802,0.01796407,0.01796407,0.00000000,0.00000000,0.00000000,0.04191617,0.02994012,0.02395210,0.04790419,0.04191617,0.00598802,0.00598802,0.00000000,0.07185629,0.03592814,0.02994012,0.01796407,0.00598802,0.04790419,0.02395210,0.01796407,0.01197605,0.00598802,0.05389222,0.02994012,0.01796407,0.02994012,0.06586826,0.05389222,0.01197605,0.00598802,0.00598802,0.04191617,0.02395210,0.01197605,0.00000000,0.00598802,0.00000000,0.00000000,0.00000000,0.00000000,0.02395210,0.02994012,0.02994012,0.00000000,0.00000000
rhl10	0.00000000,0.00000000,0.00578035,0.06358382,0.03468208,0.02312139,0.01734104,0.00578035,0.00578035,0.00578035,0.00000000,0.02312139,0.00000000,0.02312139,0.02890173,0.01734104,0.00000000,0.00000000,0.00000000,0.00000000,0.00578035,0.06358382,0.03468208,0.02312139,0.01734104,0.00578035,0.00578035,0.00578035,0.00000000,0.00000000,0.02312139,0.00000000,0.02312139,0.02890173,0.01734104,0.15028902,0.07514451,0.07514451,0.02890173,0.04624277,0.02312139,0.02312139,0.01156069,0.00578035,0.00000000,0.02890173,0.01156069,0.01156069,0.00000000
kmm137	0.00000000,0.00000000,0.00000000,0.00000000,0.00000000,0.00000000,0.00000000,0.00000000,0.00000000,0.00000000,0.00000000,0.00000000,0.00000000,0.00000000,0.00000000,0.00000000,0.00000000,0.00000000,0.00000000,0.00000000,0.00000000,0.00000000,0.00000000,0.00000000,0.00000000,0.00000000,0.00000000,0.00000000,0.00000000,0.00000000,1.00000000,0.00000000,0.00000000,0.00000000,0.00000000,0.00000000,0.00000000,0.00000000,0.00000000,0.00000000,0.00000000,0.00000000,0.00000000,0.00000000,0.00000000,0.00000000,0.00000000,0.00000000,0.00000000
kdd28	0.00000000,0.00000000,0.05000000,0.06666667,0.06666667,0.00000000,0.00000000,0.00000000,0.05000000,0.03333333,0.00000000,0.03333333,0.01666667,0.01666667,0.00000000,0.01666667,0.01666667,0.01666667,0.00000000,0.00000000,0.06666667,0.08333333,0.06666667,0.01666667,0.00000000,0.01666667,0.05000000,0.03333333,0.00000000,0.00000000,0.03333333,0.01666667,0.01666667,0.00000000,0.00000000,0.08333333,0.05000000,0.03333333,0.01666667,0.01666667,0.01666667,0.00000000,0.00000000,0.00000000,0.00000000,0.00000000,0.00000000,0.00000000,0.00000000
ams404	0.02654867,0.01769912,0.00000000,0.00000000,0.00000000,0.00000000,0.00000000,0.00000000,0.04424779,0.03539823,0.02654867,0.05309735,0.05309735,0.00000000,0.04424779,0.00000000,0.06194690,0.03539823,0.02654867,0.01769912,0.00000000,0.00000000,0.00000000,0.00000000,0.00000000,0.00000000,0.05309735,0.04424779,0.00000000,0.02654867,0.07079646,0.07079646,0.00000000,0.05309735,0.02654867,0.00000000,0.00000000,0.00000000,0.00000000,0.00000000,0.00000000,0.00000000,0.00000000,0.00000000,0.00000000,0.07079646,0.07079646,0.00000000,0.07079646
jlc201	0.00000000,0.00000000,0.00000000,0.08102345,0.02558635,0.04264392,0.00213220,0.04051173,0.00213220,0.00000000,0.00000000,0.00000000,0.00000000,0.00000000,0.02771855,0.00639659,0.00000000,0.00000000,0.00000000,0.00000000,0.00000000,0.10874200,0.03837953,0.04904051,0.00639659,0.04264392,0.00213220,0.00000000,0.00213220,0.00000000,0.00000000,0.00000000,0.00000000,0.03411514,0.01492537,0.14925373,0.07249467,0.07675906,0.05543710,0.02132196,0.01492537,0.00639659,0.00426439,0.00639659,0.01705757,0.01705757,0.00000000,0.01705757,0.01492537
qim8	0.00000000,0.00000000,0.03252033,0.07317073,0.04065041,0.03252033,0.01626016,0.00813008,0.04065041,0.00813008,0.01626016,0.04878049,0.03252033,0.00000000,0.00000000,0.00813008,0.00000000,0.00000000,0.00000000,0.00000000,0.05691057,0.11382114,0.06504065,0.03252033,0.01626016,0.00813008,0.04878049,0.00813008,0.02439024,0.01626016,0.05691057,0.04065041,0.00000000,0.00000000,0.00000000,0.04878049,0.03252033,0.00813008,0.00813008,0.00000000,0.00000000,0.00000000,0.00000000,0.02439024,0.01626016,0.00813008,0.00813008,0.00000000,0.00000000
cac189	0.00000000,0.00000000,0.00000000,0.00000000,0.00000000,0.00000000,0.00000000,0.00000000,0.12903226,0.12903226,0.00000000,0.09677419,0.09677419,0.00000000,0.03225806,0.00000000,0.00000000,0.00000000,0.00000000,0.00000000,0.00000000,0.00000000,0.00000000,0.00000000,0.00000000,0.00000000,0.12903226,0.12903226,0.00000000,0.00000000,0.09677419,0.09677419,0.00000000,0.03225806,0.00000000,0.00000000,0.00000000,0.00000000,0.00000000,0.00000000,0.00000000,0.00000000,0.00000000,0.00000000,0.03225806,0.00000000,0.00000000,0.00000000,0.00000000
alh130	0.06250000,0.06250000,0.06250000,0.06250000,0.00000000,0.00000000,0.00000000,0.00000000,0.00000000,0.00000000,0.00000000,0.00000000,0.00000000,0.00000000,0.00000000,0.00000000,0.25000000,0.12500000,0.12500000,0.12500000,0.06250000,0.06250000,0.00000000,0.00000000,0.00000000,0.00000000,0.00000000,0.00000000,0.00000000,0.00000000,0.00000000,0.00000000,0.00000000,0.00000000,0.00000000,0.00000000,0.00000000,0.00000000,0.00000000,0.00000000,0.00000000,0.00000000,0.00000000,0.00000000,0.00000000,0.00000000,0.00000000,0.00000000,0.00000000
brs112	0.00448430,0.00448430,0.03587444,0.08968610,0.04932735,0.03587444,0.01793722,0.01345291,0.01345291,0.00000000,0.00448430,0.00448430,0.00000000,0.00000000,0.00000000,0.02242152,0.00896861,0.00448430,0.00448430,0.00448430,0.03587444,0.13452915,0.06726457,0.05829596,0.03587444,0.01793722,0.01793722,0.00000000,0.01793722,0.00448430,0.01345291,0.00448430,0.00448430,0.00000000,0.00000000,0.11659193,0.07623318,0.03139013,0.02242152,0.00448430,0.00448430,0.00000000,0.00000000,0.00000000,0.00000000,0.00896861,0.00448430,0.00000000,0.00000000
alh133	0.00000000,0.00000000,0.01754386,0.06516291,0.04010025,0.01754386,0.00751880,0.00751880,0.02255639,0.01002506,0.01503759,0.02005013,0.00751880,0.01002506,0.01002506,0.01754386,0.00000000,0.00000000,0.00000000,0.00000000,0.02756892,0.09523810,0.05263158,0.02756892,0.00751880,0.01503759,0.02756892,0.01253133,0.01002506,0.01503759,0.03007519,0.01002506,0.01754386,0.01503759,0.00751880,0.11779449,0.06516291,0.03759398,0.02255639,0.01253133,0.00751880,0.00250627,0.00250627,0.01002506,0.00751880,0.03508772,0.01253133,0.01754386,0.01002506
anv35	0.02293578,0.01834862,0.01376147,0.00917431,0.00458716,0.00000000,0.00000000,0.00000000,0.07339450,0.05963303,0.04128440,0.02752294,0.02293578,0.00000000,0.01376147,0.00000000,0.09633028,0.05045872,0.04128440,0.03211009,0.01834862,0.01376147,0.00917431,0.00000000,0.00000000,0.00000000,0.08715596,0.07339450,0.00458716,0.07798165,0.05045872,0.03211009,0.00458716,0.01376147,0.00458716,0.01376147,0.00917431,0.00458716,0.00458716,0.00000000,0.00000000,0.00000000,0.00000000,0.00917431,0.00458716,0.01834862,0.00917431,0.00458716,0.00458716
inf4	0.02678571,0.01339286,0.00000000,0.00000000,0.00000000,0.00000000,0.00000000,0.00000000,0.01339286,0.00892857,0.02678571,0.06696429,0.06250000,0.00000000,0.05803571,0.00892857,0.05803571,0.03125000,0.02232143,0.01785714,0.00000000,0.00000000,0.00000000,0.00000000,0.00000000,0.00000000,0.02232143,0.01785714,0.00000000,0.04017857,0.08035714,0.07589286,0.00000000,0.07589286,0.03571429,0.00892857,0.00892857,0.00000000,0.00000000,0.00000000,0.00000000,0.00000000,0.00000000,0.00000000,0.00446429,0.07589286,0.06696429,0.00000000,0.07142857
jey16	0.00286533,0.00286533,0.00000000,0.01432665,0.00000000,0.01289398,0.00143266,0.01002865,0.00286533,0.00000000,0.00000000,0.00143266,0.00000000,0.00143266,0.00000000,0.02148997,0.01289398,0.00286533,0.01002865,0.00286533,0.00000000,0.01719198,0.00000000,0.01432665,0.00143266,0.01146132,0.00286533,0.00000000,0.00286533,0.00000000,0.00143266,0.00000000,0.00143266,0.00000000,0.00000000,0.23352436,0.04297994,0.18624642,0.04011461,0.14326648,0.03581662,0.10601719,0.03008596,0.00859599,0.00000000,0.01002865,0.00000000,0.01002865,0.00000000
jdh98	0.00931677,0.00621118,0.00931677,0.05900621,0.01552795,0.03416149,0.01863354,0.01552795,0.01863354,0.00000000,0.00310559,0.00310559,0.00000000,0.00310559,0.00621118,0.00000000,0.06211180,0.02484472,0.03726708,0.01863354,0.01552795,0.07763975,0.01552795,0.04658385,0.02484472,0.02173913,0.01863354,0.00000000,0.01242236,0.00310559,0.00621118,0.00000000,0.00621118,0.00621118,0.00000000,0.12732919,0.04968944,0.07453416,0.02484472,0.04658385,0.01863354,0.02795031,0.00621118,0.00931677,0.00621118,0.00310559,0.00000000,0.00000000,0.00621118
atr16	0.05000000,0.03333333,0.00000000,0.00000000,0.00000000,0.00000000,0.00000000,0.00000000,0.00555556,0.00555556,0.01666667,0.07777778,0.07222222,0.00000000,0.04444444,0.00000000,0.10555556,0.06111111,0.04444444,0.03333333,0.00000000,0.00000000,0.00000000,0.00000000,0.00000000,0.00000000,0.00555556,0.00555556,0.00000000,0.02222222,0.08888889,0.08333333,0.00000000,0.05000000,0.02222222,0.00000000,0.00000000,0.00000000,0.00000000,0.00000000,0.00000000,0.00000000,0.00000000,0.00000000,0.01111111,0.06111111,0.06111111,0.00000000,0.03888889
pjs52	0.00000000,0.00000000,0.00476190,0.10476190,0.03333333,0.06190476,0.05714286,0.00476190,0.01428571,0.00000000,0.00000000,0.01428571,0.00000000,0.00476190,0.01428571,0.00000000,0.00476190,0.00476190,0.00000000,0.00000000,0.00952381,0.12857143,0.04761905,0.07142857,0.06666667,0.00476190,0.01428571,0.00000000,0.01428571,0.00476190,0.01428571,0.00000000,0.00476190,0.01904762,0.00000000,0.10952381,0.08095238,0.01904762,0.01428571,0.00000000,0.00000000,0.00000000,0.00000000,0.00952381,0.00476190,0.01428571,0.00000000,0.01428571,0.00952381
cev9	0.04255319,0.04255319,0.00000000,0.00000000,0.00000000,0.00000000,0.00000000,0.00000000,0.04255319,0.02127660,0.00000000,0.06382979,0.06382979,0.00000000,0.00000000,0.00000000,0.19148936,0.06382979,0.12765957,0.06382979,0.00000000,0.00000000,0.00000000,0.00000000,0.00000000,0.00000000,0.04255319,0.02127660,0.00000000,0.00000000,0.06382979,0.06382979,0.00000000,0.00000000,0.00000000,0.00000000,0.00000000,0.00000000,0.00000000,0.00000000,0.00000000,0.00000000,0.00000000,0.00000000,0.00000000,0.04255319,0.04255319,0.00000000,0.00000000
egm18	0.03191489,0.03191489,0.00000000,0.01063830,0.01063830,0.00000000,0.00000000,0.00000000,0.02127660,0.00000000,0.01063830,0.07446809,0.06382979,0.00000000,0.01063830,0.00000000,0.17021277,0.07446809,0.08510638,0.05319149,0.00000000,0.02127660,0.02127660,0.00000000,0.00000000,0.00000000,0.02127660,0.00000000,0.01063830,0.01063830,0.08510638,0.07446809,0.00000000,0.01063830,0.01063830,0.00000000,0.00000000,0.00000000,0.00000000,0.00000000,0.00000000,0.00000000,0.00000000,0.00000000,0.00000000,0.04255319,0.04255319,0.00000000,0.00000000
jhg10	0.09259259,0.06481481,0.00000000,0.00000000,0.00000000,0.00000000,0.00000000,0.00000000,0.01851852,0.00925926,0.00000000,0.03703704,0.02777778,0.00000000,0.00000000,0.00000000,0.27777778,0.11111111,0.15740741,0.06481481,0.00000000,0.00925926,0.00925926,0.00000000,0.00000000,0.00000000,0.01851852,0.00925926,0.00925926,0.00000000,0.03703704,0.02777778,0.00000000,0.00000000,0.00000000,0.00000000,0.00000000,0.00000000,0.00000000,0.00000000,0.00000000,0.00000000,0.00000000,0.00000000,0.00000000,0.00925926,0.00925926,0.00000000,0.00000000
jdh73	0.08163265,0.06122449,0.00000000,0.01020408,0.01020408,0.00000000,0.00000000,0.00000000,0.04081633,0.04081633,0.04081633,0.00000000,0.00000000,0.00000000,0.01020408,0.00000000,0.16326531,0.08163265,0.08163265,0.06122449,0.00000000,0.03061224,0.03061224,0.00000000,0.00000000,0.00000000,0.06122449,0.04081633,0.02040816,0.04081633,0.01020408,0.01020408,0.00000000,0.01020408,0.01020408,0.00000000,0.00000000,0.00000000,0.00000000,0.00000000,0.00000000,0.00000000,0.00000000,0.00000000,0.00000000,0.02040816,0.02040816,0.00000000,0.01020408
leg33	0.00000000,0.00000000,0.01324503,0.05960265,0.03973510,0.01986755,0.01324503,0.00662252,0.01986755,0.00662252,0.00662252,0.06622517,0.00662252,0.03973510,0.00662252,0.00000000,0.00000000,0.00000000,0.00000000,0.00000000,0.01986755,0.07947020,0.04635762,0.03311258,0.01986755,0.01324503,0.02649007,0.01324503,0.00662252,0.00662252,0.07284768,0.00662252,0.04635762,0.00662252,0.00000000,0.11920530,0.08609272,0.03311258,0.02649007,0.00662252,0.00662252,0.00000000,0.00000000,0.00000000,0.00662252,0.00662252,0.00000000,0.00662252,0.00000000
kav33	0.00000000,0.00000000,0.00732601,0.02930403,0.00732601,0.01465201,0.00366300,0.01098901,0.01465201,0.00000000,0.00000000,0.00000000,0.00000000,0.00000000,0.00732601,0.00000000,0.01098901,0.00366300,0.00732601,0.00366300,0.01465201,0.06227106,0.01465201,0.04029304,0.01098901,0.02197802,0.01465201,0.00000000,0.01465201,0.00000000,0.00000000,0.00000000,0.00000000,0.00732601,0.00366300,0.19780220,0.03296703,0.14652015,0.02197802,0.11721612,0.01465201,0.09890110,0.01098901,0.00732601,0.00000000,0.01098901,0.00000000,0.01098901,0.00366300
cap77	0.05940594,0.03960396,0.00990099,0.01980198,0.00000000,0.01980198,0.00000000,0.01980198,0.02970297,0.01980198,0.00990099,0.00000000,0.00000000,0.00000000,0.00000000,0.00000000,0.12871287,0.05940594,0.06930693,0.03960396,0.00990099,0.02970297,0.00000000,0.02970297,0.00000000,0.02970297,0.02970297,0.01980198,0.00000000,0.00990099,0.00000000,0.00000000,0.00000000,0.00000000,0.00000000,0.10891089,0.01980198,0.07920792,0.01980198,0.04950495,0.01980198,0.01980198,0.00000000,0.00000000,0.00000000,0.00000000,0.00000000,0.00000000,0.00000000
kmh117	0.01388889,0.01388889,0.00000000,0.00000000,0.00000000,0.00000000,0.00000000,0.00000000,0.09722222,0.08333333,0.01388889,0.02777778,0.01388889,0.01388889,0.00000000,0.01388889,0.11111111,0.06944444,0.02777778,0.02777778,0.00000000,0.00000000,0.00000000,0.00000000,0.00000000,0.00000000,0.11111111,0.09722222,0.00000000,0.01388889,0.04166667,0.01388889,0.02777778,0.01388889,0.00000000,0.05555556,0.02777778,0.01388889,0.01388889,0.00000000,0.00000000,0.00000000,0.00000000,0.00000000,0.00000000,0.02777778,0.00000000,0.00000000,0.01388889
djp60	0.03448276,0.00000000,0.00000000,0.00000000,0.00000000,0.00000000,0.00000000,0.00000000,0.17241379,0.17241379,0.03448276,0.03448276,0.00000000,0.00000000,0.00000000,0.00000000,0.03448276,0.03448276,0.00000000,0.00000000,0.00000000,0.00000000,0.00000000,0.00000000,0.00000000,0.00000000,0.20689655,0.20689655,0.00000000,0.03448276,0.03448276,0.00000000,0.00000000,0.00000000,0.00000000,0.00000000,0.00000000,0.00000000,0.00000000,0.00000000,0.00000000,0.00000000,0.00000000,0.00000000,0.00000000,0.00000000,0.00000000,0.00000000,0.00000000
mjf68	0.03571429,0.01785714,0.00000000,0.00000000,0.00000000,0.00000000,0.00000000,0.00000000,0.01785714,0.01785714,0.01785714,0.12500000,0.10714286,0.01785714,0.03571429,0.00000000,0.05357143,0.03571429,0.01785714,0.01785714,0.00000000,0.00000000,0.00000000,0.00000000,0.00000000,0.00000000,0.01785714,0.01785714,0.00000000,0.01785714,0.14285714,0.12500000,0.01785714,0.03571429,0.01785714,0.01785714,0.01785714,0.00000000,0.00000000,0.00000000,0.00000000,0.00000000,0.00000000,0.00000000,0.01785714,0.01785714,0.01785714,0.00000000,0.00000000
ryc17	0.16666667,0.00000000,0.00000000,0.00000000,0.00000000,0.00000000,0.00000000,0.00000000,0.16666667,0.16666667,0.00000000,0.00000000,0.00000000,0.00000000,0.00000000,0.00000000,0.16666667,0.00000000,0.00000000,0.00000000,0.00000000,0.00000000,0.00000000,0.00000000,0.00000000,0.00000000,0.16666667,0.16666667,0.00000000,0.00000000,0.00000000,0.00000000,0.00000000,0.00000000,0.00000000,0.00000000,0.00000000,0.00000000,0.00000000,0.00000000,0.00000000,0.00000000,0.00000000,0.00000000,0.00000000,0.00000000,0.00000000,0.00000000,0.00000000
tol16	0.00000000,0.00000000,0.00000000,0.10714286,0.10714286,0.00000000,0.00000000,0.00000000,0.07142857,0.07142857,0.00000000,0.07142857,0.07142857,0.00000000,0.00000000,0.00000000,0.00000000,0.00000000,0.00000000,0.00000000,0.00000000,0.10714286,0.10714286,0.00000000,0.00000000,0.00000000,0.07142857,0.07142857,0.00000000,0.00000000,0.07142857,0.07142857,0.00000000,0.00000000,0.00000000,0.00000000,0.00000000,0.00000000,0.00000000,0.00000000,0.00000000,0.00000000,0.00000000,0.00000000,0.00000000,0.00000000,0.00000000,0.00000000,0.00000000
yaz44	0.07692308,0.03846154,0.01923077,0.00000000,0.00000000,0.00000000,0.00000000,0.00000000,0.05769231,0.03846154,0.00000000,0.05769231,0.05769231,0.00000000,0.00000000,0.00000000,0.15384615,0.09615385,0.03846154,0.03846154,0.01923077,0.00000000,0.00000000,0.00000000,0.00000000,0.00000000,0.05769231,0.03846154,0.00000000,0.00000000,0.05769231,0.05769231,0.00000000,0.00000000,0.00000000,0.00000000,0.00000000,0.00000000,0.00000000,0.00000000,0.00000000,0.00000000,0.00000000,0.00000000,0.00000000,0.03846154,0.03846154,0.00000000,0.01923077
bjs49	0.01566580,0.01044386,0.00522193,0.04960836,0.02610966,0.02088773,0.01044386,0.01044386,0.00000000,0.00000000,0.00261097,0.01305483,0.00000000,0.01305483,0.00000000,0.01827676,0.04177546,0.01827676,0.02088773,0.01305483,0.00783290,0.04960836,0.02610966,0.02088773,0.01044386,0.01044386,0.00261097,0.00261097,0.00000000,0.00261097,0.01566580,0.00000000,0.01566580,0.00000000,0.00000000,0.16449086,0.06266319,0.09921671,0.03133159,0.06788512,0.02088773,0.04699739,0.02088773,0.00000000,0.00261097,0.01305483,0.00261097,0.01044386,0.00261097
fek10	0.07692308,0.07692308,0.00000000,0.00000000,0.00000000,0.00000000,0.00000000,0.00000000,0.00000000,0.00000000,0.00000000,0.00000000,0.00000000,0.00000000,0.07692308,0.00000000,0.15384615,0.07692308,0.07692308,0.07692308,0.00000000,0.00000000,0.00000000,0.00000000,0.00000000,0.00000000,0.00000000,0.00000000,0.00000000,0.00000000,0.00000000,0.00000000,0.00000000,0.07692308,0.07692308,0.00000000,0.00000000,0.00000000,0.00000000,0.00000000,0.00000000,0.00000000,0.00000000,0.00000000,0.00000000,0.15384615,0.07692308,0.00000000,0.00000000
chg57	0.03533569,0.02120141,0.00000000,0.04593640,0.03886926,0.00706714,0.00706714,0.00000000,0.00353357,0.00353357,0.01413428,0.03533569,0.01766784,0.01413428,0.00000000,0.03533569,0.06360424,0.03533569,0.02826855,0.02120141,0.00000000,0.04593640,0.03886926,0.00706714,0.00706714,0.00000000,0.00353357,0.00353357,0.00000000,0.01413428,0.04240283,0.02120141,0.01766784,0.00706714,0.00000000,0.09893993,0.07420495,0.01766784,0.01060071,0.00706714,0.00706714,0.00000000,0.00000000,0.02473498,0.00000000,0.04946996,0.02120141,0.02120141,0.03180212
art47	0.00000000,0.00000000,0.00000000,0.11111111,0.11111111,0.00000000,0.00000000,0.00000000,0.00000000,0.00000000,0.00000000,0.03703704,0.03703704,0.00000000,0.00000000,0.00000000,0.00000000,0.00000000,0.00000000,0.00000000,0.00000000,0.11111111,0.11111111,0.00000000,0.00000000,0.00000000,0.00000000,0.00000000,0.00000000,0.00000000,0.03703704,0.03703704,0.00000000,0.00000000,0.00000000,0.03703704,0.03703704,0.00000000,0.00000000,0.00000000,0.00000000,0.00000000,0.00000000,0.00000000,0.00000000,0.11111111,0.07407407,0.03703704,0.11111111
jky3	0.03539823,0.01769912,0.00884956,0.00884956,0.00884956,0.00000000,0.00000000,0.00000000,0.02654867,0.01769912,0.00884956,0.07964602,0.07079646,0.00884956,0.04424779,0.00000000,0.05309735,0.03539823,0.01769912,0.01769912,0.00884956,0.01769912,0.01769912,0.00000000,0.00000000,0.00000000,0.02654867,0.01769912,0.00884956,0.00884956,0.09734513,0.07964602,0.00884956,0.04424779,0.00884956,0.02654867,0.01769912,0.00884956,0.00884956,0.00000000,0.00000000,0.00000000,0.00000000,0.00000000,0.01769912,0.03539823,0.02654867,0.00884956,0.04424779
ket38	0.00000000,0.00000000,0.00000000,0.03846154,0.00000000,0.00000000,0.00000000,0.00000000,0.00000000,0.00000000,0.03846154,0.07692308,0.00000000,0.07692308,0.03846154,0.00000000,0.00000000,0.00000000,0.00000000,0.00000000,0.00000000,0.07692308,0.03846154,0.00000000,0.00000000,0.00000000,0.00000000,0.00000000,0.00000000,0.07692308,0.07692308,0.00000000,0.07692308,0.07692308,0.03846154,0.07692308,0.07692308,0.00000000,0.00000000,0.00000000,0.00000000,0.00000000,0.00000000,0.00000000,0.03846154,0.03846154,0.03846154,0.00000000,0.00000000
abr26	0.01694915,0.01694915,0.00000000,0.00000000,0.00000000,0.00000000,0.00000000,0.00000000,0.06779661,0.03389831,0.05084746,0.03389831,0.02542373,0.00847458,0.00000000,0.00000000,0.05084746,0.02542373,0.02542373,0.01694915,0.00847458,0.02542373,0.00847458,0.01694915,0.00000000,0.01694915,0.06779661,0.03389831,0.01694915,0.07627119,0.05932203,0.04237288,0.00847458,0.00000000,0.00000000,0.07627119,0.02542373,0.05084746,0.02542373,0.02542373,0.00847458,0.01694915,0.00847458,0.00000000,0.00847458,0.00000000,0.00000000,0.00000000,0.00000000
mjs187	0.05714286,0.04285714,0.00000000,0.00000000,0.00000000,0.00000000,0.00000000,0.00000000,0.03571429,0.03571429,0.00714286,0.02857143,0.02142857,0.00714286,0.00714286,0.00714286,0.13571429,0.05714286,0.07142857,0.04285714,0.00000000,0.00714286,0.00000000,0.00000000,0.00000000,0.00000000,0.03571429,0.03571429,0.00000000,0.00714286,0.02857143,0.02142857,0.00714286,0.01428571,0.01428571,0.08571429,0.02142857,0.05714286,0.02142857,0.02857143,0.01428571,0.00714286,0.00714286,0.00000000,0.00000000,0.01428571,0.00000000,0.01428571,0.00000000
rjm105	0.00000000,0.00000000,0.00000000,0.00000000,0.00000000,0.00000000,0.00000000,0.00000000,0.12500000,0.12500000,0.00000000,0.12500000,0.12500000,0.00000000,0.00000000,0.00000000,0.00000000,0.00000000,0.00000000,0.00000000,0.00000000,0.00000000,0.00000000,0.00000000,0.00000000,0.00000000,0.12500000,0.12500000,0.00000000,0.00000000,0.12500000,0.12500000,0.00000000,0.00000000,0.00000000,0.00000000,0.00000000,0.00000000,0.00000000,0.00000000,0.00000000,0.00000000,0.00000000,0.00000000,0.00000000,0.00000000,0.00000000,0.00000000,0.00000000
vac24	0.06060606,0.06060606,0.00000000,0.00000000,0.00000000,0.00000000,0.00000000,0.00000000,0.00000000,0.00000000,0.00000000,0.12121212,0.06060606,0.03030303,0.03030303,0.00000000,0.12121212,0.06060606,0.06060606,0.06060606,0.00000000,0.00000000,0.00000000,0.00000000,0.00000000,0.00000000,0.00000000,0.00000000,0.00000000,0.00000000,0.12121212,0.06060606,0.03030303,0.03030303,0.00000000,0.03030303,0.03030303,0.00000000,0.00000000,0.00000000,0.00000000,0.00000000,0.00000000,0.00000000,0.03030303,0.00000000,0.00000000,0.00000000,0.00000000
avn10	0.02777778,0.01851852,0.04629630,0.08333333,0.00925926,0.06481481,0.04629630,0.00000000,0.00925926,0.00000000,0.00000000,0.00000000,0.00000000,0.00000000,0.00000000,0.00000000,0.04629630,0.02777778,0.01851852,0.01851852,0.05555556,0.12962963,0.03703704,0.08333333,0.04629630,0.00925926,0.00925926,0.00000000,0.00925926,0.00000000,0.00000000,0.00000000,0.00000000,0.00000000,0.00000000,0.10185185,0.05555556,0.01851852,0.00925926,0.00925926,0.00925926,0.00000000,0.00000000,0.00000000,0.00000000,0.00000000,0.00000000,0.00000000,0.00000000
jam267	0.00000000,0.00000000,0.00000000,0.00000000,0.00000000,0.00000000,0.00000000,0.00000000,0.00000000,0.00000000,0.11111111,0.05555556,0.00000000,0.00000000,0.05555556,0.00000000,0.00000000,0.00000000,0.00000000,0.00000000,0.00000000,0.05555556,0.05555556,0.00000000,0.00000000,0.00000000,0.05555556,0.00000000,0.05555556,0.11111111,0.11111111,0.00000000,0.00000000,0.11111111,0.00000000,0.00000000,0.00000000,0.00000000,0.00000000,0.00000000,0.00000000,0.00000000,0.00000000,0.00000000,0.00000000,0.05555556,0.05555556,0.00000000,0.11111111
ang92	0.00000000,0.00000000,0.00000000,0.06060606,0.03030303,0.00000000,0.00000000,0.00000000,0.15151515,0.15151515,0.00000000,0.00000000,0.00000000,0.00000000,0.03030303,0.00000000,0.09090909,0.00000000,0.03030303,0.00000000,0.00000000,0.06060606,0.03030303,0.00000000,0.00000000,0.00000000,0.15151515,0.15151515,0.00000000,0.00000000,0.00000000,0.00000000,0.00000000,0.03030303,0.00000000,0.00000000,0.00000000,0.00000000,0.00000000,0.00000000,0.00000000,0.00000000,0.00000000,0.00000000,0.03030303,0.00000000,0.00000000,0.00000000,0.00000000
kmt51	0.01492537,0.00746269,0.00746269,0.00000000,0.00000000,0.00000000,0.00000000,0.00000000,0.02985075,0.02238806,0.01492537,0.05223881,0.00746269,0.04477612,0.02985075,0.00000000,0.04477612,0.01492537,0.01492537,0.01492537,0.01492537,0.00746269,0.00000000,0.00746269,0.00746269,0.00000000,0.03731343,0.02238806,0.00746269,0.01492537,0.06716418,0.01492537,0.05223881,0.02985075,0.01492537,0.14179104,0.06716418,0.05223881,0.03731343,0.00746269,0.00000000,0.00000000,0.00000000,0.00746269,0.00000000,0.02985075,0.00000000,0.02985075,0.00746269
sbb28	0.00316957,0.00316957,0.00950872,0.04278922,0.00475436,0.03169572,0.01743265,0.00950872,0.00950872,0.00000000,0.00792393,0.01267829,0.00000000,0.00950872,0.00633914,0.00000000,0.02377179,0.00950872,0.01426307,0.00633914,0.01743265,0.07131537,0.01267829,0.04437401,0.01901743,0.01743265,0.01901743,0.00000000,0.01267829,0.02060222,0.01901743,0.00000000,0.01426307,0.01109350,0.00158479,0.16323296,0.05229794,0.08874802,0.03169572,0.04595880,0.01901743,0.02060222,0.01426307,0.01426307,0.00792393,0.01901743,0.00158479,0.01584786,0.00316957
sab155	0.00467290,0.00000000,0.00000000,0.01869159,0.01869159,0.00000000,0.00000000,0.00000000,0.04205607,0.02336449,0.00934579,0.02803738,0.01401869,0.01401869,0.02803738,0.00000000,0.00467290,0.00467290,0.00000000,0.00000000,0.01869159,0.08411215,0.04672897,0.02803738,0.00934579,0.01401869,0.05607477,0.02336449,0.02803738,0.02803738,0.02803738,0.01401869,0.01401869,0.04672897,0.01401869,0.08878505,0.03738318,0.03271028,0.01401869,0.00934579,0.00467290,0.00000000,0.00000000,0.01869159,0.02803738,0.04205607,0.01401869,0.01401869,0.03271028
ksd19	0.00000000,0.00000000,0.00000000,0.00000000,0.00000000,0.00000000,0.00000000,0.00000000,0.05000000,0.05000000,0.05000000,0.15000000,0.15000000,0.00000000,0.00000000,0.00000000,0.00000000,0.00000000,0.00000000,0.00000000,0.00000000,0.00000000,0.00000000,0.00000000,0.00000000,0.00000000,0.05000000,0.05000000,0.00000000,0.05000000,0.20000000,0.20000000,0.00000000,0.00000000,0.00000000,0.00000000,0.00000000,0.00000000,0.00000000,0.00000000,0.00000000,0.00000000,0.00000000,0.00000000,0.00000000,0.00000000,0.00000000,0.00000000,0.00000000
rsb45	0.02941176,0.01470588,0.00000000,0.00000000,0.00000000,0.00000000,0.00000000,0.00000000,0.02941176,0.02941176,0.00000000,0.11764706,0.11764706,0.00000000,0.01470588,0.00000000,0.10294118,0.04411765,0.02941176,0.02941176,0.00000000,0.00000000,0.00000000,0.00000000,0.00000000,0.00000000,0.02941176,0.02941176,0.00000000,0.00000000,0.11764706,0.11764706,0.00000000,0.01470588,0.01470588,0.01470588,0.01470588,0.00000000,0.00000000,0.00000000,0.00000000,0.00000000,0.00000000,0.00000000,0.00000000,0.04411765,0.02941176,0.01470588,0.00000000
drr38	0.00000000,0.00000000,0.00000000,0.00000000,0.00000000,0.00000000,0.00000000,0.00000000,0.00000000,0.00000000,0.33333333,0.00000000,0.00000000,0.00000000,0.00000000,0.00000000,0.00000000,0.00000000,0.00000000,0.00000000,0.00000000,0.00000000,0.00000000,0.00000000,0.00000000,0.00000000,0.33333333,0.00000000,0.00000000,0.33333333,0.00000000,0.00000000,0.00000000,0.00000000,0.00000000,0.00000000,0.00000000,0.00000000,0.00000000,0.00000000,0.00000000,0.00000000,0.00000000,0.00000000,0.00000000,0.00000000,0.00000000,0.00000000,0.00000000
